1.64661
1.64452
1.6441
1.64575
1.65027
1.65833
1.66951
1.6817
1.69161
1.69605
1.69315
1.6832
1.66822
1.65062
1.63173
1.6113
1.5884
1.56274
1.53512
1.50724
1.48149
1.46105
1.44975
1.45086
1.4651
1.48947
1.51816
1.5451
1.56619
1.57996
1.5869
1.58842
1.5859
1.58047
1.5733
1.56604
1.5609
1.55997
1.56426
1.57277
1.58294
1.59184
1.59783
1.60114
1.60305
1.60418
1.60352
1.59938
1.59071
1.5779
1.56272
1.54797
1.53714
1.53336
1.53795
1.54963
1.56523
1.5813
1.59521
1.60529
1.61081
1.61201
1.61018
1.60728
1.60518
1.60526
1.60847
1.61529
1.6254
1.63761
1.64998
1.66018
1.66592
1.66509
1.65593
1.63738
1.60946
1.57405
1.53611
1.5047
1.49059
1.49969
1.52904
1.57087
1.61838
1.66684
1.71212
1.7503
1.77836
1.79467
1.79894
1.79179
1.7742
1.74694
1.71044
1.6652
1.6127
1.55679
1.50453
1.46535
