-5.07041
-5.06817
-5.06745
-5.06865
-5.07256
-5.08062
-5.09195
-5.10505
-5.11482
-5.1194
-5.11666
-5.10595
-5.09067
-5.07277
-5.05357
-5.03374
-5.0113
-4.98383
-4.95605
-4.92802
-4.90197
-4.88123
-4.86992
-4.87133
-4.88558
-4.90934
-4.93713
-4.96438
-4.98456
-4.99802
-5.00527
-5.00739
-5.00532
-5.00035
-4.99287
-4.98501
-4.98016
-4.97939
-4.98353
-4.99295
-5.00327
-5.01187
-5.01771
-5.02026
-5.02263
-5.0236
-5.0228
-5.01775
-5.00892
-4.99672
-4.98123
-4.96573
-4.95444
-4.95171
-4.95616
-4.96754
-4.98375
-4.99982
-5.01388
-5.02306
-5.02933
-5.02947
-5.02794
-5.02534
-5.02324
-5.02317
-5.02819
-5.03546
-5.04558
-5.0587
-5.07152
-5.08172
-5.08821
-5.08844
-5.07899
-5.06104
-5.03281
-4.9974
-4.96052
-4.92864
-4.91453
-4.92318
-4.95239
-4.99347
-5.04098
-5.08883
-5.13396
-5.17184
-5.1999
-5.21591
-5.21987
-5.21228
-5.19348
-5.16531
-5.12881
-5.08402
-5.03031
-4.97409
-4.92137
-4.88204
