-3.4238
-3.42365
-3.42335
-3.4229
-3.42229
-3.42229
-3.42244
-3.42335
-3.4232
-3.42336
-3.42351
-3.42275
-3.42245
-3.42214
-3.42184
-3.42245
-3.4229
-3.42109
-3.42093
-3.42078
-3.42048
-3.42017
-3.42017
-3.42047
-3.42047
-3.41987
-3.41897
-3.41927
-3.41837
-3.41807
-3.41837
-3.41897
-3.41942
-3.41988
-3.41957
-3.41897
-3.41927
-3.41942
-3.41927
-3.42018
-3.42033
-3.42003
-3.41988
-3.41912
-3.41957
-3.41942
-3.41927
-3.41837
-3.41822
-3.41882
-3.41852
-3.41776
-3.4173
-3.41836
-3.41821
-3.41791
-3.41852
-3.41852
-3.41867
-3.41776
-3.41852
-3.41746
-3.41776
-3.41806
-3.41806
-3.41791
-3.41972
-3.42017
-3.42017
-3.42108
-3.42154
-3.42154
-3.42229
-3.42335
-3.42305
-3.42366
-3.42335
-3.42335
-3.42441
-3.42395
-3.42394
-3.42349
-3.42335
-3.42259
-3.4226
-3.42199
-3.42184
-3.42154
-3.42154
-3.42124
-3.42094
-3.42048
-3.41927
-3.41837
-3.41837
-3.41882
-3.41761
-3.4173
-3.41684
-3.41669
