1.09774
1.09635
1.09606
1.09717
1.10018
1.10555
1.113
1.12113
1.12774
1.1307
1.12877
1.12214
1.11215
1.10042
1.08782
1.0742
1.05894
1.04183
1.02341
1.00482
0.987661
0.974036
0.966501
0.967239
0.976735
0.992979
1.01211
1.03007
1.04413
1.05331
1.05793
1.05895
1.05727
1.05365
1.04887
1.04403
1.0406
1.03998
1.04284
1.04852
1.05529
1.06123
1.06522
1.06743
1.0687
1.06945
1.06902
1.06625
1.06047
1.05193
1.04181
1.03198
1.02476
1.02224
1.0253
1.03309
1.04349
1.0542
1.06347
1.0702
1.07387
1.07467
1.07345
1.07152
1.07012
1.07017
1.07232
1.07686
1.0836
1.09174
1.09999
1.10679
1.11061
1.11006
1.10396
1.09159
1.07297
1.04936
1.02407
1.00313
0.993724
0.999791
1.01936
1.04725
1.07892
1.11122
1.14141
1.16686
1.18557
1.19644
1.19929
1.19453
1.1828
1.16463
1.1403
1.11013
1.07513
1.03786
1.00302
0.976902
