-3.2313
-3.23221
-3.23222
-3.23207
-3.23253
-3.23238
-3.23238
-3.23117
-3.23117
-3.23071
-3.23071
-3.2301
-3.23056
-3.23237
-3.23283
-3.23268
-3.23298
-3.23267
-3.23282
-3.23312
-3.23312
-3.23374
-3.23313
-3.23434
-3.2354
-3.236
-3.23479
-3.23555
-3.23675
-3.2372
-3.23766
-3.23781
-3.23781
-3.2372
-3.2372
-3.23841
-3.23796
-3.23706
-3.23751
-3.23751
-3.23706
-3.23645
-3.23751
-3.23705
-3.23796
-3.23856
-3.23675
-3.2369
-3.2372
-3.2369
-3.2372
-3.23765
-3.2372
-3.2372
-3.23736
-3.23736
-3.23841
-3.23811
-3.23841
-3.23872
-3.23902
-3.23962
-3.23872
-3.23917
-3.23917
-3.23977
-3.23932
-3.24083
-3.24038
-3.24053
-3.24038
-3.24129
-3.24144
-3.24144
-3.24159
-3.24129
-3.24204
-3.24325
-3.2431
-3.24325
-3.24325
-3.24219
-3.24234
-3.24249
-3.24264
-3.24234
-3.24219
-3.24114
-3.24069
-3.23978
-3.23857
-3.23766
-3.23736
-3.23661
-3.23691
-3.23646
-3.23676
-3.23736
-3.23811
-3.2372
