-4.86257
-4.86589
-4.88687
-4.91621
-4.94328
-4.95824
-4.95762
-4.94003
-4.91136
-4.87621
-4.84318
-4.81772
-4.80399
-4.80007
-4.79827
-4.79441
-4.7873
-4.77858
-4.77716
-4.79131
-4.82241
-4.8644
-4.90547
-4.94174
-4.96898
-4.98761
-4.99808
-5.00583
-5.01066
-5.0128
-5.01499
-5.01947
-5.02864
-5.04273
-5.06146
-5.08249
-5.09983
-5.11235
-5.12064
-5.12248
-5.11795
-5.10768
-5.094
-5.07449
-5.05298
-5.02901
-5.00188
-4.97783
-4.95733
-4.94211
-4.93532
-4.93685
-4.94403
-4.95522
-4.96692
-4.97656
-4.98444
-4.98843
-4.99135
-4.99345
-4.99518
-4.99691
-4.99658
-4.9968
-4.99579
-4.99501
-4.99352
-4.99498
-4.99563
-4.99771
-4.99936
-5.00052
-4.99776
-4.99037
-4.97834
-4.96229
-4.94624
-4.93238
-4.92062
-4.9129
-4.9083
-4.90597
-4.90929
-4.91851
-4.93436
-4.9555
-4.98004
-5.00364
-5.02471
-5.04004
-5.04906
-5.0529
-5.05244
-5.04618
-5.03413
-5.01319
-4.98504
-4.95107
-4.91436
-4.87707
