1.63127
1.63368
1.65465
1.68414
1.71075
1.72586
1.72524
1.70886
1.68019
1.6455
1.61248
1.58762
1.57343
1.5677
1.56544
1.56173
1.55432
1.54591
1.54434
1.55819
1.58929
1.63067
1.67233
1.7074
1.73358
1.7516
1.76329
1.77029
1.77391
1.77559
1.77733
1.78166
1.79083
1.80552
1.82425
1.84408
1.86187
1.8753
1.88314
1.88497
1.8809
1.87123
1.8565
1.83744
1.81502
1.79044
1.76513
1.74093
1.72013
1.70522
1.69812
1.69919
1.70683
1.71802
1.72957
1.7392
1.74602
1.75032
1.75294
1.75473
1.75616
1.75729
1.75786
1.75763
1.75662
1.75524
1.7542
1.75415
1.75526
1.75718
1.75898
1.75924
1.75632
1.74894
1.73675
1.721
1.7042
1.68913
1.67752
1.66965
1.66505
1.66378
1.66695
1.67602
1.69172
1.71315
1.73785
1.7625
1.78402
1.80026
1.81049
1.81524
1.81508
1.80957
1.79722
1.77673
1.74828
1.71371
1.67625
1.63986
