1.08751
1.08912
1.1031
1.12276
1.1405
1.15057
1.15016
1.13924
1.12013
1.097
1.07499
1.05842
1.04896
1.04513
1.04363
1.04116
1.03621
1.03061
1.02956
1.0388
1.05953
1.08711
1.11489
1.13826
1.15572
1.16774
1.17553
1.18019
1.1826
1.18373
1.18489
1.18777
1.19389
1.20368
1.21617
1.22939
1.24125
1.2502
1.25542
1.25665
1.25393
1.24749
1.23766
1.22496
1.21002
1.19363
1.17675
1.16062
1.14675
1.13681
1.13208
1.13279
1.13788
1.14535
1.15305
1.15947
1.16401
1.16688
1.16862
1.16982
1.17077
1.17153
1.17191
1.17175
1.17108
1.17016
1.16947
1.16943
1.17017
1.17146
1.17265
1.17282
1.17088
1.16596
1.15784
1.14733
1.13613
1.12609
1.11835
1.1131
1.11003
1.10919
1.1113
1.11735
1.12781
1.1421
1.15856
1.175
1.18935
1.20017
1.20699
1.21016
1.21005
1.20638
1.19815
1.18449
1.16552
1.14248
1.1175
1.09324
