-3.22644
-3.22599
-3.22735
-3.2272
-3.2266
-3.22675
-3.226
-3.226
-3.22615
-3.22554
-3.22509
-3.22539
-3.22554
-3.22584
-3.22569
-3.22584
-3.22599
-3.22554
-3.22479
-3.22539
-3.22509
-3.2257
-3.22464
-3.2254
-3.2257
-3.22463
-3.22463
-3.22417
-3.22478
-3.22433
-3.22555
-3.22541
-3.22541
-3.2251
-3.226
-3.22675
-3.22675
-3.2266
-3.22751
-3.22736
-3.22736
-3.2263
-3.22736
-3.22751
-3.22676
-3.22781
-3.22872
-3.22902
-3.22902
-3.22902
-3.22977
-3.22947
-3.22887
-3.22902
-3.22856
-3.22721
-3.22721
-3.22525
-3.22479
-3.2248
-3.226
-3.22676
-3.22449
-3.22434
-3.22434
-3.22464
-3.22418
-3.22524
-3.22554
-3.22539
-3.2254
-3.22359
-3.22359
-3.22374
-3.22358
-3.22343
-3.22388
-3.22374
-3.22495
-3.2248
-3.22375
-3.22359
-3.22359
-3.22404
-3.22343
-3.22238
-3.22343
-3.22419
-3.22434
-3.22389
-3.22313
-3.22328
-3.22313
-3.22343
-3.22283
-3.22237
-3.22267
-3.22162
-3.22132
-3.22057
