1.62043
1.59831
1.58772
1.58869
1.59904
1.61561
1.63561
1.65715
1.67874
1.69887
1.7163
1.73046
1.74159
1.75056
1.75855
1.7667
1.77562
1.78502
1.79335
1.79828
1.79712
1.78775
1.76896
1.74104
1.70615
1.66891
1.63664
1.61798
1.61935
1.63993
1.66998
1.69591
1.70836
1.70674
1.69805
1.69161
1.69352
1.70496
1.72386
1.74713
1.77178
1.79525
1.81543
1.83092
1.84106
1.84615
1.8474
1.84668
1.84577
1.84599
1.84827
1.85365
1.86335
1.87814
1.89767
1.92016
1.94275
1.96227
1.97583
1.98134
1.97765
1.96446
1.94226
1.91239
1.87722
1.84009
1.80473
1.77418
1.74978
1.73116
1.71669
1.70431
1.69243
1.68109
1.67312
1.67366
1.68682
1.71141
1.7405
1.7656
1.78085
1.7843
1.77716
1.76253
1.74424
1.72578
1.70935
1.69554
1.68404
1.67479
1.66848
1.66612
1.66841
1.67583
1.68929
1.71044
1.7407
1.77927
1.82191
1.86209
