-4.84688
-4.8243
-4.81507
-4.81589
-4.82564
-4.84236
-4.8616
-4.88315
-4.90488
-4.92441
-4.94139
-4.95585
-4.96713
-4.9764
-4.98424
-4.99254
-5.00161
-5.01056
-5.01814
-5.02367
-5.02222
-5.01344
-4.99361
-4.96644
-4.93184
-4.89354
-4.86126
-4.84215
-4.84413
-4.86426
-4.89553
-4.92132
-4.93376
-4.93184
-4.92405
-4.91835
-4.92027
-4.93156
-4.95136
-4.97449
-4.99914
-5.02155
-5.04279
-5.05843
-5.06782
-5.07396
-5.07612
-5.0757
-5.07479
-5.07501
-5.07804
-5.08312
-5.09222
-5.10716
-5.12624
-5.14736
-5.16996
-5.18751
-5.20062
-5.20613
-5.20365
-5.19122
-5.16675
-5.13674
-5.10156
-5.06473
-5.02891
-4.99942
-4.97532
-4.95655
-4.94208
-4.9279
-4.91601
-4.90482
-4.8967
-4.89709
-4.9107
-4.93514
-4.96545
-4.9904
-5.00459
-5.00789
-5.00075
-4.98657
-4.96767
-4.94815
-4.93278
-4.91973
-4.90838
-4.89868
-4.89161
-4.8894
-4.89153
-4.89926
-4.91212
-4.93282
-4.96337
-5.00089
-5.04323
-5.08266
