1.08029
1.06554
1.05848
1.05913
1.06603
1.07707
1.0904
1.10477
1.11916
1.13258
1.1442
1.15364
1.16106
1.16704
1.17237
1.1778
1.18375
1.19001
1.19557
1.19885
1.19808
1.19183
1.17931
1.1607
1.13743
1.1126
1.09109
1.07865
1.07957
1.09329
1.11332
1.13061
1.1389
1.13783
1.13204
1.12774
1.12901
1.13664
1.14924
1.16476
1.18119
1.19683
1.21029
1.22061
1.22738
1.23077
1.2316
1.23112
1.23052
1.23066
1.23218
1.23577
1.24224
1.25209
1.26512
1.28011
1.29517
1.30818
1.31722
1.32089
1.31843
1.30964
1.29484
1.27493
1.25148
1.22672
1.20315
1.18279
1.16652
1.1541
1.14446
1.13621
1.12828
1.12072
1.11541
1.11578
1.12455
1.14094
1.16033
1.17707
1.18723
1.18953
1.18477
1.17502
1.16283
1.15052
1.13956
1.13036
1.1227
1.11653
1.11232
1.11075
1.11227
1.11722
1.1262
1.1403
1.16047
1.18618
1.2146
1.24139
