-5.11382
-5.13633
-5.14812
-5.15157
-5.14836
-5.14061
-5.13195
-5.12614
-5.12152
-5.12002
-5.12006
-5.12108
-5.12268
-5.12758
-5.13279
-5.13597
-5.13857
-5.13822
-5.13451
-5.12606
-5.11487
-5.09929
-5.07978
-5.05469
-5.02609
-4.9957
-4.96847
-4.94501
-4.92844
-4.92078
-4.92118
-4.92949
-4.94607
-4.96689
-4.99297
-5.02187
-5.05078
-5.08031
-5.1064
-5.12715
-5.14162
-5.14957
-5.15006
-5.14396
-5.13123
-5.11189
-5.08828
-5.06108
-5.03471
-5.01005
-4.98938
-4.9752
-4.96665
-4.96535
-4.96995
-4.97786
-4.9897
-5.00341
-5.01814
-5.03323
-5.0474
-5.05949
-5.07028
-5.08003
-5.09109
-5.10172
-5.1135
-5.12551
-5.13437
-5.1375
-5.13261
-5.11928
-5.09568
-5.06588
-5.03481
-5.0065
-4.98322
-4.96773
-4.95942
-4.95684
-4.95309
-4.94859
-4.9443
-4.93925
-4.93523
-4.93647
-4.94113
-4.94804
-4.9612
-4.9778
-4.99658
-5.01444
-5.03146
-5.04544
-5.05612
-5.06891
-5.08144
-5.09456
-5.10955
-5.12671
