1.67934
1.7017
1.71409
1.7174
1.71389
1.70659
1.69839
1.69137
1.6866
1.68434
1.68438
1.6863
1.68957
1.69356
1.69756
1.70075
1.70228
1.70148
1.69777
1.69068
1.67964
1.66406
1.64364
1.61871
1.59041
1.56078
1.53249
1.50842
1.4911
1.48224
1.48233
1.49079
1.50632
1.52744
1.55275
1.5809
1.61026
1.63889
1.66467
1.68573
1.70065
1.70859
1.70923
1.70269
1.68951
1.67062
1.64731
1.62132
1.5948
1.57014
1.54962
1.53499
1.52704
1.52559
1.52974
1.53825
1.54994
1.5638
1.57883
1.59392
1.60794
1.62018
1.63082
1.64072
1.65102
1.66241
1.67464
1.68635
1.69521
1.69864
1.69436
1.68103
1.65879
1.62975
1.59792
1.56841
1.54543
1.53054
1.52253
1.5186
1.5159
1.51261
1.50832
1.50388
1.50076
1.50049
1.50425
1.51267
1.52567
1.54228
1.56075
1.57906
1.59563
1.60992
1.62241
1.6343
1.64682
1.66085
1.6766
1.69361
