-3.43448
-3.43463
-3.43403
-3.43417
-3.43448
-3.43402
-3.43357
-3.43477
-3.43492
-3.43568
-3.43568
-3.43477
-3.43311
-3.43402
-3.43523
-3.43523
-3.43629
-3.43674
-3.43674
-3.43538
-3.43523
-3.43523
-3.43614
-3.43598
-3.43568
-3.43492
-3.43598
-3.43658
-3.43734
-3.43855
-3.43885
-3.4387
-3.43976
-3.43946
-3.44021
-3.44097
-3.44052
-3.44142
-3.44173
-3.44143
-3.44097
-3.44097
-3.44082
-3.44128
-3.44173
-3.44127
-3.44097
-3.43976
-3.43991
-3.43991
-3.43976
-3.44021
-3.43961
-3.43976
-3.44021
-3.43961
-3.43976
-3.43961
-3.43931
-3.43931
-3.43946
-3.43931
-3.43946
-3.43931
-3.44006
-3.43931
-3.43885
-3.43916
-3.43916
-3.43886
-3.43825
-3.43825
-3.43689
-3.43613
-3.43689
-3.43809
-3.43779
-3.43718
-3.43688
-3.43825
-3.43719
-3.43598
-3.43598
-3.43537
-3.43447
-3.43598
-3.43688
-3.43537
-3.43552
-3.43553
-3.43583
-3.43538
-3.43583
-3.43553
-3.43371
-3.43462
-3.43462
-3.43371
-3.43296
-3.43311
