1.11956
1.13447
1.14273
1.14493
1.14259
1.13773
1.13226
1.12758
1.1244
1.12289
1.12292
1.1242
1.12638
1.12904
1.13171
1.13383
1.13486
1.13432
1.13185
1.12712
1.11976
1.10937
1.09576
1.07914
1.06027
1.04052
1.02166
1.00562
0.99407
0.988158
0.98822
0.993859
1.00421
1.01829
1.03517
1.05393
1.07351
1.09259
1.10978
1.12382
1.13377
1.13906
1.13949
1.13512
1.12634
1.11374
1.09821
1.08088
1.0632
1.04676
1.03308
1.02333
1.01803
1.01706
1.01983
1.0255
1.03329
1.04253
1.05255
1.06261
1.07196
1.08012
1.08721
1.09381
1.10068
1.10827
1.11643
1.12423
1.13014
1.13243
1.12957
1.12069
1.10586
1.0865
1.06528
1.0456
1.03029
1.02036
1.01502
1.0124
1.0106
1.00841
1.00555
1.00258
1.00051
1.00033
1.00283
1.00845
1.01712
1.02818
1.0405
1.05271
1.06375
1.07328
1.08161
1.08953
1.09788
1.10723
1.11773
1.12907
