1.66638
1.68311
1.698
1.70993
1.7181
1.72212
1.72184
1.71745
1.70933
1.69793
1.68361
1.66666
1.64738
1.6264
1.60483
1.58425
1.56647
1.55307
1.54499
1.54239
1.5447
1.5507
1.55864
1.5664
1.57192
1.5736
1.57063
1.56305
1.55154
1.53701
1.52036
1.50233
1.48377
1.46574
1.4496
1.43693
1.42933
1.42822
1.43465
1.44909
1.471
1.49843
1.52816
1.55655
1.58037
1.59725
1.6056
1.60455
1.59423
1.57631
1.55411
1.53197
1.51428
1.5047
1.5056
1.51773
1.54004
1.56976
1.60287
1.63477
1.661
1.67772
1.68229
1.67368
1.65339
1.62599
1.59873
1.57923
1.57221
1.57803
1.59386
1.61604
1.64163
1.66869
1.69583
1.72181
1.74516
1.76419
1.7773
1.78326
1.78156
1.77251
1.75714
1.73713
1.71443
1.69076
1.6672
1.64403
1.62088
1.59734
1.57348
1.55
1.52815
1.50911
1.49339
1.4803
1.468
1.45422
1.43742
1.41784
