-3.47761
-3.47898
-3.47913
-3.47913
-3.47958
-3.48003
-3.48019
-3.47958
-3.47958
-3.48034
-3.47943
-3.48034
-3.47913
-3.47958
-3.47913
-3.47943
-3.48003
-3.48094
-3.48215
-3.48199
-3.48139
-3.4823
-3.48381
-3.48411
-3.48427
-3.48442
-3.48321
-3.48245
-3.48155
-3.48185
-3.48154
-3.48154
-3.48184
-3.48199
-3.48184
-3.48335
-3.4829
-3.48305
-3.4829
-3.48214
-3.48305
-3.4835
-3.48245
-3.4829
-3.48381
-3.48336
-3.48291
-3.4823
-3.4826
-3.4826
-3.4826
-3.48214
-3.48305
-3.48244
-3.48305
-3.48274
-3.4832
-3.48426
-3.48426
-3.4832
-3.48291
-3.48306
-3.48261
-3.48276
-3.4823
-3.48154
-3.48078
-3.48123
-3.48123
-3.48108
-3.48093
-3.48093
-3.48139
-3.48214
-3.48214
-3.4826
-3.4829
-3.48321
-3.48396
-3.48275
-3.48336
-3.4823
-3.48184
-3.48124
-3.48139
-3.48199
-3.48169
-3.48169
-3.48184
-3.4829
-3.48335
-3.48335
-3.48365
-3.4835
-3.48335
-3.4835
-3.48275
-3.48305
-3.48396
-3.48426
