-5.144
-5.16209
-5.17713
-5.18906
-5.19768
-5.20215
-5.20203
-5.19703
-5.18892
-5.17826
-5.16304
-5.147
-5.12651
-5.10598
-5.08396
-5.06368
-5.0465
-5.03401
-5.02714
-5.02439
-5.02609
-5.033
-5.04245
-5.05051
-5.05619
-5.05802
-5.05384
-5.0455
-5.03309
-5.01886
-5.0019
-4.98387
-4.96561
-4.94773
-4.93144
-4.92028
-4.91223
-4.91127
-4.91755
-4.93123
-4.95405
-4.98193
-5.01061
-5.03945
-5.06418
-5.08061
-5.08851
-5.08685
-5.07683
-5.05892
-5.03671
-5.01411
-4.99733
-4.98714
-4.98865
-5.00048
-5.02324
-5.05402
-5.08713
-5.11798
-5.14391
-5.16078
-5.16489
-5.15644
-5.13568
-5.10753
-5.07951
-5.06046
-5.05344
-5.05912
-5.07479
-5.09697
-5.12302
-5.15083
-5.17797
-5.20441
-5.22806
-5.2474
-5.26126
-5.26601
-5.26492
-5.2548
-5.23898
-5.21837
-5.19582
-5.17275
-5.14889
-5.12572
-5.10272
-5.08024
-5.05683
-5.03336
-5.0118
-4.99261
-4.97674
-4.9638
-4.95074
-4.93727
-4.92138
-4.9021
