1.11092
1.12208
1.132
1.13995
1.1454
1.14808
1.14789
1.14497
1.13956
1.13195
1.12241
1.11111
1.09825
1.08426
1.06989
1.05617
1.04432
1.03538
1.02999
1.02826
1.0298
1.0338
1.03909
1.04426
1.04795
1.04907
1.04709
1.04203
1.03436
1.02468
1.01357
1.00155
0.989178
0.977157
0.966402
0.957955
0.952887
0.952147
0.956435
0.96606
0.980665
0.998951
1.01877
1.0377
1.05358
1.06484
1.0704
1.0697
1.06282
1.05088
1.03607
1.02131
1.00952
1.00313
1.00373
1.01182
1.02669
1.04651
1.06858
1.08985
1.10733
1.11848
1.12152
1.11579
1.10226
1.08399
1.06582
1.05282
1.04814
1.05202
1.06257
1.07736
1.09442
1.11246
1.13055
1.14788
1.16344
1.17613
1.18487
1.18884
1.18771
1.18167
1.17143
1.15809
1.14295
1.12717
1.11147
1.09602
1.08059
1.06489
1.04898
1.03334
1.01876
1.00607
0.995591
0.986865
0.978663
0.969479
0.958282
0.945228
