-4.87876
-4.85375
-4.83176
-4.81593
-4.80647
-4.80837
-4.82161
-4.84527
-4.87569
-4.91117
-4.9455
-4.97237
-4.99272
-5.00171
-5.00112
-4.99032
-4.97248
-4.94964
-4.92689
-4.9069
-4.89211
-4.88289
-4.88086
-4.88223
-4.88768
-4.89346
-4.89751
-4.89843
-4.8949
-4.88721
-4.87485
-4.86021
-4.84802
-4.84281
-4.84793
-4.86468
-4.89302
-4.92967
-4.97056
-5.00901
-5.04208
-5.06536
-5.07665
-5.07628
-5.06374
-5.04491
-5.02199
-5.00146
-4.9868
-4.97534
-4.96826
-4.96816
-4.97163
-4.98176
-4.99375
-5.00617
-5.01582
-5.01997
-5.01592
-5.00668
-4.99187
-4.97672
-4.9665
-4.96445
-4.97453
-4.99017
-5.00905
-5.0285
-5.04685
-5.06407
-5.07909
-5.09165
-5.10071
-5.10293
-5.09607
-5.08103
-5.05869
-5.03148
-5.00712
-4.99027
-4.98689
-4.99487
-5.01094
-5.02848
-5.04247
-5.04924
-5.04913
-5.04084
-5.02651
-5.00424
-4.97627
-4.94241
-4.90689
-4.87852
-4.86493
-4.8754
-4.90882
-4.9554
-5.00478
-5.04751
