1.62756
1.60286
1.58056
1.56368
1.55483
1.55627
1.56921
1.59287
1.62435
1.65937
1.69324
1.72177
1.74182
1.75157
1.75067
1.74018
1.72234
1.70026
1.67751
1.65752
1.64288
1.63472
1.63254
1.63466
1.63905
1.64393
1.64782
1.64919
1.64642
1.63843
1.62577
1.61113
1.59879
1.59328
1.5981
1.61485
1.64289
1.67939
1.71982
1.75902
1.79224
1.81582
1.82756
1.82689
1.81511
1.79553
1.77292
1.75193
1.73546
1.7243
1.71828
1.71743
1.72195
1.73132
1.74377
1.75648
1.76629
1.77059
1.76789
1.7582
1.74355
1.72825
1.71788
1.71674
1.72546
1.74124
1.76028
1.77972
1.79823
1.81545
1.83107
1.84409
1.85268
1.8546
1.84804
1.8324
1.80901
1.78165
1.75639
1.73985
1.73616
1.74474
1.76081
1.7782
1.79189
1.79895
1.79839
1.7904
1.77547
1.7538
1.72553
1.69182
1.65646
1.62704
1.61361
1.62362
1.65613
1.70225
1.75102
1.79389
