-3.2512
-3.25089
-3.25119
-3.25225
-3.25164
-3.25209
-3.2524
-3.2524
-3.25134
-3.2518
-3.25225
-3.2506
-3.2509
-3.25014
-3.25045
-3.25014
-3.25014
-3.24938
-3.24938
-3.24938
-3.24923
-3.24817
-3.24832
-3.24757
-3.24863
-3.24954
-3.24969
-3.24924
-3.24848
-3.24878
-3.24908
-3.24908
-3.24923
-3.24953
-3.24983
-3.24983
-3.25013
-3.25029
-3.25074
-3.24999
-3.24984
-3.24954
-3.24909
-3.24939
-3.24863
-3.24938
-3.24908
-3.24953
-3.25134
-3.25104
-3.24998
-3.25074
-3.24968
-3.25044
-3.24998
-3.24968
-3.24953
-3.24938
-3.24803
-3.24848
-3.24832
-3.24847
-3.24862
-3.24771
-3.24907
-3.24892
-3.24877
-3.24878
-3.24862
-3.24862
-3.24802
-3.24757
-3.24802
-3.24833
-3.24802
-3.24863
-3.24968
-3.24983
-3.25073
-3.25043
-3.25073
-3.25013
-3.25013
-3.25028
-3.25059
-3.25029
-3.25074
-3.25044
-3.25104
-3.25044
-3.25074
-3.25059
-3.25043
-3.25148
-3.25133
-3.25178
-3.25269
-3.25315
-3.25376
-3.25361
