1.08504
1.06857
1.05371
1.04245
1.03655
1.03751
1.04614
1.06191
1.0829
1.10625
1.12883
1.14785
1.16122
1.16771
1.16711
1.16012
1.14823
1.13351
1.11834
1.10502
1.09525
1.08981
1.08836
1.08977
1.0927
1.09595
1.09855
1.09946
1.09761
1.09228
1.08384
1.07409
1.06586
1.06219
1.0654
1.07657
1.09526
1.11959
1.14654
1.17268
1.19483
1.21055
1.21837
1.21793
1.21007
1.19702
1.18194
1.16795
1.15697
1.14953
1.14552
1.14495
1.14797
1.15421
1.16251
1.17099
1.17752
1.18039
1.17859
1.17213
1.16237
1.15217
1.14526
1.14449
1.1503
1.16083
1.17352
1.18648
1.19882
1.2103
1.22071
1.22939
1.23512
1.2364
1.23203
1.2216
1.20601
1.18777
1.17093
1.1599
1.15744
1.16316
1.17388
1.18546
1.19459
1.1993
1.19893
1.1936
1.18365
1.1692
1.15035
1.12788
1.10431
1.08469
1.07574
1.08241
1.10408
1.13483
1.16734
1.19593
