-5.02979
-4.95593
-4.76174
-4.47695
-4.40168
-4.74623
-5.04358
-5.08727
-4.9771
-4.83481
-4.76884
-4.84394
-5.00157
-5.11689
-5.15619
-5.15968
-5.16441
-5.1643
-5.13961
-5.10396
-5.09623
-5.13338
-5.18531
-5.22398
-5.23964
-5.22764
-5.19093
-5.13587
-5.08111
-5.04956
-5.05543
-5.09506
-5.15023
-5.19833
-5.22748
-5.23051
-5.20889
-5.16906
-5.12526
-5.08794
-5.06553
-5.05344
-5.04672
-5.03922
-5.0286
-5.01947
-5.01555
-5.02334
-5.04255
-5.06934
-5.09806
-5.12045
-5.13327
-5.13876
-5.14176
-5.14498
-5.15023
-5.15309
-5.15138
-5.14004
-5.11394
-5.07532
-5.03759
-5.01423
-5.01126
-5.01975
-5.02407
-5.01647
-5.0002
-4.98759
-4.99023
-5.00931
-5.0387
-5.07061
-5.0976
-5.1198
-5.13554
-5.14417
-5.14559
-5.14073
-5.13117
-5.11988
-5.10853
-5.0958
-5.08142
-5.06846
-5.05686
-5.04979
-5.04785
-5.04613
-5.04457
-5.03816
-5.02744
-5.01241
-4.99424
-4.97713
-4.96116
-4.94657
-4.93225
-4.92013
