1.62802
1.55423
1.35971
1.07461
0.999234
1.34402
1.64071
1.6845
1.5744
1.43217
1.36625
1.44101
1.59841
1.71478
1.75457
1.75748
1.76116
1.76027
1.73605
1.70103
1.69451
1.73075
1.78251
1.82133
1.83593
1.82423
1.78767
1.73353
1.67894
1.64709
1.65311
1.69318
1.74849
1.79795
1.82724
1.83057
1.80911
1.77005
1.72565
1.68879
1.66608
1.65503
1.64846
1.64066
1.63034
1.62046
1.61655
1.62358
1.64263
1.66958
1.69708
1.71872
1.73184
1.73794
1.74094
1.74446
1.74941
1.75332
1.75145
1.73876
1.71235
1.6748
1.63677
1.61327
1.61059
1.61892
1.62263
1.61413
1.59772
1.58541
1.58805
1.60743
1.63697
1.66843
1.69662
1.71943
1.73592
1.7453
1.74718
1.74232
1.73291
1.72148
1.70937
1.69664
1.68317
1.66991
1.65876
1.65139
1.64794
1.64651
1.64405
1.63779
1.62662
1.61144
1.59447
1.57782
1.5623
1.54756
1.53339
1.52128
