-3.40177
-3.40169
-3.40203
-3.40234
-3.40244
-3.40222
-3.40287
-3.40277
-3.4027
-3.40264
-3.40259
-3.40293
-3.40316
-3.40211
-3.40162
-3.40219
-3.40326
-3.40403
-3.40357
-3.40293
-3.40171
-3.40263
-3.4028
-3.40266
-3.40371
-3.40341
-3.40326
-3.40234
-3.40217
-3.40247
-3.40232
-3.40188
-3.40174
-3.40039
-3.40024
-3.39993
-3.39978
-3.39901
-3.39961
-3.39915
-3.39946
-3.3984
-3.39826
-3.39856
-3.39826
-3.39901
-3.399
-3.39976
-3.39991
-3.39977
-3.40098
-3.40174
-3.40143
-3.40082
-3.40082
-3.40052
-3.40082
-3.39977
-3.39992
-3.40128
-3.40158
-3.40052
-3.40081
-3.40096
-3.40067
-3.40083
-3.40144
-3.40234
-3.40249
-3.40218
-3.40217
-3.40188
-3.40173
-3.40219
-3.40098
-3.40037
-3.39962
-3.39886
-3.39841
-3.39841
-3.39825
-3.39841
-3.39916
-3.39916
-3.39825
-3.39855
-3.3981
-3.3984
-3.39992
-3.39961
-3.40052
-3.40037
-3.40082
-3.40097
-3.39976
-3.39931
-3.39886
-3.39901
-3.39886
-3.39885
