1.08535
1.03616
0.906473
0.716409
0.666156
0.896011
1.09381
1.123
1.0496
0.954783
0.910835
0.960674
1.06561
1.14319
1.16971
1.17165
1.1741
1.17351
1.15737
1.13402
1.12968
1.15383
1.18834
1.21422
1.22395
1.21615
1.19178
1.15568
1.11929
1.09806
1.10207
1.12879
1.16566
1.19863
1.21816
1.22038
1.20607
1.18003
1.15043
1.12586
1.11072
1.10336
1.09897
1.09377
1.08689
1.08031
1.0777
1.08238
1.09509
1.11305
1.13139
1.14581
1.15456
1.15862
1.16063
1.16297
1.16627
1.16888
1.16764
1.15917
1.14157
1.11654
1.09118
1.07551
1.07373
1.07928
1.08176
1.07608
1.06514
1.05694
1.0587
1.07162
1.09131
1.11229
1.13108
1.14628
1.15728
1.16354
1.16479
1.16155
1.15528
1.14765
1.13958
1.13109
1.12211
1.11327
1.10584
1.10093
1.09862
1.09768
1.09603
1.09186
1.08441
1.07429
1.06298
1.05188
1.04154
1.03171
1.02226
1.01418
