1.64764
1.63548
1.59971
1.51955
1.39578
1.30375
1.31295
1.35754
1.36659
1.33225
1.25231
1.13223
1.1148
1.26257
1.38832
1.44163
1.46894
1.48521
1.47786
1.44224
1.38997
1.33707
1.28782
1.22967
1.15061
1.06695
1.0337
1.09676
1.21622
1.31962
1.38017
1.40168
1.39183
1.35587
1.29963
1.23467
1.18009
1.15441
1.16127
1.18694
1.21447
1.23584
1.2514
1.26333
1.27127
1.27227
1.26309
1.24349
1.21806
1.19413
1.17559
1.16023
1.14385
1.12488
1.10451
1.08442
1.06572
1.0496
1.03828
1.03425
1.03847
1.04932
1.06335
1.07685
1.08717
1.09335
1.09623
1.09807
1.10194
1.11064
1.12561
1.14618
1.16987
1.19373
1.21581
1.23533
1.25214
1.26609
1.27685
1.28407
1.28743
1.28674
1.28187
1.27281
1.25975
1.24306
1.22348
1.20204
1.18012
1.15931
1.14107
1.12649
1.11601
1.10934
1.10566
1.10393
1.10315
1.10272
1.1026
1.1032
