-6.2093
-6.19744
-6.16199
-6.08184
-5.95818
-5.86533
-5.87459
-5.91893
-5.92798
-5.89334
-5.81373
-5.69326
-5.67607
-5.82369
-5.94974
-6.0036
-6.03075
-6.04718
-6.04044
-6.00526
-5.95238
-5.89932
-5.85038
-5.7921
-5.71258
-5.62858
-5.59561
-5.65809
-5.77744
-5.88085
-5.94124
-5.96169
-5.95183
-5.91586
-5.85916
-5.7951
-5.74021
-5.71377
-5.72018
-5.74572
-5.77265
-5.79341
-5.80821
-5.81999
-5.82718
-5.82878
-5.81976
-5.8
-5.77442
-5.75018
-5.73149
-5.71659
-5.70006
-5.68078
-5.66041
-5.64063
-5.62147
-5.60535
-5.59478
-5.5897
-5.59346
-5.60355
-5.61729
-5.63079
-5.64156
-5.64744
-5.65107
-5.65321
-5.65663
-5.66472
-5.67954
-5.70102
-5.72502
-5.74888
-5.76975
-5.78882
-5.80623
-5.82048
-5.83169
-5.83967
-5.84349
-5.8431
-5.83973
-5.83022
-5.81746
-5.80048
-5.78134
-5.7596
-5.73663
-5.71672
-5.69893
-5.6842
-5.67357
-5.6675
-5.66428
-5.66285
-5.66267
-5.66225
-5.66197
-5.66228
