-4.56165
-4.56197
-4.56229
-4.5623
-4.5624
-4.56158
-4.56164
-4.56138
-4.56138
-4.56109
-4.56142
-4.56103
-4.56128
-4.56112
-4.56142
-4.56198
-4.56181
-4.56197
-4.56258
-4.56302
-4.5624
-4.56225
-4.56257
-4.56243
-4.56197
-4.56164
-4.5619
-4.56133
-4.56122
-4.56123
-4.56107
-4.56
-4.56
-4.56
-4.55954
-4.56043
-4.56012
-4.55936
-4.55892
-4.55878
-4.55818
-4.55757
-4.55681
-4.55666
-4.55591
-4.55651
-4.55666
-4.55651
-4.55635
-4.55605
-4.5559
-4.55636
-4.55621
-4.5559
-4.5559
-4.5562
-4.55575
-4.55575
-4.5565
-4.55544
-4.55499
-4.55424
-4.55394
-4.55394
-4.55439
-4.55409
-4.55484
-4.55515
-4.55469
-4.55408
-4.55393
-4.55484
-4.55515
-4.55515
-4.55394
-4.55349
-4.55409
-4.55439
-4.55485
-4.5556
-4.55605
-4.55636
-4.55787
-4.55741
-4.55772
-4.55741
-4.55787
-4.55756
-4.55651
-4.55741
-4.55786
-4.55771
-4.55756
-4.55817
-4.55862
-4.55892
-4.55953
-4.55953
-4.55938
-4.55907
