1.09843
1.09032
1.06647
1.01303
0.930518
0.869166
0.875302
0.905028
0.91106
0.888165
0.834874
0.754817
0.743199
0.841712
0.925546
0.961085
0.979292
0.990137
0.985242
0.961496
0.926648
0.891378
0.858545
0.819781
0.767075
0.711297
0.689135
0.731177
0.810814
0.879744
0.920116
0.934457
0.927889
0.903912
0.866419
0.823112
0.786726
0.769604
0.774179
0.791295
0.809648
0.823893
0.834267
0.842217
0.847516
0.848178
0.842061
0.82899
0.812043
0.796084
0.783728
0.773488
0.762565
0.749921
0.736339
0.722949
0.710481
0.699737
0.692184
0.689502
0.692311
0.699544
0.708899
0.717901
0.724779
0.728898
0.730818
0.732046
0.734627
0.740425
0.750404
0.764122
0.779916
0.795823
0.810539
0.823554
0.834763
0.844059
0.851232
0.856047
0.858288
0.857828
0.854578
0.848539
0.839831
0.828709
0.815651
0.801359
0.786747
0.77287
0.76071
0.750992
0.744006
0.739558
0.737109
0.735953
0.735431
0.735147
0.735065
0.735467
