1.64991
1.64688
1.64128
1.63339
1.62314
1.61029
1.59452
1.57595
1.55598
1.53746
1.52351
1.51512
1.5097
1.50245
1.48957
1.47113
1.45181
1.43793
1.4322
1.43138
1.4295
1.42272
1.41158
1.40039
1.39346
1.39126
1.39275
1.39989
1.41544
1.43824
1.46379
1.48749
1.5057
1.5152
1.51333
1.49894
1.47374
1.44241
1.4113
1.3862
1.37091
1.36757
1.37701
1.39827
1.42843
1.46329
1.49836
1.52968
1.55444
1.57123
1.5799
1.58111
1.57606
1.56636
1.55406
1.54191
1.53303
1.52958
1.53123
1.53483
1.53572
1.52958
1.51335
1.4858
1.4485
1.40723
1.37204
1.3526
1.35099
1.36025
1.37115
1.37844
1.38174
1.38321
1.38539
1.38985
1.39678
1.40506
1.41272
1.41725
1.41623
1.4079
1.39181
1.36913
1.34251
1.31558
1.29203
1.27487
1.26588
1.26521
1.27147
1.28201
1.29377
1.30401
1.31101
1.31451
1.31583
1.31772
1.32326
1.33392
