-5.6618
-5.65877
-5.65317
-5.64482
-5.63427
-5.62067
-5.60369
-5.58497
-5.56606
-5.54724
-5.53358
-5.52519
-5.51963
-5.51193
-5.4995
-5.48196
-5.46309
-5.45057
-5.445
-5.44569
-5.44336
-5.43598
-5.42529
-5.41304
-5.40672
-5.40421
-5.4057
-5.41254
-5.42793
-5.45028
-5.47599
-5.49923
-5.51669
-5.52589
-5.52402
-5.50978
-5.48488
-5.45369
-5.42123
-5.39627
-5.38204
-5.37885
-5.38738
-5.40819
-5.4379
-5.47277
-5.50768
-5.53931
-5.56588
-5.58177
-5.59119
-5.5921
-5.58675
-5.57795
-5.56565
-5.5538
-5.54477
-5.54071
-5.54297
-5.54717
-5.54867
-5.54253
-5.5257
-5.49831
-5.46191
-5.42078
-5.38619
-5.36811
-5.3665
-5.37698
-5.38863
-5.39592
-5.39892
-5.39902
-5.40121
-5.40582
-5.41289
-5.42148
-5.42974
-5.43413
-5.43311
-5.42418
-5.40718
-5.38359
-5.35758
-5.33004
-5.30664
-5.28963
-5.27988
-5.27997
-5.28638
-5.29693
-5.30838
-5.31953
-5.32668
-5.33139
-5.33301
-5.33475
-5.33999
-5.3511
