-4.01189
-4.01189
-4.01189
-4.01144
-4.01113
-4.01038
-4.00917
-4.00902
-4.01008
-4.00977
-4.01007
-4.01007
-4.00993
-4.00948
-4.00993
-4.01084
-4.01129
-4.01264
-4.0128
-4.01431
-4.01386
-4.01326
-4.01371
-4.01265
-4.01325
-4.01295
-4.01295
-4.01264
-4.01249
-4.01204
-4.0122
-4.01174
-4.01099
-4.01069
-4.01069
-4.01084
-4.01114
-4.01129
-4.00992
-4.01007
-4.01113
-4.01128
-4.01037
-4.00992
-4.00947
-4.00947
-4.00932
-4.00963
-4.01144
-4.01054
-4.01129
-4.01099
-4.01068
-4.01159
-4.01159
-4.01189
-4.01173
-4.01113
-4.01174
-4.01234
-4.01295
-4.01295
-4.01235
-4.0125
-4.01341
-4.01355
-4.01415
-4.01551
-4.01551
-4.01673
-4.01748
-4.01748
-4.01718
-4.01582
-4.01582
-4.01597
-4.01612
-4.01642
-4.01703
-4.01688
-4.01688
-4.01628
-4.01537
-4.01446
-4.01506
-4.01446
-4.01461
-4.01476
-4.014
-4.01476
-4.01491
-4.01491
-4.01461
-4.01552
-4.01567
-4.01688
-4.01718
-4.01703
-4.01672
-4.01718
