1.09994
1.09792
1.09419
1.08892
1.08209
1.07353
1.06301
1.05064
1.03732
1.02498
1.01567
1.01008
1.00647
1.00164
0.993045
0.98075
0.967872
0.958618
0.954802
0.954254
0.953001
0.94848
0.941053
0.933596
0.928976
0.927503
0.9285
0.933263
0.943627
0.958828
0.975862
0.991657
1.0038
1.01013
1.00888
0.999294
0.982492
0.961605
0.940867
0.924132
0.913938
0.911716
0.918004
0.932179
0.952287
0.97553
0.998907
1.01979
1.03629
1.04749
1.05327
1.05407
1.05071
1.04424
1.03604
1.02794
1.02202
1.01972
1.02082
1.02322
1.02381
1.01972
1.0089
0.990536
0.965666
0.938151
0.914693
0.901735
0.900661
0.906836
0.914098
0.91896
0.921158
0.922139
0.923594
0.926567
0.931184
0.936709
0.94181
0.944834
0.944154
0.938602
0.927875
0.912751
0.895009
0.877053
0.861354
0.849913
0.843917
0.843476
0.847646
0.854677
0.862511
0.869339
0.874007
0.876339
0.877219
0.878482
0.882175
0.88928
