1.66309
1.67201
1.67128
1.65735
1.62848
1.58481
1.52872
1.46518
1.40121
1.34401
1.29845
1.2662
1.24741
1.2428
1.25345
1.27883
1.31537
1.35743
1.39972
1.43879
1.47285
1.50091
1.52214
1.53585
1.54185
1.54103
1.53576
1.5298
1.52722
1.53065
1.53968
1.55095
1.56018
1.56425
1.56207
1.5541
1.54183
1.5275
1.514
1.5045
1.50155
1.50606
1.51679
1.53115
1.5466
1.56163
1.57583
1.5892
1.60168
1.61301
1.62276
1.63046
1.63572
1.63835
1.63839
1.63614
1.63198
1.62628
1.61934
1.61146
1.60303
1.59464
1.5871
1.58122
1.5773
1.57491
1.57294
1.57009
1.56551
1.55901
1.55072
1.54062
1.52852
1.51426
1.49783
1.47922
1.45835
1.43521
1.41029
1.38471
1.36017
1.33866
1.32224
1.31269
1.31103
1.31704
1.32937
1.34594
1.36462
1.38356
1.40131
1.41677
1.42913
1.4379
1.44293
1.44435
1.44259
1.43818
1.43172
1.4239
