-5.36509
-5.37311
-5.37283
-5.35922
-5.3311
-5.28803
-5.23285
-5.169
-5.10457
-5.04843
-5.00257
-4.97001
-4.95062
-4.94464
-4.95439
-4.97887
-5.0148
-5.05641
-5.0984
-5.13793
-5.17184
-5.2002
-5.22098
-5.23423
-5.23872
-5.23835
-5.23354
-5.22742
-5.22438
-5.22812
-5.2373
-5.24812
-5.2581
-5.26233
-5.2612
-5.25339
-5.24081
-5.22723
-5.21418
-5.20544
-5.20279
-5.20775
-5.21728
-5.23104
-5.24512
-5.26031
-5.27496
-5.28818
-5.30127
-5.31259
-5.32159
-5.32869
-5.33319
-5.33627
-5.33556
-5.33225
-5.32839
-5.32299
-5.31696
-5.30938
-5.30155
-5.29301
-5.28593
-5.2799
-5.27673
-5.27404
-5.27207
-5.26937
-5.26434
-5.25678
-5.24925
-5.2396
-5.22689
-5.21218
-5.19561
-5.17775
-5.15808
-5.13525
-5.11063
-5.0849
-5.05975
-5.03809
-5.02212
-5.01197
-5.00985
-5.01616
-5.02926
-5.04643
-5.06481
-5.0839
-5.10165
-5.11696
-5.12765
-5.13779
-5.14251
-5.14394
-5.14233
-5.13746
-5.13055
-5.12364
