-3.70201
-3.7011
-3.70156
-3.70186
-3.70262
-3.70322
-3.70413
-3.70382
-3.70336
-3.70442
-3.70411
-3.70381
-3.70321
-3.70185
-3.70094
-3.70004
-3.69943
-3.69898
-3.69868
-3.69914
-3.69899
-3.69929
-3.69884
-3.69838
-3.69687
-3.69732
-3.69777
-3.69762
-3.69716
-3.69747
-3.69762
-3.69717
-3.69793
-3.69808
-3.69914
-3.69929
-3.69898
-3.69973
-3.70019
-3.70094
-3.70124
-3.70169
-3.70049
-3.69989
-3.69853
-3.69868
-3.69913
-3.69898
-3.69959
-3.69959
-3.69883
-3.69823
-3.69747
-3.69792
-3.69717
-3.69611
-3.69641
-3.69671
-3.69762
-3.69792
-3.69853
-3.69837
-3.69883
-3.69868
-3.69943
-3.69913
-3.69913
-3.69928
-3.69883
-3.69777
-3.69853
-3.69898
-3.69838
-3.69792
-3.69777
-3.69853
-3.69974
-3.70004
-3.70034
-3.70019
-3.69958
-3.69943
-3.69988
-3.69928
-3.69882
-3.69913
-3.69988
-3.70049
-3.70019
-3.70034
-3.70034
-3.70019
-3.69853
-3.69989
-3.69959
-3.69959
-3.69974
-3.69928
-3.69883
-3.69974
