1.10872
1.11467
1.11418
1.1049
1.08565
1.05654
1.01915
0.976785
0.93414
0.89601
0.865636
0.844131
0.831607
0.828531
0.835631
0.852555
0.87691
0.904951
0.933146
0.959195
0.981903
1.00061
1.01476
1.0239
1.0279
1.02735
1.02384
1.01987
1.01815
1.02044
1.02645
1.03397
1.04012
1.04283
1.04138
1.03607
1.02789
1.01833
1.00933
1.003
1.00103
1.00404
1.01119
1.02077
1.03106
1.04109
1.05055
1.05946
1.06779
1.07534
1.08184
1.08697
1.09048
1.09223
1.09226
1.09076
1.08799
1.08419
1.07956
1.07431
1.06868
1.06309
1.05807
1.05415
1.05153
1.04994
1.04863
1.04672
1.04367
1.03934
1.03381
1.02708
1.01901
1.00951
0.998554
0.98615
0.972232
0.95681
0.94019
0.923139
0.906778
0.892437
0.881492
0.875128
0.874018
0.878024
0.886248
0.897296
0.909747
0.922372
0.934207
0.944514
0.95275
0.958601
0.961951
0.962903
0.961727
0.958784
0.954483
0.949268
