1.63995
1.62662
1.61166
1.5965
1.58266
1.5716
1.56486
1.56429
1.57175
1.58798
1.61124
1.63746
1.6619
1.68094
1.69281
1.69748
1.69626
1.69132
1.68494
1.67876
1.67328
1.66798
1.66173
1.65332
1.64178
1.62661
1.60752
1.58439
1.55741
1.52761
1.49753
1.47114
1.45256
1.44433
1.44665
1.4579
1.47529
1.49508
1.51334
1.52741
1.53709
1.54446
1.55266
1.56439
1.58075
1.60072
1.62143
1.63888
1.64923
1.65003
1.64163
1.6279
1.61529
1.60935
1.61127
1.61756
1.62294
1.62312
1.61598
1.60151
1.58127
1.55788
1.53469
1.51537
1.50336
1.50105
1.50907
1.52634
1.55052
1.57853
1.60686
1.63217
1.65193
1.66474
1.67009
1.668
1.65877
1.64315
1.6226
1.59931
1.57581
1.55444
1.53706
1.52495
1.51857
1.51711
1.51846
1.51985
1.51919
1.51602
1.51182
1.50937
1.51156
1.52012
1.53499
1.55436
1.5758
1.59756
1.61897
1.63952
