-5.11429
-5.10051
-5.08525
-5.06933
-5.05564
-5.04473
-5.03769
-5.03651
-5.04367
-5.05945
-5.08347
-5.10893
-5.13383
-5.15257
-5.16414
-5.16971
-5.16864
-5.16279
-5.15566
-5.14933
-5.14414
-5.13794
-5.13199
-5.12388
-5.11159
-5.09506
-5.07567
-5.05209
-5.02495
-4.99516
-4.96583
-4.93913
-4.92236
-4.91428
-4.9166
-4.9277
-4.9457
-4.96489
-4.9836
-4.99767
-5.0063
-5.01336
-5.02141
-5.03147
-5.04844
-5.06781
-5.08852
-5.10598
-5.11647
-5.11819
-5.11038
-5.0962
-5.08298
-5.07734
-5.07926
-5.08555
-5.09049
-5.09112
-5.08383
-5.0683
-5.04851
-5.02648
-5.00329
-4.98351
-4.9709
-4.96874
-4.97615
-4.99221
-5.01595
-5.0441
-5.07364
-5.09957
-5.11918
-5.13214
-5.13899
-5.13721
-5.12843
-5.11296
-5.09196
-5.06866
-5.04516
-5.02349
-5.00747
-4.99551
-4.98792
-4.98662
-4.98872
-4.99042
-4.9899
-4.98643
-4.98102
-4.97797
-4.9809
-4.98857
-5.00268
-5.0222
-5.04409
-5.066
-5.08742
-5.10796
