-3.47434
-3.47389
-3.47358
-3.47283
-3.47298
-3.47313
-3.47283
-3.47222
-3.47192
-3.47147
-3.47222
-3.47147
-3.47193
-3.47163
-3.47132
-3.47223
-3.47238
-3.47147
-3.47071
-3.47056
-3.47087
-3.46996
-3.47026
-3.47056
-3.46981
-3.46845
-3.46815
-3.46769
-3.46754
-3.46754
-3.46829
-3.46799
-3.4698
-3.46995
-3.46995
-3.4698
-3.47041
-3.46981
-3.47026
-3.47026
-3.4692
-3.4689
-3.46875
-3.46708
-3.46769
-3.46709
-3.46709
-3.46709
-3.46725
-3.46815
-3.46875
-3.4683
-3.46769
-3.46799
-3.46799
-3.468
-3.46755
-3.468
-3.46785
-3.46679
-3.46724
-3.4686
-3.4686
-3.46814
-3.46754
-3.46769
-3.46708
-3.46587
-3.46542
-3.46558
-3.46679
-3.46739
-3.46724
-3.46739
-3.4689
-3.46921
-3.46966
-3.46981
-3.46936
-3.46935
-3.46935
-3.46905
-3.47041
-3.47056
-3.46935
-3.4695
-3.47026
-3.47056
-3.47071
-3.47041
-3.4692
-3.46859
-3.46935
-3.46844
-3.46769
-3.46784
-3.46829
-3.46845
-3.46845
-3.46845
