1.0933
1.08442
1.07444
1.06433
1.05511
1.04773
1.04324
1.04286
1.04784
1.05865
1.07416
1.09164
1.10793
1.12063
1.12854
1.13166
1.13084
1.12755
1.1233
1.11918
1.11552
1.11199
1.10782
1.10221
1.09452
1.08441
1.07168
1.05626
1.03827
1.01841
0.998355
0.980758
0.968372
0.962888
0.964431
0.97193
0.983526
0.996719
1.00889
1.01827
1.02473
1.02964
1.03511
1.04293
1.05383
1.06715
1.08095
1.09259
1.09948
1.10002
1.09442
1.08527
1.07686
1.0729
1.07418
1.07837
1.08196
1.08208
1.07732
1.06767
1.05418
1.03859
1.02313
1.01024
1.00224
1.0007
1.00605
1.01756
1.03368
1.05235
1.07124
1.08812
1.10129
1.10983
1.11339
1.112
1.10585
1.09543
1.08173
1.06621
1.05054
1.03629
1.02471
1.01663
1.01238
1.01141
1.0123
1.01324
1.01279
1.01068
1.00788
1.00625
1.0077
1.01341
1.02333
1.03624
1.05053
1.06504
1.07932
1.09301
