1.66708
1.67985
1.68443
1.67911
1.66382
1.64016
1.61109
1.5804
1.55181
1.52817
1.51093
1.50051
1.49656
1.49807
1.50301
1.50852
1.5119
1.51153
1.5071
1.4993
1.48949
1.47958
1.47161
1.46706
1.46623
1.46824
1.47199
1.47686
1.48291
1.49037
1.49913
1.50846
1.51735
1.52507
1.53161
1.53775
1.54439
1.55175
1.55904
1.56492
1.56839
1.56939
1.56881
1.56788
1.56758
1.56855
1.57107
1.57535
1.58161
1.58987
1.59952
1.6091
1.6165
1.61991
1.61882
1.61401
1.60666
1.59761
1.58733
1.57662
1.56733
1.56208
1.56313
1.57129
1.58573
1.60443
1.62495
1.64519
1.66358
1.67883
1.68967
1.69482
1.6932
1.68441
1.66904
1.64891
1.62688
1.60623
1.58943
1.57732
1.56927
1.56397
1.56042
1.55795
1.55597
1.55415
1.55291
1.55361
1.55814
1.56822
1.58479
1.60769
1.6357
1.66665
1.69766
1.72559
1.74758
1.76167
1.76702
1.76389
