-5.1262
-5.13883
-5.14401
-5.13839
-5.12309
-5.09928
-5.07022
-5.03967
-5.01108
-4.98834
-4.97216
-4.96159
-4.95764
-4.95854
-4.96334
-4.9675
-4.97102
-4.9711
-4.96713
-4.95903
-4.94861
-4.93885
-4.93073
-4.92708
-4.92565
-4.92797
-4.93232
-4.9378
-4.94324
-4.94965
-4.9581
-4.96774
-4.97708
-4.98494
-4.99149
-4.99868
-5.00532
-5.01223
-5.01952
-5.0251
-5.02841
-5.02866
-5.02717
-5.02594
-5.02625
-5.02692
-5.02883
-5.03266
-5.03922
-5.04793
-5.05803
-5.06746
-5.07486
-5.07918
-5.07825
-5.07419
-5.0685
-5.06021
-5.04962
-5.03967
-5.03068
-5.02528
-5.02587
-5.03404
-5.04878
-5.06642
-5.08785
-5.10764
-5.12496
-5.14022
-5.15076
-5.1553
-5.15413
-5.14579
-5.13103
-5.10999
-5.08827
-5.06807
-5.05171
-5.04067
-5.03246
-5.02701
-5.02256
-5.01978
-5.01781
-5.01524
-5.01309
-5.01453
-5.01952
-5.02899
-5.04541
-5.06786
-5.09618
-5.12818
-5.15965
-5.18803
-5.20957
-5.22396
-5.2287
-5.22331
