-3.45912
-3.45897
-3.45958
-3.45928
-3.45928
-3.45912
-3.45912
-3.45927
-3.45927
-3.46017
-3.46123
-3.46108
-3.46108
-3.46048
-3.46033
-3.45897
-3.45912
-3.45958
-3.46003
-3.45973
-3.45912
-3.45927
-3.45912
-3.46003
-3.45942
-3.45973
-3.46033
-3.46094
-3.46033
-3.45927
-3.45897
-3.45927
-3.45973
-3.45988
-3.45988
-3.46093
-3.46093
-3.46048
-3.46048
-3.46018
-3.46003
-3.45927
-3.45836
-3.45806
-3.45866
-3.45836
-3.45776
-3.4573
-3.45761
-3.45806
-3.45851
-3.45836
-3.45837
-3.45927
-3.45942
-3.46018
-3.46184
-3.4626
-3.46229
-3.46305
-3.46335
-3.4632
-3.46274
-3.46274
-3.46305
-3.46199
-3.4629
-3.46245
-3.46139
-3.46139
-3.46109
-3.46048
-3.46094
-3.46139
-3.46199
-3.46108
-3.46138
-3.46183
-3.46229
-3.46335
-3.4632
-3.46305
-3.46214
-3.46184
-3.46184
-3.46108
-3.46017
-3.46093
-3.46138
-3.46077
-3.46062
-3.46017
-3.46048
-3.46153
-3.46199
-3.46244
-3.46199
-3.46229
-3.46169
-3.45942
