1.11139
1.1199
1.12295
1.11941
1.10921
1.09344
1.07406
1.0536
1.03454
1.01878
1.00729
1.00034
0.997704
0.998711
1.00201
1.00568
1.00793
1.00768
1.00473
0.999537
0.992993
0.986384
0.981071
0.978039
0.977486
0.978827
0.981324
0.984574
0.988608
0.993581
0.99942
1.00564
1.01157
1.01671
1.02107
1.02517
1.02959
1.0345
1.03936
1.04328
1.04559
1.04626
1.04587
1.04525
1.04506
1.0457
1.04738
1.05023
1.05441
1.05991
1.06634
1.07273
1.07767
1.07994
1.07922
1.07601
1.0711
1.06507
1.05822
1.05108
1.04488
1.04139
1.04209
1.04753
1.05715
1.06962
1.0833
1.09679
1.10905
1.11922
1.12645
1.12988
1.1288
1.12294
1.11269
1.09927
1.08459
1.07082
1.05962
1.05155
1.04618
1.04264
1.04028
1.03863
1.03731
1.0361
1.03527
1.03574
1.03876
1.04548
1.05653
1.07179
1.09047
1.1111
1.13177
1.15039
1.16505
1.17445
1.17801
1.17593
