1.64063
1.62613
1.60794
1.58684
1.56343
1.53865
1.51417
1.49265
1.4775
1.47178
1.47693
1.49226
1.51561
1.54433
1.5759
1.60785
1.63756
1.66242
1.68035
1.69029
1.69277
1.6898
1.68425
1.67892
1.67562
1.67493
1.67628
1.67832
1.67919
1.67677
1.6692
1.65551
1.63605
1.61277
1.58848
1.56586
1.54663
1.53171
1.52186
1.51791
1.52005
1.52691
1.53537
1.54173
1.54371
1.54189
1.53941
1.53958
1.54324
1.54818
1.55111
1.54998
1.54454
1.53549
1.52357
1.50934
1.49378
1.47887
1.46725
1.46098
1.46042
1.464
1.46898
1.47276
1.47391
1.47238
1.4692
1.46584
1.46352
1.46264
1.46274
1.46279
1.46165
1.45864
1.45422
1.45054
1.45134
1.46006
1.4772
1.49898
1.51914
1.53179
1.53362
1.52509
1.51087
1.49862
1.49543
1.50375
1.52024
1.53886
1.55448
1.56469
1.56986
1.5727
1.57692
1.58457
1.59404
1.60123
1.60233
1.59551
