-5.21374
-5.19879
-5.18106
-5.16055
-5.1373
-5.11177
-5.08653
-5.06546
-5.0497
-5.04413
-5.05034
-5.06582
-5.08872
-5.11729
-5.14947
-5.17991
-5.20946
-5.23524
-5.25331
-5.26341
-5.26513
-5.26291
-5.25752
-5.25324
-5.25024
-5.2491
-5.25045
-5.2531
-5.25427
-5.25155
-5.24414
-5.22999
-5.21053
-5.18634
-5.1625
-5.13988
-5.1205
-5.10542
-5.09558
-5.09147
-5.09256
-5.10078
-5.1094
-5.11576
-5.11864
-5.11636
-5.11328
-5.11269
-5.11469
-5.11948
-5.12318
-5.12204
-5.11599
-5.10724
-5.09578
-5.08064
-5.06508
-5.05093
-5.03945
-5.03439
-5.03444
-5.03923
-5.04421
-5.04663
-5.04883
-5.04806
-5.04548
-5.04303
-5.0398
-5.03817
-5.03752
-5.03847
-5.03657
-5.03342
-5.0293
-5.02516
-5.0249
-5.03317
-5.05016
-5.07225
-5.0915
-5.10385
-5.10598
-5.0982
-5.08383
-5.07203
-5.06899
-5.07716
-5.09321
-5.11213
-5.12806
-5.13842
-5.14479
-5.14717
-5.15124
-5.15753
-5.16731
-5.17449
-5.1753
-5.17014
