-3.57311
-3.57266
-3.57311
-3.57372
-3.57387
-3.57311
-3.57236
-3.57281
-3.5722
-3.57235
-3.57341
-3.57356
-3.57311
-3.57296
-3.57357
-3.57206
-3.57191
-3.57281
-3.57297
-3.57312
-3.57236
-3.57311
-3.57326
-3.57432
-3.57462
-3.57417
-3.57417
-3.57478
-3.57508
-3.57478
-3.57493
-3.57448
-3.57448
-3.57357
-3.57402
-3.57402
-3.57387
-3.57372
-3.57372
-3.57357
-3.57251
-3.57387
-3.57403
-3.57403
-3.57493
-3.57448
-3.57387
-3.57311
-3.57145
-3.5713
-3.57206
-3.57206
-3.57146
-3.57176
-3.57221
-3.5713
-3.5713
-3.57205
-3.5722
-3.57341
-3.57402
-3.57523
-3.57523
-3.57387
-3.57493
-3.57568
-3.57629
-3.57719
-3.57629
-3.57553
-3.57478
-3.57568
-3.57493
-3.57478
-3.57508
-3.57462
-3.57356
-3.57311
-3.57296
-3.57327
-3.57236
-3.57206
-3.57236
-3.57312
-3.57296
-3.57341
-3.57356
-3.57341
-3.57296
-3.57327
-3.57357
-3.57372
-3.57493
-3.57447
-3.57432
-3.57296
-3.57327
-3.57327
-3.57297
-3.57463
