1.09375
1.08409
1.07196
1.05789
1.04229
1.02577
1.00945
0.995099
0.985001
0.981187
0.98462
0.994841
1.0104
1.02955
1.0506
1.0719
1.0917
1.10828
1.12023
1.12686
1.12851
1.12653
1.12284
1.11928
1.11708
1.11662
1.11752
1.11888
1.11946
1.11784
1.1128
1.10367
1.0907
1.07518
1.05899
1.0439
1.03109
1.02114
1.01458
1.01194
1.01337
1.01794
1.02358
1.02782
1.02914
1.02792
1.02627
1.02638
1.02883
1.03212
1.03408
1.03332
1.02969
1.02366
1.01572
1.00623
0.995852
0.985916
0.978165
0.973983
0.973616
0.976003
0.979319
0.981838
0.982604
0.981585
0.979466
0.977224
0.975679
0.975094
0.975162
0.975192
0.97443
0.972427
0.969479
0.967025
0.967558
0.973376
0.984799
0.999323
1.01276
1.02119
1.02241
1.01672
1.00725
0.999077
0.996954
1.0025
1.0135
1.02591
1.03632
1.04313
1.04657
1.04846
1.05128
1.05638
1.06269
1.06748
1.06822
1.06367
