1.63515
1.61208
1.58355
1.55275
1.52353
1.49947
1.48269
1.4732
1.46914
1.46775
1.46675
1.46508
1.46324
1.46277
1.46561
1.47337
1.48692
1.50624
1.53027
1.55708
1.5844
1.6102
1.63316
1.65268
1.66857
1.68102
1.69065
1.69848
1.70541
1.71146
1.71585
1.71724
1.71428
1.70578
1.69089
1.66928
1.64147
1.60916
1.5752
1.54338
1.51782
1.50215
1.49833
1.50605
1.52279
1.54482
1.56837
1.59039
1.60895
1.62322
1.6333
1.63967
1.64278
1.64257
1.63859
1.63038
1.61803
1.60247
1.58538
1.56882
1.55474
1.54478
1.53995
1.54051
1.54588
1.55481
1.56578
1.57759
1.58964
1.60193
1.61479
1.62827
1.64146
1.65238
1.65848
1.65759
1.64872
1.63255
1.61112
1.58732
1.56435
1.54522
1.53244
1.52724
1.52886
1.53448
1.54016
1.54243
1.53954
1.5319
1.52193
1.51331
1.50987
1.51416
1.52618
1.54339
1.56164
1.57663
1.58492
1.58454
