-5.15478
-5.13231
-5.10453
-5.07403
-5.04451
-5.02045
-5.00412
-4.99539
-4.99193
-4.99024
-4.98864
-4.98667
-4.98589
-4.98542
-4.98871
-4.99616
-5.01062
-5.02964
-5.05292
-5.07973
-5.10811
-5.13361
-5.15581
-5.17457
-5.18986
-5.2014
-5.21133
-5.21856
-5.22533
-5.23214
-5.23668
-5.23777
-5.2336
-5.2239
-5.20886
-5.18664
-5.15928
-5.12607
-5.09166
-5.06028
-5.03457
-5.0195
-5.01568
-5.02462
-5.04121
-5.06384
-5.08709
-5.10911
-5.12722
-5.14149
-5.15172
-5.15854
-5.1612
-5.1622
-5.15777
-5.1479
-5.13524
-5.11907
-5.10183
-5.08512
-5.07165
-5.06154
-5.05701
-5.05772
-5.06309
-5.07081
-5.08163
-5.0936
-5.10579
-5.11793
-5.13095
-5.14412
-5.15822
-5.1693
-5.17494
-5.17405
-5.16609
-5.15022
-5.12879
-5.10589
-5.08293
-5.06379
-5.05252
-5.04702
-5.04834
-5.05471
-5.0601
-5.06177
-5.05736
-5.04942
-5.03899
-5.03083
-5.02769
-5.03213
-5.04461
-5.06136
-5.08007
-5.0946
-5.10244
-5.10101
