-3.51963
-3.52023
-3.52099
-3.52129
-3.52098
-3.52098
-3.52143
-3.52219
-3.5228
-3.52249
-3.52189
-3.52159
-3.52265
-3.52265
-3.5231
-3.52279
-3.5237
-3.5234
-3.52264
-3.52265
-3.5237
-3.5234
-3.52265
-3.52189
-3.52129
-3.52038
-3.52068
-3.52008
-3.51993
-3.52068
-3.52083
-3.52053
-3.51933
-3.51812
-3.51797
-3.51736
-3.51781
-3.51691
-3.51645
-3.5169
-3.51675
-3.51735
-3.51735
-3.51856
-3.51841
-3.51902
-3.51872
-3.51872
-3.51827
-3.51827
-3.51842
-3.51887
-3.51842
-3.51963
-3.51918
-3.51751
-3.51721
-3.51661
-3.51645
-3.5163
-3.51691
-3.51675
-3.51706
-3.51721
-3.51721
-3.516
-3.51585
-3.516
-3.51616
-3.516
-3.51616
-3.51585
-3.51676
-3.51691
-3.51646
-3.51646
-3.51737
-3.51767
-3.51767
-3.51857
-3.51857
-3.51857
-3.52008
-3.51978
-3.51948
-3.52024
-3.51994
-3.51933
-3.51782
-3.51752
-3.51706
-3.51751
-3.51781
-3.51797
-3.51842
-3.51797
-3.51843
-3.51798
-3.51752
-3.51647
