1.0901
1.07472
1.0557
1.03516
1.01569
0.99965
0.98846
0.982134
0.979424
0.978498
0.97783
0.976723
0.975494
0.975181
0.977074
0.982245
0.991281
1.00416
1.02018
1.03806
1.05627
1.07347
1.08878
1.10178
1.11238
1.12068
1.1271
1.13232
1.13694
1.14097
1.1439
1.14483
1.14285
1.13719
1.12726
1.11285
1.09431
1.07277
1.05014
1.02892
1.01188
1.00143
0.998887
1.00404
1.0152
1.02988
1.04558
1.06026
1.07263
1.08215
1.08887
1.09311
1.09519
1.09505
1.0924
1.08692
1.07869
1.06831
1.05692
1.04588
1.0365
1.02985
1.02663
1.027
1.03059
1.03654
1.04385
1.05173
1.05976
1.06795
1.07653
1.08551
1.09431
1.10159
1.10565
1.10506
1.09915
1.08836
1.07408
1.05821
1.0429
1.03015
1.02162
1.01816
1.01924
1.02298
1.02677
1.02829
1.02636
1.02127
1.01462
1.00888
1.00658
1.00944
1.01746
1.02893
1.04109
1.05108
1.05661
1.05636
