1.64039
1.62237
1.60012
1.57878
1.56316
1.5562
1.55854
1.56915
1.58602
1.60637
1.62684
1.64383
1.65417
1.65584
1.64862
1.63441
1.61658
1.59834
1.58127
1.56557
1.55144
1.53992
1.53253
1.53061
1.53478
1.54459
1.55836
1.57366
1.58825
1.60117
1.61323
1.62599
1.63958
1.65202
1.66053
1.66299
1.65783
1.64382
1.62072
1.59073
1.55923
1.53421
1.52321
1.52924
1.54899
1.57523
1.60081
1.62096
1.63356
1.63848
1.63684
1.63033
1.62072
1.60968
1.59868
1.58905
1.58174
1.57737
1.57609
1.57776
1.5821
1.58861
1.59625
1.60317
1.60706
1.60597
1.59899
1.5862
1.56838
1.54678
1.5232
1.50036
1.48202
1.47217
1.47358
1.48627
1.50702
1.5306
1.55206
1.56846
1.57927
1.58584
1.59038
1.59489
1.60039
1.60678
1.61314
1.61845
1.62222
1.62475
1.62713
1.63094
1.6378
1.64896
1.6648
1.68443
1.70552
1.72468
1.73844
1.74423
