-5.09224
-5.07406
-5.05196
-5.03077
-5.01469
-5.00789
-5.00962
-5.02038
-5.03756
-5.05776
-5.07869
-5.09628
-5.10631
-5.10753
-5.10001
-5.08595
-5.06857
-5.05063
-5.03236
-5.01741
-5.00373
-4.99176
-4.98543
-4.98395
-4.98767
-4.99854
-5.01201
-5.02731
-5.04191
-5.05437
-5.06552
-5.07874
-5.09309
-5.10522
-5.11418
-5.11635
-5.11119
-5.09824
-5.0765
-5.04635
-5.01455
-4.98801
-4.97565
-4.98093
-5.00022
-5.02541
-5.05145
-5.0722
-5.0845
-5.09018
-5.08899
-5.08217
-5.07407
-5.06258
-5.05128
-5.04164
-5.03449
-5.03057
-5.02823
-5.03066
-5.03576
-5.04302
-5.05096
-5.05698
-5.06103
-5.06054
-5.05295
-5.04016
-5.02144
-4.99938
-4.97549
-4.95447
-4.93492
-4.92477
-4.92633
-4.93902
-4.96008
-4.98381
-5.00497
-5.02106
-5.03368
-5.04011
-5.04494
-5.04885
-5.05435
-5.06058
-5.0671
-5.07136
-5.07513
-5.07841
-5.08079
-5.08353
-5.08889
-5.1005
-5.11634
-5.13552
-5.15706
-5.17501
-5.18877
-5.19502
