-3.45185
-3.45169
-3.45184
-3.45199
-3.45153
-3.45168
-3.45108
-3.45123
-3.45154
-3.45139
-3.45184
-3.45245
-3.45215
-3.45169
-3.45139
-3.45154
-3.45199
-3.45229
-3.45109
-3.45184
-3.45229
-3.45184
-3.45289
-3.45335
-3.45289
-3.45395
-3.45365
-3.45365
-3.45366
-3.4532
-3.45229
-3.45275
-3.4535
-3.4532
-3.45366
-3.45336
-3.45336
-3.45442
-3.45577
-3.45562
-3.45531
-3.4538
-3.45244
-3.45168
-3.45123
-3.45018
-3.45064
-3.45124
-3.45094
-3.4517
-3.45215
-3.45184
-3.45335
-3.4529
-3.4526
-3.4526
-3.45275
-3.4532
-3.45215
-3.4529
-3.45366
-3.45441
-3.45472
-3.45381
-3.45396
-3.45457
-3.45396
-3.45396
-3.45306
-3.4526
-3.4523
-3.45411
-3.4529
-3.45259
-3.45275
-3.45275
-3.45305
-3.45321
-3.45291
-3.4526
-3.45442
-3.45426
-3.45456
-3.45396
-3.45396
-3.45381
-3.45396
-3.4529
-3.4529
-3.45366
-3.45366
-3.4526
-3.45109
-3.45154
-3.45154
-3.45109
-3.45154
-3.45034
-3.45034
-3.45079
