1.09359
1.08158
1.06674
1.05252
1.04211
1.03747
1.03903
1.0461
1.05735
1.07092
1.08456
1.09589
1.10278
1.10389
1.09908
1.08961
1.07772
1.06556
1.05418
1.04371
1.03429
1.02661
1.02169
1.02041
1.02319
1.02972
1.0389
1.0491
1.05884
1.06745
1.07549
1.08399
1.09306
1.10134
1.10702
1.10866
1.10522
1.09588
1.08048
1.06048
1.03949
1.02281
1.01548
1.0195
1.03266
1.05015
1.06721
1.08064
1.08904
1.09232
1.09123
1.08688
1.08048
1.07312
1.06579
1.05936
1.0545
1.05158
1.05072
1.05184
1.05474
1.05907
1.06416
1.06878
1.07138
1.07065
1.06599
1.05747
1.04559
1.03119
1.01546
1.00024
0.988015
0.98145
0.982388
0.990847
1.00468
1.0204
1.03471
1.04564
1.05284
1.05723
1.06025
1.06326
1.06693
1.07118
1.07543
1.07897
1.08148
1.08317
1.08475
1.08729
1.09187
1.0993
1.10987
1.12295
1.13701
1.14978
1.15896
1.16282
