1.64752
1.63889
1.62647
1.61278
1.59904
1.58456
1.56745
1.54615
1.52064
1.49273
1.46554
1.44272
1.42781
1.42361
1.43131
1.44958
1.47435
1.50046
1.52365
1.54167
1.55409
1.56158
1.56517
1.56566
1.56363
1.55975
1.55503
1.5507
1.54801
1.54789
1.55097
1.55753
1.56741
1.57983
1.59298
1.60382
1.60831
1.60242
1.58357
1.55286
1.51707
1.4877
1.47455
1.47864
1.49314
1.51029
1.52572
1.53818
1.54818
1.557
1.56607
1.5762
1.58702
1.59694
1.60393
1.60632
1.60333
1.59508
1.58239
1.56665
1.54953
1.53272
1.51773
1.50576
1.49758
1.49379
1.49473
1.50052
1.51081
1.52455
1.54002
1.55512
1.56805
1.57778
1.58412
1.5874
1.58819
1.58719
1.58533
1.58372
1.58346
1.58523
1.58912
1.5946
1.60073
1.60628
1.61006
1.61115
1.60909
1.60397
1.59641
1.58742
1.57805
1.56904
1.56064
1.55268
1.54486
1.53718
1.53021
1.52494
