-5.19278
-5.18521
-5.17248
-5.15879
-5.1449
-5.12982
-5.11241
-5.09156
-5.06589
-5.03829
-5.01185
-4.98963
-4.97457
-4.96961
-4.97808
-4.9968
-5.02188
-5.04859
-5.07057
-5.08874
-5.10146
-5.10941
-5.11285
-5.11273
-5.1107
-5.10712
-5.10255
-5.09807
-5.09613
-5.09587
-5.09909
-5.1058
-5.11554
-5.12977
-5.14247
-5.15392
-5.15811
-5.15252
-5.13277
-5.10174
-5.06504
-5.03536
-5.02267
-5.02722
-5.04202
-5.05933
-5.07521
-5.08752
-5.09721
-5.10634
-5.11495
-5.12493
-5.1359
-5.14552
-5.15372
-5.15536
-5.15146
-5.14305
-5.12976
-5.11463
-5.09765
-5.08145
-5.06677
-5.05433
-5.04631
-5.04252
-5.04315
-5.04939
-5.05938
-5.07267
-5.08845
-5.10446
-5.11753
-5.12726
-5.1336
-5.13779
-5.13919
-5.13909
-5.13844
-5.13668
-5.13657
-5.13773
-5.14116
-5.1459
-5.15202
-5.15712
-5.1609
-5.16154
-5.15933
-5.153
-5.14453
-5.13494
-5.12557
-5.11747
-5.10831
-5.10035
-5.09238
-5.08455
-5.07788
-5.07322
