-3.54526
-3.54632
-3.54601
-3.54601
-3.54586
-3.54526
-3.54496
-3.54541
-3.54526
-3.54556
-3.54631
-3.54691
-3.54676
-3.54601
-3.54676
-3.54722
-3.54752
-3.54813
-3.54692
-3.54707
-3.54738
-3.54783
-3.54768
-3.54707
-3.54707
-3.54737
-3.54752
-3.54737
-3.54812
-3.54797
-3.54812
-3.54828
-3.54813
-3.54994
-3.54949
-3.5501
-3.5498
-3.5501
-3.54919
-3.54889
-3.54798
-3.54767
-3.54812
-3.54858
-3.54888
-3.54904
-3.54949
-3.54934
-3.54903
-3.54934
-3.54888
-3.54873
-3.54888
-3.54858
-3.54979
-3.54904
-3.54813
-3.54798
-3.54737
-3.54798
-3.54813
-3.54873
-3.54903
-3.54858
-3.54873
-3.54873
-3.54842
-3.54888
-3.54857
-3.54812
-3.54843
-3.54933
-3.54949
-3.54948
-3.54948
-3.55039
-3.55099
-3.5519
-3.55311
-3.55296
-3.55311
-3.5525
-3.55205
-3.5513
-3.5513
-3.55084
-3.55084
-3.55039
-3.55024
-3.54903
-3.54812
-3.54752
-3.54752
-3.54842
-3.54767
-3.54767
-3.54752
-3.54737
-3.54767
-3.54827
