1.09835
1.0926
1.08431
1.07519
1.06603
1.05637
1.04497
1.03076
1.01376
0.995151
0.977025
0.961812
0.951876
0.949072
0.95421
0.966385
0.982902
1.00031
1.01577
1.02778
1.03606
1.04106
1.04345
1.04377
1.04242
1.03983
1.03669
1.0338
1.032
1.03193
1.03398
1.03835
1.04494
1.05322
1.06199
1.06921
1.07221
1.06828
1.05572
1.03524
1.01138
0.991798
0.983031
0.985762
0.995426
1.00686
1.01714
1.02546
1.03212
1.038
1.04404
1.0508
1.05801
1.06463
1.06929
1.07088
1.06889
1.06338
1.05493
1.04444
1.03302
1.02181
1.01182
1.00384
0.99839
0.995859
0.996485
1.00035
1.00721
1.01637
1.02668
1.03675
1.04537
1.05185
1.05608
1.05827
1.0588
1.05813
1.05688
1.05581
1.05564
1.05682
1.05941
1.06307
1.06715
1.07085
1.07337
1.0741
1.07273
1.06931
1.06427
1.05828
1.05203
1.04603
1.04043
1.03512
1.02991
1.02479
1.02014
1.01663
