           1      1.7282      1.7282           0
           2     1.72022     1.72421  0.00398698
           3     1.73546     1.72796  0.00440029
           4     1.68981     1.71842   0.0100318
           5     1.70138     1.71501  0.00848576
           6     1.73004     1.71752  0.00736718
           7     1.72809     1.71903  0.00640703
           8     1.67878       1.714  0.00748967
           9     1.71141     1.71371  0.00661154
          10     1.73191     1.71553   0.0061874
          11     1.78064     1.72145  0.00814592
          12     1.71169     1.72064  0.00748053
          13     1.71728     1.72038  0.00688593
          14     1.76476     1.72355  0.00711991
          15     1.72108     1.72338  0.00663031
          16     1.70528     1.72225  0.00630443
          17     1.71512     1.72183  0.00593683
          18     1.75447     1.72365   0.0058836
          19      1.7849     1.72687  0.00643172
          20     1.77143      1.7291  0.00649576
          21     1.71467     1.72841   0.0062168
          22     1.73908      1.7289   0.0059473
          23     1.68836     1.72713  0.00594984
          24     1.73668     1.72753  0.00571042
          25     1.73747     1.72793  0.00549165
          26     1.74374     1.72854  0.00531115
          27     1.73933     1.72894  0.00512627
          28     1.69548     1.72774  0.00508227
          29     1.72814     1.72776  0.00490391
          30     1.70772     1.72709  0.00478447
          31     1.73684      1.7274  0.00463824
          32     1.70496      1.7267   0.0045454
          33      1.7135      1.7263  0.00442364
          34     1.75553     1.72716  0.00437679
          35     1.73957     1.72752  0.00426467
          36     1.73976     1.72786  0.00415845
          37     1.73685      1.7281   0.0040518
          38     1.76785     1.72914  0.00408013
          39     1.72007     1.72891  0.00398094
          40     1.73547     1.72908   0.0038836
          41     1.73544     1.72923  0.00379088
          42     1.71727     1.72895  0.00371046
          43     1.72022     1.72874  0.00362883
          44     1.73184     1.72881  0.00354609
          45     1.72708     1.72878  0.00346661
          46     1.72065      1.7286  0.00339502
          47     1.72492     1.72852  0.00332292
          48     1.70465     1.72802  0.00329074
          49     1.77235     1.72893  0.00334744
          50     1.75802     1.72951  0.00333102
          51     1.72767     1.72947  0.00326525
          52     1.68394      1.7286  0.00331942
          53     1.74647     1.72893  0.00327359
          54     1.72301     1.72883  0.00321427
          55     1.71878     1.72864  0.00316057
          56     1.73296     1.72872  0.00310458
          57     1.70094     1.72823  0.00308832
          58     1.76833     1.72892  0.00311236
          59     1.67852     1.72807  0.00317619
          60     1.69749     1.72756  0.00316412
          61      1.6951     1.72703  0.00315699
          62     1.71378     1.72681    0.003113
          63     1.71566     1.72664  0.00306829
          64     1.69602     1.72616  0.00305762
          65     1.74454     1.72644  0.00302347
          66     1.68931     1.72588  0.00302999
          67     1.72609     1.72588  0.00298442
          68     1.70995     1.72565  0.00294953
          69     1.72634     1.72566  0.00290649
          70     1.71977     1.72557   0.0028659
          71     1.69419     1.72513  0.00285963
          72     1.72994      1.7252  0.00282042
          73     1.77035     1.72582  0.00284945
          74     1.68726      1.7253  0.00285857
          75     1.74662     1.72558   0.0028345
          76     1.76154     1.72605   0.0028367
          77     1.66586     1.72527  0.00290672
          78     1.74344      1.7255  0.00287865
          79      1.6557     1.72462  0.00297618
          80     1.71696     1.72452   0.0029403
          81     1.73274     1.72463  0.00290554
          82     1.71074     1.72446  0.00287488
          83     1.69965     1.72416  0.00285572
          84     1.73224     1.72425  0.00282316
          85     1.70205     1.72399  0.00280196
          86     1.71675     1.72391  0.00277046
          87     1.72665     1.72394  0.00273861
          88     1.70013     1.72367   0.0027208
          89     1.70015     1.72341  0.00270301
          90     1.69106     1.72305  0.00269687
          91     1.73788     1.72321  0.00267204
          92     1.64875      1.7224  0.00276397
          93     1.67017     1.72184  0.00279117
          94     1.73551     1.72198  0.00276515
          95     1.70013     1.72175  0.00274554
          96     1.68731     1.72139  0.00274038
          97     1.72176      1.7214  0.00271198
          98     1.70341     1.72122  0.00269044
          99     1.70499     1.72105  0.00266816
         100     1.72583      1.7211  0.00264177
