           1    -3.26866    -3.26866           0
           2    -3.26819    -3.26843 0.000238257
           3    -3.27092    -3.26926 0.000842527
           4    -3.26845    -3.26906 0.000628745
           5    -3.26759    -3.26876 0.000568499
           6    -3.26705    -3.26848 0.000544521
           7    -3.26834    -3.26846 0.000460651
           8    -3.27051    -3.26871 0.000474411
           9    -3.26609    -3.26842 0.000509744
          10    -3.26959    -3.26854 0.000470629
          11    -3.27012    -3.26868 0.000449194
          12    -3.26974    -3.26877 0.000419484
          13    -3.26767    -3.26869 0.000395129
          14    -3.26778    -3.26862 0.000371556
          15    -3.26808    -3.26859 0.000347754
          16    -3.27047     -3.2687 0.000345869
          17    -3.26823    -3.26867 0.000326098
          18    -3.27195    -3.26886 0.000357206
          19    -3.27114    -3.26898 0.000358648
          20    -3.27009    -3.26903  0.00034475
          21    -3.26926    -3.26904 0.000328101
          22    -3.27158    -3.26916 0.000333452
          23    -3.27086    -3.26923 0.000327069
          24    -3.27143    -3.26932 0.000326305
          25    -3.26808    -3.26927 0.000316885
          26     -3.2675    -3.26921 0.000311977
          27    -3.26866    -3.26919 0.000300886
          28    -3.26787    -3.26914 0.000293717
          29    -3.26645    -3.26905  0.00029818
          30    -3.26756      -3.269 0.000292317
          31    -3.26924      -3.269 0.000282835
          32    -3.26881      -3.269  0.00027392
          33    -3.26982    -3.26902 0.000266649
          34    -3.26704    -3.26897 0.000265179
          35    -3.27161    -3.26904 0.000268314
          36    -3.26851    -3.26903 0.000261165
          37     -3.2701    -3.26905 0.000255663
          38    -3.27138    -3.26912 0.000256248
          39    -3.27035    -3.26915  0.00025159
          40    -3.26987    -3.26917 0.000245875
          41     -3.2678    -3.26913  0.00024212
          42    -3.26703    -3.26908 0.000241529
          43    -3.26957    -3.26909 0.000236122
          44    -3.26601    -3.26902 0.000241122
          45     -3.2667    -3.26897 0.000241295
          46     -3.2671    -3.26893 0.000239488
          47    -3.26847    -3.26892 0.000234541
          48    -3.26729    -3.26889 0.000232111
          49    -3.26975     -3.2689  0.00022801
          50    -3.27043    -3.26894 0.000225477
          51    -3.26708     -3.2689 0.000223984
          52    -3.26558    -3.26884 0.000228731
          53    -3.26756    -3.26881 0.000225655
          54    -3.26793    -3.26879 0.000222037
          55     -3.2665    -3.26875 0.000221931
          56    -3.26892    -3.26876 0.000217951
          57    -3.26846    -3.26875 0.000214155
          58    -3.26931    -3.26876 0.000210652
          59    -3.26532     -3.2687 0.000215088
          60    -3.26494    -3.26864 0.000220565
          61    -3.26429    -3.26857 0.000228339
          62    -3.27047     -3.2686 0.000226701
          63    -3.26981    -3.26862 0.000223904
          64    -3.26915    -3.26863 0.000220536
          65    -3.27021    -3.26865 0.000218481
          66    -3.26985    -3.26867 0.000215908
          67    -3.26856    -3.26867 0.000212666
          68    -3.27126    -3.26871 0.000212961
          69    -3.27053    -3.26873 0.000211507
          70     -3.2712    -3.26877 0.000211421
          71    -3.26857    -3.26876  0.00020844
          72    -3.26788    -3.26875 0.000205892
          73    -3.27039    -3.26877 0.000204285
          74    -3.26693    -3.26875 0.000203035
          75    -3.26873    -3.26875  0.00020031
          76    -3.26744    -3.26873 0.000198408
          77    -3.26803    -3.26872 0.000196025
          78    -3.26902    -3.26873 0.000193535
          79    -3.26643     -3.2687 0.000193265
          80    -3.26776    -3.26869 0.000191198
          81    -3.27069    -3.26871 0.000190444
          82    -3.27022    -3.26873 0.000189009
          83    -3.27022    -3.26875 0.000187582
          84    -3.27031    -3.26877 0.000186261
          85    -3.26883    -3.26877 0.000184059
          86    -3.27077    -3.26879 0.000183385
          87    -3.27125    -3.26882  0.00018345
          88    -3.26812    -3.26881 0.000181525
          89    -3.26922    -3.26881 0.000179532
          90    -3.26886    -3.26882 0.000177527
          91    -3.26937    -3.26882 0.000175672
          92    -3.26723     -3.2688 0.000174613
          93    -3.26744    -3.26879 0.000173344
          94    -3.26779    -3.26878  0.00017182
          95    -3.26898    -3.26878 0.000170014
          96    -3.26908    -3.26878 0.000168263
          97    -3.26758    -3.26877 0.000166984
          98    -3.26716    -3.26876  0.00016609
          99    -3.26954    -3.26876 0.000164597
         100    -3.26921    -3.26877 0.000163004
