           1     1.15213     1.15213           0
           2     1.14682     1.14947  0.00265799
           3     1.15697     1.15197  0.00293353
           4     1.12654     1.14562  0.00668789
           5     1.13425     1.14334  0.00565717
           6     1.15336     1.14501  0.00491145
           7     1.15206     1.14602  0.00427135
           8     1.11919     1.14267  0.00499311
           9     1.14094     1.14247  0.00440769
          10     1.15461     1.14369  0.00412493
          11     1.18709     1.14763  0.00543061
          12     1.14113     1.14709  0.00498702
          13     1.14485     1.14692  0.00459062
          14     1.17651     1.14903  0.00474661
          15     1.14739     1.14892  0.00442021
          16     1.13685     1.14817  0.00420295
          17     1.14341     1.14789  0.00395789
          18     1.16964      1.1491   0.0039224
          19     1.18993     1.15125  0.00428781
          20     1.18096     1.15273  0.00433051
          21     1.14311     1.15227  0.00414453
          22     1.15939      1.1526  0.00396486
          23     1.12557     1.15142  0.00396656
          24     1.15779     1.15169  0.00380694
          25     1.15831     1.15195   0.0036611
          26     1.16249     1.15236  0.00354076
          27     1.15956     1.15262  0.00341752
          28     1.13032     1.15183  0.00338818
          29     1.15209     1.15184  0.00326927
          30     1.13848     1.15139  0.00318965
          31     1.15789      1.1516  0.00309216
          32     1.13664     1.15113  0.00303027
          33     1.14233     1.15087  0.00294909
          34     1.17035     1.15144  0.00291786
          35     1.15971     1.15168  0.00284311
          36     1.15984      1.1519   0.0027723
          37      1.1579     1.15207   0.0027012
          38     1.17857     1.15276  0.00272009
          39     1.14672     1.15261  0.00265396
          40     1.15698     1.15272  0.00258907
          41     1.15696     1.15282  0.00252725
          42     1.14485     1.15263  0.00247364
          43     1.14681      1.1525  0.00241922
          44     1.15456     1.15254  0.00236406
          45     1.15138     1.15252  0.00231107
          46      1.1471      1.1524  0.00226334
          47     1.14994     1.15235  0.00221528
          48     1.13643     1.15202  0.00219383
          49     1.18157     1.15262  0.00223163
          50     1.17201     1.15301  0.00222068
          51     1.15178     1.15298  0.00217683
          52     1.12263      1.1524  0.00221294
          53     1.16431     1.15262  0.00218239
          54     1.14867     1.15255  0.00214285
          55     1.14585     1.15243  0.00210705
          56     1.15531     1.15248  0.00206972
          57     1.13396     1.15215  0.00205888
          58     1.17889     1.15262   0.0020749
          59     1.11901     1.15205  0.00211746
          60     1.13166     1.15171  0.00210941
          61     1.13007     1.15135  0.00210466
          62     1.14252     1.15121  0.00207533
          63     1.14378     1.15109  0.00204553
          64     1.13068     1.15077  0.00203841
          65     1.16303     1.15096  0.00201564
          66     1.12621     1.15059  0.00201999
          67     1.15073     1.15059  0.00198962
          68     1.13997     1.15043  0.00196635
          69     1.15089     1.15044  0.00193766
          70     1.14651     1.15038   0.0019106
          71     1.12946     1.15009  0.00190642
          72      1.1533     1.15013  0.00188028
          73     1.18023     1.15054  0.00189963
          74     1.12484      1.1502  0.00190571
          75     1.16442     1.15039  0.00188967
          76     1.17436      1.1507  0.00189113
          77     1.11057     1.15018  0.00193781
          78     1.16229     1.15034   0.0019191
          79      1.1038     1.14975  0.00198412
          80     1.14464     1.14968   0.0019602
          81     1.15516     1.14975  0.00193703
          82      1.1405     1.14964  0.00191659
          83      1.1331     1.14944  0.00190381
          84     1.15483      1.1495  0.00188211
          85      1.1347     1.14933  0.00186797
          86      1.1445     1.14927  0.00184698
          87      1.1511     1.14929  0.00182574
          88     1.13342     1.14911  0.00181387
          89     1.13343     1.14894  0.00180201
          90     1.12737      1.1487  0.00179791
          91     1.15859     1.14881  0.00178136
          92     1.09917     1.14827  0.00184265
          93     1.11345     1.14789  0.00186078
          94     1.15701     1.14799  0.00184343
          95     1.13342     1.14784  0.00183036
          96     1.12487      1.1476  0.00182692
          97     1.14784      1.1476  0.00180799
          98     1.13561     1.14748  0.00179362
          99     1.13666     1.14737  0.00177877
         100     1.15055      1.1474  0.00176118
