           1    -5.42521    -5.42521           0
           2    -5.41676    -5.42098  0.00422524
           3    -5.43473    -5.42556  0.00519039
           4    -5.38661    -5.41583   0.0104068
           5    -5.39731    -5.41212  0.00887083
           6    -5.42544    -5.41434  0.00757537
           7    -5.42477    -5.41583  0.00657353
           8    -5.37764    -5.41106  0.00742959
           9    -5.40585    -5.41048  0.00657782
          10    -5.42985    -5.41242  0.00619408
          11     -5.4791    -5.41848  0.00825479
          12    -5.40978    -5.41775  0.00757035
          13    -5.41329    -5.41741  0.00697217
          14    -5.46088    -5.42052  0.00716305
          15    -5.41751    -5.42032  0.00667144
          16    -5.40409     -5.4193  0.00632238
          17    -5.41169    -5.41885  0.00595569
          18    -5.45476    -5.42085  0.00595891
          19    -5.48439    -5.42419    0.006554
          20    -5.46987    -5.42648   0.0066238
          21    -5.41227     -5.4258  0.00633669
          22    -5.43901     -5.4264  0.00607157
          23    -5.38756    -5.42471  0.00604231
          24    -5.43646     -5.4252  0.00580575
          25     -5.4339    -5.42555  0.00557955
          26    -5.43959    -5.42609  0.00538779
          27    -5.43634    -5.42647  0.00519828
          28     -5.3917    -5.42523  0.00516083
          29    -5.42293    -5.42515  0.00498032
          30    -5.40362    -5.42443  0.00486466
          31    -5.43442    -5.42475  0.00471615
          32    -5.40212    -5.42405  0.00462086
          33    -5.41166    -5.42367  0.00449434
          34    -5.45091    -5.42447  0.00443316
          35    -5.43952     -5.4249  0.00432606
          36    -5.43662    -5.42523  0.00421676
          37     -5.4353     -5.4255  0.00411024
          38    -5.46758    -5.42661  0.00415102
          39    -5.41877    -5.42641  0.00404818
          40    -5.43368    -5.42659  0.00394987
          41    -5.43159    -5.42671  0.00385425
          42    -5.41265    -5.42638  0.00377624
          43    -5.41814    -5.42618  0.00369234
          44     -5.4262    -5.42618  0.00360745
          45    -5.42212    -5.42609  0.00352753
          46    -5.41609    -5.42588  0.00345684
          47    -5.42173    -5.42579  0.00338364
          48    -5.40029    -5.42526  0.00335474
          49    -5.47045    -5.42618  0.00341255
          50     -5.4568    -5.42679  0.00339922
          51    -5.42309    -5.42672  0.00333269
          52    -5.37787    -5.42578  0.00340033
          53    -5.44238    -5.42609  0.00335023
          54    -5.41929    -5.42597  0.00329001
          55    -5.41362    -5.42574  0.00323743
          56    -5.43022    -5.42582   0.0031801
          57    -5.39775    -5.42533   0.0031624
          58    -5.46599    -5.42603  0.00318548
          59    -5.37219    -5.42512  0.00326129
          60    -5.39078    -5.42455  0.00325715
          61    -5.38773    -5.42394  0.00325966
          62    -5.41259    -5.42376  0.00321187
          63    -5.41382     -5.4236  0.00316441
          64    -5.39352    -5.42313  0.00314983
          65     -5.4431    -5.42344  0.00311617
          66     -5.3875    -5.42289  0.00311652
          67      -5.423     -5.4229  0.00306966
          68    -5.40956     -5.4227  0.00303053
          69    -5.42522    -5.42274  0.00298651
          70    -5.41931    -5.42269  0.00294394
          71     -5.3911    -5.42224  0.00293608
          72    -5.42617     -5.4223  0.00289552
          73    -5.46908    -5.42294  0.00292662
          74    -5.38254    -5.42239  0.00293797
          75    -5.44371    -5.42268  0.00291243
          76    -5.45733    -5.42313  0.00290979
          77    -5.36223    -5.42234  0.00297867
          78    -5.44081    -5.42258  0.00294975
          79    -5.35047    -5.42167  0.00305184
          80    -5.41306    -5.42156  0.00301537
          81    -5.43178    -5.42168  0.00298058
          82    -5.40931    -5.42153  0.00294787
          83    -5.39822    -5.42125  0.00292566
          84     -5.4309    -5.42137   0.0028929
          85    -5.39922    -5.42111  0.00287051
          86    -5.41587    -5.42105  0.00283759
          87    -5.42624    -5.42111  0.00280542
          88     -5.3966    -5.42083   0.0027873
          89    -5.39771    -5.42057  0.00276801
          90    -5.38827    -5.42021  0.00276051
          91     -5.4356    -5.42038  0.00273525
          92    -5.34433    -5.41955  0.00282882
          93    -5.36596    -5.41897  0.00285695
          94    -5.43165    -5.41911  0.00282961
          95    -5.39746    -5.41888  0.00280893
          96    -5.38474    -5.41853  0.00280217
          97    -5.41768    -5.41852  0.00277315
          98    -5.39891    -5.41832  0.00275198
          99    -5.40288    -5.41816   0.0027285
         100    -5.42339    -5.41821  0.00270159
