           1     1.59355     1.59355           0
           2     1.50852     1.55104   0.0425126
           3     1.55231     1.55146   0.0245483
           4     1.76872     1.60577   0.0570207
           5     1.72107     1.62883   0.0498246
           6     1.72471     1.64481   0.0437077
           7     1.63372     1.64323   0.0369737
           8     1.84222      1.6681   0.0405467
           9     1.70607     1.67232   0.0360068
          10      1.6358     1.66867   0.0324119
          11     1.23243     1.62901   0.0493182
          12     1.70498     1.63534    0.045464
          13     1.74311     1.64363   0.0426345
          14     1.26602     1.61666   0.0478072
          15     1.60441     1.61584   0.0445136
          16     1.64155     1.61745   0.0416697
          17     1.65826     1.61985   0.0392154
          18     1.33824     1.60421   0.0401464
          19     1.22808     1.58441   0.0428248
          20     1.29347     1.56986   0.0431531
          21     1.63211     1.57283   0.0411536
          22     1.50263     1.56963    0.039368
          23     1.57283     1.56977   0.0376177
          24     1.40211     1.56279   0.0366875
          25      1.5498     1.56227   0.0351932
          26     1.53193      1.5611   0.0338327
          27     1.53065     1.55997    0.032575
          28     1.89876     1.57207   0.0336413
          29     1.74669     1.57809   0.0330143
          30     1.60584     1.57902   0.0319082
          31      1.5612     1.57844   0.0308671
          32     1.65596     1.58087   0.0299849
          33     1.54309     1.57972   0.0290846
          34     1.46188     1.57626   0.0284283
          35     1.51517     1.57451   0.0276593
          36     1.47297     1.57169   0.0270275
          37     1.55213     1.57116   0.0262922
          38     1.26882      1.5632   0.0267993
          39     1.67639     1.56611   0.0262639
          40     1.57012     1.56621   0.0255991
          41      1.5174     1.56502   0.0249953
          42     1.68948     1.56798   0.0245723
          43     1.66116     1.57015   0.0240917
          44     1.69805     1.57305   0.0237166
          45     1.73841     1.57673    0.023473
          46      1.6472     1.57826   0.0230081
          47     1.84616     1.58396   0.0232236
          48     1.72829     1.58697   0.0229326
          49     1.34728     1.58208   0.0229862
          50     1.38392     1.57811   0.0228678
          51     1.65351     1.57959   0.0224637
          52     1.85634     1.58491   0.0226612
          53     1.58512     1.58492   0.0222296
          54     1.71208     1.58727   0.0219408
          55     1.70873     1.58948    0.021651
          56     1.41521     1.58637   0.0214875
          57     1.67651     1.58795   0.0211663
          58     1.35122     1.58387   0.0211948
          59     1.97292     1.59046   0.0218512
          60     1.77052     1.59346   0.0216925
          61     1.95286     1.59935   0.0221326
          62     1.54585     1.59849   0.0217897
          63     1.65744     1.59943   0.0214615
          64     1.71344     1.60121   0.0211985
          65      1.4334     1.59863   0.0210289
          66     1.78281     1.60142    0.020895
          67     1.46621      1.5994   0.0206795
          68      1.5186     1.59821   0.0204077
          69      1.4292     1.59576   0.0202584
          70     1.51928     1.59467   0.0199968
          71     1.69139     1.59603   0.0197601
          72     1.51237     1.59487   0.0195184
          73     1.33104     1.59126   0.0195855
          74     1.76216     1.59357   0.0194566
          75      1.4655     1.59186   0.0192712
          76     1.35213      1.5887   0.0192758
          77     1.96979     1.59365    0.019657
          78     1.55818      1.5932   0.0194087
          79      1.8975     1.59705   0.0195448
          80     1.62717     1.59743   0.0193026
          81     1.60038     1.59746   0.0190628
          82      1.6343     1.59791   0.0188343
          83     1.72991      1.5995   0.0186738
          84     1.66689      1.6003   0.0184676
          85      1.6762      1.6012   0.0182709
          86     1.53972     1.60048   0.0180713
          87     1.46309      1.5989   0.0179321
          88     1.67849     1.59981   0.0177502
          89     1.73267      1.6013    0.017613
          90     1.62492     1.60156   0.0174182
          91     1.50535     1.60051   0.0172581
          92     2.01824     1.60505   0.0176631
          93     1.84878     1.60767   0.0176676
          94     1.45128       1.606   0.0175576
          95     1.61674     1.60612   0.0173722
          96     1.63042     1.60637   0.0171922
          97     1.63038     1.60662   0.0170158
          98     1.70256      1.6076   0.0168697
          99     1.75787     1.60911   0.0167673
         100     1.60829     1.60911   0.0165988
