           0           0           0
   0.0256496           0           0
   0.0512993           0           0
   0.0769489           0           0
    0.102599           0           0
    0.128248           0           0
    0.153898           0           0
    0.179547           0           0
    0.205197           0           0
    0.230847           0           0
    0.256496           0           0
    0.282146           0           0
    0.307796           0           0
    0.333445           0           0
    0.359095           0           0
    0.384745           0           0
    0.410394           0           0
    0.436044           0           0
    0.461694           0           0
    0.487343           0           0
    0.512993           0           0
    0.538642           0           0
    0.564292           0           0
    0.589942           0           0
    0.615591           0           0
    0.641241           0           0
    0.666891           0           0
     0.69254           0           0
     0.71819           0           0
     0.74384           0           0
    0.769489           0           0
    0.795139           0           0
    0.820788           0           0
    0.846438           0           0
    0.872088  0.00244547  0.00172045
    0.897737    0.046193  0.00656558
    0.923387    0.272012   0.0164684
    0.949037    0.846577   0.0272583
    0.974686     1.64267    0.035849
     1.00034     2.56144   0.0476448
     1.02599     3.01237   0.0521417
     1.05164     3.33627   0.0509654
     1.07728     3.35758    0.048711
     1.10293     3.21653   0.0424999
     1.12858      2.9538   0.0438829
     1.15423      2.6405   0.0393051
     1.17988     2.26228   0.0375424
     1.20553     2.03967   0.0329015
     1.23118     1.86362   0.0358983
     1.25683     1.66672   0.0302264
     1.28248      1.5015   0.0288808
     1.30813     1.35047   0.0265403
     1.33378     1.25674   0.0253741
     1.35943     1.14257   0.0232115
     1.38508     1.07996   0.0226313
     1.41073     1.04328   0.0222099
     1.43638     0.99346   0.0228495
     1.46203    0.974613   0.0189677
     1.48768    0.913935   0.0165486
     1.51333     0.90074    0.019885
     1.53898     0.91495    0.017948
     1.56463    0.898521   0.0190675
     1.59028    0.908376   0.0197425
     1.61593    0.906341   0.0182028
     1.64158    0.943177   0.0168251
     1.66723    0.969555   0.0188555
     1.69288     1.00019   0.0179101
     1.71853     1.05127   0.0168975
     1.74418     1.06112   0.0174814
     1.76983     1.13777   0.0173444
     1.79547     1.20324   0.0178539
     1.82112      1.2521   0.0172439
     1.84677     1.29892   0.0166422
     1.87242     1.38533   0.0165378
     1.89807     1.38038   0.0187456
     1.92372     1.45053   0.0173769
     1.94937     1.51258   0.0174872
     1.97502      1.5511   0.0179875
     2.00067     1.59946   0.0222631
     2.02632     1.60622   0.0180329
     2.05197      1.6564   0.0202789
     2.07762      1.6114   0.0168422
     2.10327     1.60615   0.0184676
     2.12892     1.59317   0.0182342
     2.15457     1.57199    0.018799
     2.18022     1.53384   0.0155149
     2.20587     1.49839   0.0169859
     2.23152     1.45331   0.0140563
     2.25717     1.41285    0.014766
     2.28282     1.36946   0.0170813
     2.30847     1.34469   0.0168568
     2.33412     1.31025   0.0146777
     2.35977     1.25945   0.0143442
     2.38542     1.24431   0.0132273
     2.41107     1.24875   0.0148107
     2.43672     1.22864   0.0143787
     2.46237      1.1894   0.0124591
     2.48802     1.17339   0.0127829
     2.51366     1.18179     0.01303
     2.53931     1.20785   0.0128667
