2.71793
3.7966
4.02868
4.52951
4.59996
5.1772
5.38975
5.78985
5.84917
6.09773
6.43926
6.18527
6.16261
5.86297
6.10294
6.38487
6.3981
6.94073
7.08976
7.64108
7.02946
7.43557
7.19612
6.76661
6.78609
7.04662
7.15893
7.12785
7.39645
7.32946
7.5205
7.37566
7.28551
7.30175
7.16693
7.57884
7.54589
7.48066
7.1944
6.94684
6.92634
7.51202
7.55739
7.10501
6.90725
6.83193
6.57629
6.81514
6.91162
7.04429
7.16141
6.99403
6.9573
7.30977
6.99405
6.89741
6.36214
6.64583
6.59891
6.94804
6.82061
7.08138
7.04845
7.40387
8.08786
7.97364
7.82826
7.6491
7.52514
7.88812
7.42013
7.63074
7.64054
7.38112
7.29965
7.46134
7.53528
7.11699
6.95989
6.84122
6.97405
7.07456
7.14574
7.29185
7.40735
7.33107
7.36107
7.17336
7.30993
7.33236
7.46692
7.82601
7.52616
7.33276
7.39897
7.97209
8.02237
8.11663
8.1089
8.34464
8.68743
8.50455
8.58554
8.3625
8.05167
7.62978
7.69987
7.58069
7.60716
7.63222
7.66955
7.34198
7.32773
7.79337
7.87177
7.40219
7.10114
7.40609
8.14773
8.0653
8.35897
8.13418
8.06304
8.01694
7.92481
7.55577
6.99186
7.39797
7.62303
7.34768
7.49927
7.45661
7.30662
6.85895
7.63287
7.76586
7.3934
7.59385
7.74523
7.84215
7.35765
7.32735
7.23731
7.2379
7.72826
8.10582
8.12945
7.7078
7.28785
7.60081
7.92822
8.07935
7.89214
8.2028
7.70574
7.51412
7.78106
7.25794
8.28635
8.16659
7.59124
7.63843
8.13635
7.61345
7.84996
7.82545
7.86478
8.01874
7.65815
7.80141
7.62518
7.66792
7.90083
7.73963
7.33891
7.38818
7.25643
7.18497
7.07646
6.95274
6.94571
6.99802
7.01994
7.86078
7.601
7.67592
7.77231
7.52592
7.55542
7.73253
7.865
8.14539
8.01628
7.61379
7.843
7.54662
7.94626
7.1922
6.82536
7.08406
6.95923
7.26082
6.88711
6.7281
6.76569
7.07588
7.1881
7.45776
7.28806
7.12454
6.65336
7.08345
7.17229
7.55738
7.73862
7.74669
7.29167
7.61624
7.22658
7.19111
7.05249
7.04086
7.34408
7.04513
6.86837
6.99749
7.00632
7.26202
7.74354
8.17104
7.92917
7.97646
7.89538
7.46855
7.70512
7.41265
7.38493
7.87603
8.04129
7.90163
7.60775
7.38712
7.34743
7.21335
7.59178
7.74948
8.04057
7.81315
8.0498
8.01944
8.12572
8.24435
8.18448
7.8032
7.09449
7.20054
7.38491
7.51563
7.26153
7.04163
6.55878
6.17099
6.44294
6.72216
6.945
7.20067
7.02301
7.20746
7.24406
7.47397
7.68022
7.55036
7.22865
7.00841
7.34781
7.40178
7.28038
7.41269
7.96269
8.00783
7.81072
7.38491
7.4606
7.08712
6.72995
7.14471
7.108
7.57537
7.95013
7.80282
7.79811
7.38811
7.47633
7.62505
7.83082
8.13261
7.78801
7.93489
7.8382
7.68155
7.38338
7.39421
7.30918
7.91346
7.91266
7.73493
8.15233
8.6591
8.71244
8.62942
8.61041
8.62468
8.07158
7.83829
7.97127
7.73006
7.57657
7.52171
7.6285
7.66291
8.00567
7.46826
7.71499
7.67444
7.1734
7.8083
7.93473
7.65866
7.64259
7.83518
7.63523
7.11612
7.16952
7.20518
7.58752
7.85018
8.29234
8.13534
8.36905
8.01851
7.7137
7.744
7.50746
7.99598
7.78858
7.25426
7.68933
8.24839
7.58938
7.32065
7.22965
7.31324
7.32219
7.83618
7.98056
7.68217
7.56665
7.54527
7.71068
7.39412
7.33335
8.17374
7.53142
7.64539
7.30789
7.43163
7.82947
7.32437
7.11233
7.51797
7.55794
7.56457
7.8666
7.77543
7.55038
7.58158
6.8569
7.08208
6.94825
7.0958
7.18924
7.13396
7.09646
7.17765
6.80704
6.8471
7.26813
7.52124
7.15716
7.06766
7.06987
7.43501
7.51823
7.62525
7.82659
7.44473
7.07714
7.07313
6.82365
7.0645
6.89228
7.27428
7.05267
6.90822
6.87969
7.03453
6.9589
6.99043
7.11649
6.68708
6.93967
7.0334
6.86799
7.12209
7.14126
7.06536
7.35118
6.89812
6.97289
6.89846
6.67058
6.25262
6.61363
6.88868
6.85726
7.20848
7.8053
7.7985
7.71615
7.65967
7.81624
7.82877
7.45204
7.6917
7.30716
7.16686
7.65722
7.37378
7.69586
7.41243
7.22759
6.92035
6.90559
6.90696
7.31015
7.14133
7.69649
7.2967
7.75279
7.56801
7.43697
7.22936
7.37947
7.56108
7.5078
7.56126
7.28462
7.74582
7.27814
7.25347
7.4517
7.67448
7.62103
7.25777
7.13149
7.00072
6.96485
6.7426
6.81822
6.5962
6.9037
6.89345
7.40928
7.53691
7.43645
7.64597
7.607
7.19011
6.8368
7.21299
7.41562
7.24994
7.19421
7.4452
7.3625
7.56223
7.71084
7.31197
7.52986
7.65991
7.23184
7.46084
7.58771
7.17992
7.17584
7.13514
6.45259
6.77881
6.80944
7.04235
7.10946
6.83683
6.41985
6.86616
6.54265
6.64061
6.72994
6.41622
6.61995
6.42394
6.279
6.52957
6.74868
6.69243
7.04751
6.63658
7.33955
6.76735
6.71665
6.45939
6.98767
7.41509
7.43288
7.21538
6.82854
6.75648
6.8143
6.61769
6.87188
6.83078
6.92158
7.14847
6.8546
6.87608
6.8872
7.02296
6.70452
6.5688
6.79701
6.75416
6.8002
6.8499
6.95993
7.60893
7.06613
7.12892
7.19485
7.47868
7.68418
7.47977
7.67206
8.36057
8.79058
8.71068
8.78551
8.83388
8.34432
7.83062
7.73882
8.00563
8.0052
7.60506
7.52038
7.48534
7.67831
7.63105
8.1236
8.13932
8.43102
8.20665
8.05958
8.15851
7.91795
7.9414
8.01365
8.4572
8.15929
7.84663
8.12114
8.27867
8.08293
8.25115
7.59893
7.66136
8.04444
8.46139
8.72235
8.62989
8.46224
8.32437
8.21762
8.0141
7.88375
8.00428
7.81188
7.86789
7.98665
7.92822
7.91585
7.66855
7.76196
8.07827
8.08782
8.21303
8.05421
7.98166
7.71851
7.55242
7.73172
7.63659
7.74725
7.32975
7.16715
7.49997
7.62763
7.39266
7.79557
8.01015
7.50007
7.50359
7.29825
7.65662
7.74526
7.66352
7.36209
7.15251
7.39208
7.56875
7.94183
7.7446
7.61768
8.17547
8.09562
7.8548
7.59195
7.35084
7.36164
7.32849
7.35949
7.61253
7.67121
7.79707
7.36043
7.55231
7.12703
7.27384
7.42452
7.03518
7.1019
7.41284
7.20874
7.07604
7.25613
7.25062
7.09902
7.20432
7.45264
7.02776
6.98986
7.45333
7.07184
6.88702
6.91989
7.08897
7.29405
7.51808
7.96145
7.63581
7.71003
7.18864
7.58502
7.3293
7.34699
7.61159
7.53906
7.63481
7.58271
7.48174
7.41235
7.5404
7.4842
7.13688
7.12756
6.96066
6.9053
6.939
6.89422
6.99286
7.16711
7.48937
7.21325
7.31558
7.18112
7.58178
7.58578
7.3104
7.47176
7.51695
7.1754
7.27783
7.57925
7.7105
7.9635
7.78001
7.63407
7.67116
7.84037
7.85666
8.05534
7.45721
7.4744
7.71705
8.11082
7.98902
8.18339
7.99685
7.82116
7.78663
7.51842
8.0795
7.80668
7.73789
7.63918
7.58735
8.08225
7.81294
7.65457
6.96039
7.11598
7.68082
7.43571
7.01627
6.64612
6.86719
7.20063
7.31818
7.34605
7.3341
7.5079
7.56558
7.61552
7.23697
7.43323
7.36832
7.37089
7.32803
6.89514
7.0324
7.34215
7.42607
7.62956
7.92764
7.88505
7.36275
7.06902
6.94647
7.12747
7.14346
7.36334
7.41508
6.80065
6.77143
6.78934
6.66914
6.49874
6.67905
6.9573
7.09893
7.10211
6.73823
6.47546
6.35008
6.37711
6.24551
6.10342
6.1195
6.31458
6.93883
7.14588
7.31863
7.45447
7.33744
7.00817
6.79424
7.42135
7.53942
7.5131
7.59873
7.2808
7.25307
7.14166
6.62587
6.66152
6.82595
6.7379
6.97765
7.08987
7.49655
7.43378
7.6541
7.93455
7.79408
7.44038
7.4052
7.56265
7.48227
7.26368
7.30067
7.43383
7.46278
7.78204
7.81471
7.76547
7.71141
7.62895
7.1318
6.76815
6.82369
6.92492
7.11331
6.92845
7.18426
7.40824
7.36798
7.26545
7.18771
7.11061
7.78955
7.57201
7.74869
7.75938
7.61798
7.82433
7.84706
7.83143
7.94288
7.89233
7.64539
7.41347
7.83555
7.87467
7.9412
8.08057
8.29796
7.7508
8.13099
7.63405
7.6297
7.62518
7.66959
7.69125
7.35244
8.07627
7.91448
8.03633
7.56301
6.87864
7.36975
7.05941
7.15629
7.14901
6.77844
6.68293
6.52712
6.67808
6.70129
6.87712
6.92307
7.1678
6.66248
6.84183
7.21285
7.46148
7.17074
7.0696
6.92069
7.0747
7.71648
7.5799
7.66752
7.77241
7.95479
7.66602
8.03183
7.96271
8.00846
8.08308
7.88233
7.73469
7.82755
8.10226
7.60051
8.11734
7.849
7.51323
7.81263
7.58038
7.31803
7.27689
7.56195
7.60769
7.62141
7.23684
7.34213
7.32688
7.26872
7.21691
7.24213
7.23863
7.52134
7.66497
8.094
7.25907
7.28473
7.38162
7.66083
7.83517
8.0002
8.02406
8.18979
7.9175
8.17965
7.71841
8.11703
7.74591
7.47424
7.3043
7.25565
7.0425
7.27837
7.05728
7.34106
7.42842
7.30261
7.10251
7.39657
7.76694
7.85651
8.12251
8.02155
8.11983
8.12072
7.9094
7.81673
7.86583
7.70497
8.08264
7.68316
6.96983
7.27421
7.57629
7.11808
7.86718
7.59487
7.60849
7.75587
7.42678
7.70615
7.93485
8.18081
8.44232
8.21437
8.26009
8.21809
8.50964
8.14439
8.39347
8.8532
8.50161
7.76682
7.35297
7.47032
7.25348
7.27012
7.81694
7.4861
7.23758
7.17077
7.63266
7.61671
7.34498
7.54913
7.53758
7.54993
7.57218
8.09023
8.23685
8.11262
8.65283
8.08818
7.73413
7.75269
8.00693
8.31249
8.03594
7.71884
7.72687
8.12126
7.60695
7.9962
