-8.44266
-8.24368
-8.19912
-8.10781
-8.09286
-7.98682
-7.95105
-7.87801
-7.86255
-7.8181
-7.76024
-7.80194
-7.80783
-7.86106
-7.81255
-7.76862
-7.76961
-7.67526
-7.64411
-7.54847
-7.65555
-7.58632
-7.62978
-7.70692
-7.69951
-7.64919
-7.62574
-7.63743
-7.5835
-7.59699
-7.56346
-7.59078
-7.60187
-7.60199
-7.63035
-7.55782
-7.56199
-7.56756
-7.61854
-7.66433
-7.66818
-7.56517
-7.56016
-7.63827
-7.67043
-7.68342
-7.72614
-7.6824
-7.66872
-7.64108
-7.62568
-7.65647
-7.66309
-7.6035
-7.65971
-7.67321
-7.77344
-7.72444
-7.73067
-7.67155
-7.69318
-7.6478
-7.65199
-7.59028
-7.46326
-7.48241
-7.50408
-7.53328
-7.56055
-7.48847
-7.57488
-7.53401
-7.53881
-7.58387
-7.5969
-7.5687
-7.55183
-7.62547
-7.65607
-7.67781
-7.65514
-7.63727
-7.6206
-7.59544
-7.57269
-7.59164
-7.58349
-7.62204
-7.59318
-7.59257
-7.56511
-7.49669
-7.55064
-7.58576
-7.56952
-7.47421
-7.46676
-7.45026
-7.45246
-7.40775
-7.35475
-7.38485
-7.36668
-7.41046
-7.46312
-7.53617
-7.5264
-7.54545
-7.54433
-7.5363
-7.53216
-7.5843
-7.5909
-7.50867
-7.49383
-7.57892
-7.63434
-7.57733
-7.43907
-7.45753
-7.40452
-7.45286
-7.47013
-7.47175
-7.49092
-7.55563
-7.65423
-7.58297
-7.54172
-7.58532
-7.56666
-7.57528
-7.60228
-7.68015
-7.541
-7.51354
-7.58541
-7.5435
-7.5213
-7.49857
-7.58772
-7.58544
-7.60516
-7.60973
-7.51776
-7.45441
-7.44926
-7.52711
-7.60547
-7.54861
-7.4898
-7.45868
-7.49483
-7.43566
-7.52162
-7.5606
-7.50514
-7.59944
-7.42289
-7.44103
-7.5452
-7.5407
-7.45548
-7.54441
-7.50046
-7.50742
-7.50551
-7.47273
-7.53916
-7.51268
-7.54032
-7.53778
-7.49694
-7.5213
-7.59159
-7.58475
-7.61253
-7.62441
-7.64765
-7.66738
-7.66845
-7.65785
-7.65779
-7.50533
-7.55268
-7.54146
-7.52438
-7.56613
-7.56111
-7.52753
-7.50133
-7.45273
-7.476
-7.54415
-7.50126
-7.55476
-7.483
-7.61941
-7.68795
-7.63858
-7.66388
-7.61305
-7.67938
-7.70754
-7.70096
-7.647
-7.62397
-7.5778
-7.60723
-7.63549
-7.71481
-7.64323
-7.62946
-7.55913
-7.52715
-7.52525
-7.60232
-7.53965
-7.61051
-7.62225
-7.64217
-7.64623
-7.58779
-7.64356
-7.68483
-7.6605
-7.65416
-7.6073
-7.51738
-7.43728
-7.48288
-7.47986
-7.49151
-7.57122
-7.52932
-7.58813
-7.59547
-7.50109
-7.46665
-7.49034
-7.5456
-7.58716
-7.59117
-7.61978
-7.55069
-7.51944
-7.46068
-7.50588
-7.46216
-7.46996
-7.4564
-7.43667
-7.45071
-7.5113
-7.63687
-7.62365
-7.5936
-7.56791
-7.62017
-7.66285
-7.74292
-7.80633
-7.75638
-7.71139
-7.67527
-7.63353
-7.65699
-7.62154
-7.61262
-7.56878
-7.53387
-7.55572
-7.61035
-7.64261
-7.58437
-7.57609
-7.59651
-7.58009
-7.47137
-7.45729
-7.50024
-7.57753
-7.56954
-7.6358
-7.70226
-7.63246
-7.6411
-7.55387
-7.48992
-7.50897
-7.5116
-7.58643
-7.56219
-7.54173
-7.5041
-7.4471
-7.51568
-7.49119
-7.50478
-7.53617
-7.58775
-7.58599
-7.60047
-7.49842
-7.49459
-7.52632
-7.44401
-7.3514
-7.34533
-7.36576
-7.36917
-7.36092
-7.45253
-7.49703
-7.48428
-7.52448
-7.55623
-7.56628
-7.54237
-7.5316
-7.4705
-7.57008
-7.5292
-7.53125
-7.62061
-7.50967
-7.48469
-7.53114
-7.53671
-7.50042
-7.5392
-7.63188
-7.62347
-7.61069
-7.5432
-7.50008
-7.42174
-7.4465
-7.39971
-7.46911
-7.52211
-7.51478
-7.55854
-7.47159
-7.50849
-7.61123
-7.53458
-7.42424
-7.54498
-7.59219
-7.60852
-7.58705
-7.58459
-7.49704
-7.47202
-7.52977
-7.54846
-7.55754
-7.5249
-7.58286
-7.59682
-7.44802
-7.55807
-7.52802
-7.59143
-7.57154
-7.50275
-7.59462
-7.6346
-7.5646
-7.55476
-7.55412
-7.50695
-7.52727
-7.56471
-7.55499
-7.68804
-7.64917
-7.6684
-7.64043
-7.62284
-7.63198
-7.64452
-7.62543
-7.69447
-7.68237
-7.60645
-7.56568
-7.62541
-7.64132
-7.64212
-7.57635
-7.56273
-7.54712
-7.50728
-7.5735
-7.64031
-7.63741
-7.67588
-7.63881
-7.66616
-7.59824
-7.64204
-7.66857
-7.6753
-7.64966
-7.6666
-7.65725
-7.63609
-7.71291
-7.66139
-7.64755
-7.67621
-7.63117
-7.63125
-7.64278
-7.59283
-7.67664
-7.66519
-7.67848
-7.71225
-7.78871
-7.72354
-7.67355
-7.67509
-7.61544
-7.50508
-7.507
-7.52309
-7.53145
-7.50392
-7.49996
-7.56968
-7.52968
-7.60141
-7.62789
-7.54168
-7.5921
-7.52612
-7.57805
-7.611
-7.66441
-7.66761
-7.66824
-7.59772
-7.62928
-7.52621
-7.59746
-7.51513
-7.54704
-7.57583
-7.61609
-7.58333
-7.55305
-7.56472
-7.55345
-7.60255
-7.5176
-7.60016
-7.6078
-7.57084
-7.52985
-7.54041
-7.60635
-7.63118
-7.65938
-7.66368
-7.69732
-7.68402
-7.72563
-7.67008
-7.67164
-7.58723
-7.57031
-7.58583
-7.54805
-7.55441
-7.62401
-7.68609
-7.61637
-7.58138
-7.61606
-7.63416
-7.58454
-7.59844
-7.56376
-7.53095
-7.59906
-7.56073
-7.53934
-7.61347
-7.5743
-7.54832
-7.62487
-7.62923
-7.63328
-7.74892
-7.68923
-7.68628
-7.64519
-7.63733
-7.68168
-7.75549
-7.67553
-7.73468
-7.71843
-7.70052
-7.75337
-7.72044
-7.75419
-7.78227
-7.73936
-7.69979
-7.70184
-7.64502
-7.71689
-7.5842
-7.69336
-7.70148
-7.74199
-7.65064
-7.57352
-7.57522
-7.6193
-7.68839
-7.69974
-7.68627
-7.72402
-7.67642
-7.68656
-7.66679
-7.62208
-7.68411
-7.67727
-7.6808
-7.65303
-7.70902
-7.73364
-7.68853
-7.69847
-7.69286
-7.68074
-7.65935
-7.54016
-7.6332
-7.6192
-7.61177
-7.56093
-7.52799
-7.56837
-7.53103
-7.4044
-7.32375
-7.33726
-7.32645
-7.32395
-7.41479
-7.50094
-7.5209
-7.47689
-7.47749
-7.55124
-7.56506
-7.56581
-7.53034
-7.53553
-7.44293
-7.44239
-7.39805
-7.44286
-7.46521
-7.44792
-7.49695
-7.48621
-7.47339
-7.39587
-7.44441
-7.50202
-7.45536
-7.42466
-7.4568
-7.43533
-7.55161
-7.53771
-7.46891
-7.3987
-7.34632
-7.36869
-7.39708
-7.42241
-7.44086
-7.46902
-7.49466
-7.47277
-7.52171
-7.51272
-7.49094
-7.49769
-7.50107
-7.54653
-7.52132
-7.46393
-7.46086
-7.43661
-7.46517
-7.47563
-7.52854
-7.56277
-7.53176
-7.54164
-7.52086
-7.59761
-7.61825
-7.56856
-7.5444
-7.58797
-7.51577
-7.4774
-7.56489
-7.55955
-7.59838
-7.52895
-7.51718
-7.52887
-7.58066
-7.62226
-7.57603
-7.54436
-7.47998
-7.51868
-7.53658
-7.43726
-7.457
-7.49732
-7.53949
-7.58924
-7.59743
-7.60865
-7.59678
-7.54776
-7.54057
-7.51861
-7.59568
-7.55703
-7.63917
-7.61135
-7.57977
-7.65021
-7.64489
-7.58128
-7.61598
-7.63724
-7.60441
-7.609
-7.63142
-7.6155
-7.57213
-7.64772
-7.65117
-7.56919
-7.63819
-7.66776
-7.66558
-7.63274
-7.59588
-7.55186
-7.47535
-7.5347
-7.5266
-7.62091
-7.55374
-7.59278
-7.589
-7.54501
-7.56009
-7.54512
-7.54872
-7.5617
-7.57128
-7.55009
-7.5627
-7.62754
-7.62875
-7.66228
-7.66963
-7.66427
-7.66871
-7.65482
-7.62756
-7.57212
-7.61269
-7.59756
-7.62347
-7.55109
-7.54419
-7.59556
-7.56794
-7.56151
-7.62162
-7.60234
-7.54627
-7.5206
-7.47654
-7.50918
-7.53382
-7.53044
-7.49708
-7.49517
-7.45348
-7.56326
-7.56187
-7.52324
-7.4523
-7.46793
-7.43295
-7.46393
-7.49861
-7.51268
-7.56364
-7.4584
-7.51042
-7.5215
-7.5405
-7.54673
-7.45578
-7.51244
-7.54184
-7.66505
-7.63755
-7.53936
-7.57811
-7.65165
-7.72135
-7.67668
-7.61368
-7.5966
-7.59292
-7.59298
-7.55917
-7.54763
-7.54673
-7.61243
-7.57863
-7.58639
-7.58374
-7.5904
-7.66947
-7.64438
-7.58454
-7.58032
-7.54789
-7.49026
-7.48985
-7.58604
-7.63446
-7.65668
-7.63064
-7.62483
-7.58511
-7.57072
-7.683
-7.68997
-7.68666
-7.71041
-7.74273
-7.71134
-7.66395
-7.63841
-7.63519
-7.69909
-7.74887
-7.77231
-7.7652
-7.78934
-7.81376
-7.80713
-7.77074
-7.66071
-7.62645
-7.59501
-7.57139
-7.59028
-7.64826
-7.68149
-7.56969
-7.55054
-7.55541
-7.54002
-7.59936
-7.60763
-7.62476
-7.72049
-7.71895
-7.6878
-7.70893
-7.66725
-7.65196
-7.57932
-7.58543
-7.53555
-7.4849
-7.51549
-7.57697
-7.58201
-7.55347
-7.56408
-7.61012
-7.60844
-7.57995
-7.57813
-7.51392
-7.51129
-7.5159
-7.52658
-7.54324
-7.63299
-7.69687
-7.68713
-7.66935
-7.63421
-7.66518
-7.62197
-7.58237
-7.59182
-7.60899
-7.62675
-7.63997
-7.51773
-7.55216
-7.52295
-7.51828
-7.54156
-7.50023
-7.50273
-7.5091
-7.48477
-7.48616
-7.5338
-7.57569
-7.50405
-7.49573
-7.48401
-7.45462
-7.41384
-7.50747
-7.4365
-7.52497
-7.53183
-7.53538
-7.52719
-7.51435
-7.57426
-7.44375
-7.47323
-7.46174
-7.54731
-7.6696
-7.57869
-7.64346
-7.62618
-7.62733
-7.69218
-7.71033
-7.7412
-7.713
-7.70555
-7.67354
-7.67296
-7.62502
-7.71343
-7.68288
-7.62061
-7.57007
-7.6211
-7.63956
-7.67106
-7.64124
-7.52486
-7.54772
-7.53136
-7.51408
-7.48391
-7.53516
-7.46762
-7.48067
-7.47387
-7.46652
-7.49852
-7.52281
-7.51059
-7.46846
-7.55516
-7.46305
-7.50937
-7.56498
-7.50804
-7.54553
-7.59574
-7.60321
-7.54843
-7.5436
-7.53919
-7.60943
-7.59032
-7.59148
-7.60971
-7.61804
-7.61197
-7.61291
-7.56039
-7.53306
-7.46157
-7.61092
-7.60267
-7.58606
-7.53988
-7.50713
-7.47821
-7.46998
-7.43668
-7.48965
-7.44593
-7.5222
-7.45174
-7.51685
-7.56866
-7.59746
-7.60762
-7.63906
-7.59756
-7.64235
-7.59085
-7.57198
-7.60465
-7.63381
-7.5808
-7.5128
-7.49682
-7.45367
-7.46993
-7.44985
-7.44745
-7.48354
-7.50198
-7.49402
-7.52102
-7.45586
-7.52885
-7.65589
-7.60079
-7.55028
-7.63215
-7.49843
-7.54743
-7.54309
-7.52256
-7.58418
-7.5348
-7.48659
-7.44778
-7.40227
-7.43934
-7.42402
-7.433
-7.3781
-7.44572
-7.40788
-7.32691
-7.38192
-7.51314
-7.58251
-7.56437
-7.60436
-7.60239
-7.50394
-7.56937
-7.60868
-7.61733
-7.54005
-7.54623
-7.59225
-7.55278
-7.55748
-7.5573
-7.55342
-7.46098
-7.42847
-7.45291
-7.35349
-7.45846
-7.52536
-7.52535
-7.47441
-7.41208
-7.45844
-7.51447
-7.51479
-7.44846
-7.54526
-7.47126
