        -4.165             0             0
         -4.08             0             0
        -3.995             0             0
         -3.91             0             0
        -3.825             0             0
         -3.74             0             0
        -3.655             0             0
         -3.57             0             0
        -3.485             0             0
          -3.4             0             0
        -3.315             0             0
         -3.23             0             0
        -3.145             0             0
         -3.06             0             0
        -2.975   1.17647e-05   1.17647e-05
         -2.89             0             0
        -2.805             0             0
         -2.72   5.88235e-05   4.83917e-05
        -2.635   3.52941e-05   2.62002e-05
         -2.55   0.000129412   4.98714e-05
        -2.465   0.000423529   0.000112818
         -2.38    0.00107059   0.000189991
        -2.295    0.00108235   0.000201133
         -2.21    0.00272941   0.000318537
        -2.125    0.00518824   0.000442443
         -2.04    0.00850588   0.000575344
        -1.955     0.0130941   0.000635126
         -1.87     0.0205647   0.000773631
        -1.785     0.0303412    0.00103732
          -1.7     0.0454706    0.00128717
        -1.615        0.0652    0.00152847
         -1.53     0.0906235    0.00157081
        -1.445      0.126188    0.00199343
         -1.36      0.158259    0.00203897
        -1.275      0.198941    0.00225206
         -1.19      0.243765    0.00286199
        -1.105      0.280035    0.00305811
         -1.02      0.323035    0.00262749
        -0.935      0.349506    0.00375532
         -0.85      0.377176    0.00322064
        -0.765      0.386765    0.00349687
         -0.68        0.3894     0.0032029
        -0.595      0.390871    0.00333826
         -0.51      0.387435     0.0033263
        -0.425      0.369035    0.00306826
         -0.34      0.351424    0.00276925
        -0.255      0.333824    0.00276101
         -0.17      0.323729    0.00257312
        -0.085      0.308976    0.00274274
             0        0.3036     0.0024196
         0.085      0.307247    0.00228987
          0.17      0.310141    0.00247484
         0.255      0.321153    0.00250991
          0.34      0.332871    0.00273575
         0.425      0.354412    0.00299963
          0.51      0.365694    0.00297122
         0.595      0.378341    0.00324469
          0.68      0.393176    0.00319212
         0.765      0.397741    0.00370352
          0.85        0.3906    0.00311519
         0.935      0.376459    0.00305907
          1.02      0.350118    0.00318581
         1.105      0.320859    0.00318944
          1.19      0.279247    0.00280647
         1.275      0.240635     0.0024314
          1.36      0.198188     0.0023313
         1.445      0.155812    0.00210973
          1.53      0.119706    0.00200892
         1.615     0.0927412    0.00171158
           1.7     0.0660353    0.00141272
         1.785     0.0447882     0.0012983
          1.87     0.0299882    0.00102118
         1.955     0.0206941   0.000860001
          2.04     0.0141412   0.000667606
         2.125    0.00771765   0.000486171
          2.21    0.00477647   0.000337686
         2.295    0.00190588   0.000247898
          2.38    0.00149412    0.00023101
         2.465   0.000729412   0.000161067
          2.55   0.000341176   0.000104821
         2.635   0.000188235   8.31386e-05
          2.72        0.0002   0.000127408
         2.805   3.52941e-05   3.52941e-05
          2.89   3.52941e-05   2.62002e-05
         2.975             0             0
          3.06             0             0
         3.145             0             0
          3.23             0             0
         3.315             0             0
           3.4             0             0
         3.485             0             0
          3.57             0             0
         3.655             0             0
          3.74             0             0
         3.825             0             0
          3.91             0             0
         3.995             0             0
          4.08             0             0
         4.165             0             0
          4.25             0             0
