           1     12.7397     12.7397           0
           2     12.7729     12.7563   0.0166128
           3     12.8692      12.794   0.0388336
           4     12.6896     12.7679   0.0378803
           5     12.7903     12.7724   0.0296842
           6     12.7094     12.7619   0.0264139
           7     12.8064     12.7682   0.0232121
           8     12.6231     12.7501   0.0270813
           9     12.8222     12.7581   0.0251911
          10     12.6729     12.7496   0.0240888
          11     12.7605     12.7506   0.0218117
          12     12.6771     12.7444    0.020832
          13     12.7917     12.7481   0.0195051
          14     12.6925     12.7441   0.0184892
          15     12.7881      12.747   0.0174604
          16     12.7843     12.7494   0.0164975
          17     12.6316     12.7424   0.0169735
          18     12.8249      12.747   0.0166454
          19     12.8509     12.7525   0.0166677
          20     12.8286     12.7563   0.0162639
          21     12.6456      12.751   0.0163427
          22     12.8283     12.7545   0.0159734
          23     12.7448     12.7541    0.015269
          24     12.7117     12.7523   0.0147253
          25     12.9237     12.7592   0.0156998
          26      12.932     12.7658   0.0164824
          27     12.7501     12.7653   0.0158709
          28     12.7626     12.7652   0.0152939
          29     12.6544     12.7613   0.0152436
          30     12.8439     12.7641   0.0149817
          31     12.8205     12.7659   0.0146042
          32     12.7328     12.7649   0.0141782
          33     12.7249     12.7637   0.0137951
          34     12.8186     12.7653   0.0134805
          35     12.8351     12.7673   0.0132408
          36     12.7636     12.7672   0.0128681
          37     12.6217     12.7633    0.013119
          38     12.7341     12.7625   0.0127921
          39     12.7928     12.7633   0.0124841
          40     12.7653     12.7633   0.0121681
          41      12.756     12.7631   0.0118689
          42     12.6109     12.7595   0.0121367
          43     12.7822       12.76   0.0118628
          44     12.7203     12.7591   0.0116252
          45     12.7063      12.758   0.0114244
          46     12.7365     12.7575   0.0111831
          47     12.8471     12.7594   0.0111074
          48       12.85     12.7613   0.0110361
          49     12.7219     12.7605   0.0108385
          50     12.7266     12.7598   0.0106411
          51     12.7984     12.7606   0.0104578
          52     12.8339      12.762   0.0103511
          53     12.7415     12.7616   0.0101613
          54     12.8085     12.7625   0.0100091
          55     12.5721      12.759    0.010417
          56     12.6469      12.757   0.0104233
          57     12.8396     12.7584    0.010341
          58     12.7899      12.759   0.0101756
          59     12.8165       12.76    0.010049
          60      12.797     12.7606  0.00989939
          61     12.8563     12.7621  0.00986148
          62     12.7226     12.7615  0.00972201
          63     12.6195     12.7593  0.00982851
          64     12.7498     12.7591  0.00967484
          65     12.6617     12.7576  0.00964196
          66       12.89     12.7596  0.00970425
          67      12.656     12.7581  0.00968269
          68     12.6733     12.7568  0.00962027
          69     12.7187     12.7563  0.00949588
          70     12.8032     12.7569  0.00938324
          71     12.6704     12.7557  0.00933014
          72        12.8     12.7563  0.00922018
          73     12.7742     12.7566   0.0090963
          74     12.6895     12.7557  0.00901817
          75     12.7139     12.7551  0.00891452
          76     12.6641     12.7539  0.00887754
          77     12.8035     12.7546  0.00878516
          78     12.7567     12.7546  0.00867184
          79     12.6582     12.7534  0.00864795
          80     12.8233     12.7542  0.00858377
          81     12.7057     12.7536  0.00849828
          82     12.7942     12.7541  0.00840855
          83     12.7964     12.7546  0.00832218
          84     12.6295     12.7532  0.00835645
          85     12.7606     12.7532  0.00825801
          86     12.8504     12.7544   0.0082393
          87     12.7721     12.7546   0.0081466
          88     12.7378     12.7544  0.00805574
          89     12.8576     12.7555  0.00804871
          90     12.7089      12.755  0.00797562
          91     12.7582     12.7551  0.00788757
          92      12.836     12.7559  0.00785076
          93     12.6318     12.7546  0.00787987
          94     12.6397     12.7534  0.00789085
          95     12.8889     12.7548   0.0079365
          96     12.6726      12.754  0.00789998
          97     12.7583      12.754  0.00781824
          98     12.8157     12.7546  0.00776366
          99     12.7778     12.7549  0.00768839
         100     12.8457     12.7558  0.00766514
