           1    -3.75091    -3.75091           0
           2    -3.75084    -3.75087 3.75704e-05
           3       -3.75    -3.75058 0.000293189
           4    -3.74966    -3.75035 0.000309352
           5    -3.74925    -3.75013 0.000325847
           6    -3.75036    -3.75017 0.000268863
           7     -3.7525     -3.7505 0.000403091
           8    -3.75023    -3.75047  0.00035069
           9    -3.74928    -3.75034 0.000336075
          10    -3.75078    -3.75038 0.000303808
          11    -3.75024    -3.75037 0.000275118
          12    -3.75026    -3.75036 0.000251298
          13    -3.75058    -3.75038 0.000231783
          14    -3.75187    -3.75048 0.000239682
          15     -3.7499    -3.75044 0.000226507
          16     -3.7502    -3.75043 0.000212438
          17    -3.74913    -3.75035 0.000213656
          18    -3.75153    -3.75042 0.000211762
          19    -3.75046    -3.75042 0.000200319
          20    -3.74961    -3.75038 0.000194255
          21    -3.74899    -3.75031   0.0001963
          22      -3.749    -3.75025 0.000196418
          23    -3.74912     -3.7502 0.000194059
          24    -3.75228    -3.75029 0.000204865
          25    -3.75132    -3.75033 0.000200772
          26    -3.75203     -3.7504 0.000203652
          27    -3.75099    -3.75042 0.000197207
          28    -3.75286    -3.75051 0.000209104
          29    -3.75026     -3.7505 0.000201938
          30    -3.74896    -3.75045 0.000201709
          31    -3.74979    -3.75043 0.000196232
          32    -3.75105    -3.75045  0.00019101
          33    -3.74978    -3.75043 0.000186214
          34    -3.75199    -3.75047 0.000186433
          35    -3.75103    -3.75049 0.000181731
          36    -3.75025    -3.75048 0.000176732
          37    -3.75009    -3.75047 0.000172213
          38    -3.75023    -3.75046 0.000167743
          39    -3.75014    -3.75046 0.000163596
          40    -3.75048    -3.75046 0.000159455
          41    -3.75083    -3.75047 0.000155787
          42    -3.74912    -3.75043 0.000155346
          43    -3.74897     -3.7504 0.000155436
          44    -3.75025     -3.7504 0.000151899
          45    -3.74943    -3.75037 0.000150023
          46    -3.75204    -3.75041 0.000151115
          47    -3.75103    -3.75042 0.000148453
          48    -3.74994    -3.75041  0.00014568
          49     -3.7489    -3.75038 0.000145992
          50    -3.74941    -3.75036 0.000144372
          51    -3.75033    -3.75036 0.000141514
          52    -3.75027    -3.75036 0.000138778
          53    -3.75031    -3.75036 0.000136138
          54    -3.74931    -3.75034    0.000135
          55    -3.74949    -3.75032 0.000133417
          56    -3.75012    -3.75032 0.000131064
          57    -3.74926     -3.7503 0.000130078
          58    -3.75109    -3.75032 0.000128536
          59    -3.75073    -3.75032 0.000126531
          60    -3.74995    -3.75032 0.000124558
          61    -3.75062    -3.75032 0.000122597
          62    -3.74936    -3.75031 0.000121603
          63    -3.74941    -3.75029 0.000120496
          64     -3.7509     -3.7503 0.000118984
          65     -3.7489    -3.75028 0.000119113
          66    -3.75096    -3.75029 0.000117744
          67    -3.75056    -3.75029 0.000116042
          68    -3.75035     -3.7503 0.000114326
          69    -3.75096     -3.7503 0.000113068
          70    -3.74922    -3.75029  0.00011252
          71    -3.75173    -3.75031 0.000112757
          72    -3.75211    -3.75033 0.000113955
          73    -3.75052    -3.75034 0.000112413
          74    -3.75044    -3.75034 0.000110893
          75    -3.74953    -3.75033  0.00010993
          76    -3.74943    -3.75032 0.000109109
          77    -3.74848    -3.75029 0.000110298
          78    -3.75043    -3.75029 0.000108888
          79    -3.74969    -3.75029 0.000107768
          80    -3.75054    -3.75029 0.000106458
          81    -3.74874    -3.75027 0.000106862
          82    -3.74912    -3.75026 0.000106474
          83     -3.7496    -3.75025 0.000105481
          84    -3.74988    -3.75024 0.000104309
          85    -3.75001    -3.75024  0.00010311
          86    -3.74867    -3.75022 0.000103534
          87    -3.75012    -3.75022 0.000102344
          88    -3.75101    -3.75023 0.000101573
          89    -3.75083    -3.75024 0.000100651
          90    -3.75012    -3.75024 9.95357e-05
          91    -3.75052    -3.75024  9.8486e-05
          92    -3.75067    -3.75024 9.75229e-05
          93    -3.74796    -3.75022 9.95552e-05
          94    -3.75024    -3.75022 9.84908e-05
          95    -3.74931    -3.75021  9.7919e-05
          96    -3.75001    -3.75021 9.69171e-05
          97    -3.75189    -3.75023 9.74764e-05
          98    -3.75063    -3.75023 9.65671e-05
          99    -3.75044    -3.75023 9.56103e-05
         100    -3.75049    -3.75023 9.46853e-05
