           1     1.40843     1.40843           0
           2     1.40876      1.4086 0.000167994
           3     1.39375     1.40365  0.00495123
           4      1.4215     1.40811  0.00567193
           5     1.40962     1.40841  0.00440381
           6     1.41556      1.4096  0.00378817
           7     1.40179     1.40849  0.00339049
           8     1.42763     1.41088   0.0037878
           9     1.40489     1.41021  0.00340624
          10     1.42476     1.41167  0.00337623
          11     1.40925     1.41145  0.00306183
          12     1.41751     1.41195  0.00284032
          13     1.40634     1.41152  0.00264817
          14     1.41389     1.41169  0.00245757
          15     1.40761     1.41142  0.00230395
          16     1.40842     1.41123  0.00216327
          17      1.4239     1.41198   0.0021644
          18     1.40096     1.41136  0.00213037
          19     1.39751     1.41064  0.00214308
          20     1.40174     1.41019  0.00208115
          21     1.42246     1.41078  0.00206402
          22     1.40707     1.41061  0.00197517
          23     1.41261     1.41069  0.00188935
          24     1.41196     1.41075  0.00180968
          25     1.39472     1.41011  0.00185032
          26     1.39029     1.40934   0.0019342
          27        1.41     1.40937  0.00186134
          28     1.40756      1.4093   0.0017948
          29     1.42134     1.40972  0.00178086
          30     1.39792     1.40933  0.00176488
          31      1.3981     1.40896  0.00174498
          32      1.4113     1.40904  0.00169115
          33     1.41169     1.40912  0.00164107
          34     1.40455     1.40898  0.00159773
          35     1.40022     1.40873  0.00157146
          36     1.41104      1.4088  0.00152853
          37     1.42375      1.4092  0.00154062
          38     1.40884     1.40919  0.00149956
          39     1.40354     1.40905  0.00146777
          40     1.41253     1.40913  0.00143326
          41     1.41027     1.40916  0.00139813
          42     1.42422     1.40952  0.00141078
          43     1.40552     1.40943  0.00138072
          44     1.41498     1.40955  0.00135488
          45     1.41979     1.40978  0.00134383
          46     1.40855     1.40975  0.00131456
          47     1.40409     1.40963  0.00129193
          48     1.39843      1.4094  0.00128608
          49      1.4173     1.40956  0.00126982
          50     1.41288     1.40963  0.00124593
          51     1.40453     1.40953  0.00122535
          52       1.404     1.40942  0.00120625
          53     1.41302     1.40949  0.00118521
          54     1.40409     1.40939  0.00116735
          55     1.42768     1.40972   0.0011932
          56       1.424     1.40998  0.00119914
          57     1.39827     1.40977  0.00119568
          58     1.40452     1.40968  0.00117837
          59     1.40493      1.4096  0.00116102
          60     1.40769     1.40957  0.00114195
          61     1.40121     1.40943  0.00113141
          62     1.41321     1.40949  0.00111467
          63     1.42202     1.40969  0.00111472
          64     1.41175     1.40972  0.00109764
          65      1.4229     1.40993  0.00109948
          66     1.39519      1.4097  0.00110548
          67     1.41976     1.40985  0.00109916
          68     1.42112     1.41002  0.00109549
          69      1.4121     1.41005  0.00107991
          70     1.40735     1.41001  0.00106507
          71     1.42094     1.41016  0.00106119
          72     1.40175     1.41005  0.00105286
          73      1.4083     1.41002  0.00103861
          74     1.41097     1.41004  0.00102456
          75     1.41474      1.4101  0.00101275
          76     1.42334     1.41027  0.00101441
          77     1.40729     1.41023   0.0010019
          78     1.40623     1.41018 0.000990304
          79     1.41979      1.4103 0.000985231
          80     1.40436     1.41023 0.000975669
          81      1.4176     1.41032 0.000967832
          82     1.40882      1.4103 0.000956132
          83     1.41128     1.41031 0.000944616
          84     1.42616      1.4105 0.000952165
          85     1.41373     1.41054 0.000941662
          86      1.4004     1.41042 0.000938086
          87     1.40513     1.41036 0.000929237
          88      1.4139      1.4104 0.000919498
          89     1.39892     1.41027 0.000918219
          90     1.41372     1.41031 0.000908765
          91     1.41021     1.41031 0.000898724
          92     1.39734     1.41017  0.00090001
          93     1.42456     1.41032 0.000903629
          94     1.42131     1.41044 0.000901567
          95      1.3943     1.41027 0.000908068
          96     1.41913     1.41036 0.000903288
          97     1.40891     1.41035 0.000894053
          98     1.40482     1.41029  0.00088668
          99     1.40957     1.41028 0.000877708
         100     1.39648     1.41015 0.000879789
