           1     2.11264     2.11264           0
           2     2.11315     2.11289 0.000251991
           3     2.09062     2.10547  0.00742685
           4     2.13224     2.11216   0.0085079
           5     2.11443     2.11262  0.00660572
           6     2.12334      2.1144  0.00568226
           7     2.10269     2.11273  0.00508574
           8     2.14144     2.11632   0.0056817
           9     2.10733     2.11532  0.00510937
          10     2.13714      2.1175  0.00506434
          11     2.11387     2.11717  0.00459274
          12     2.12626     2.11793  0.00426047
          13     2.10951     2.11728  0.00397226
          14     2.12084     2.11754  0.00368635
          15     2.11142     2.11713  0.00345593
          16     2.11263     2.11685   0.0032449
          17     2.13585     2.11797  0.00324659
          18     2.10144     2.11705  0.00319556
          19     2.09626     2.11595  0.00321462
          20     2.10262     2.11529  0.00312172
          21     2.13369     2.11616  0.00309603
          22      2.1106     2.11591  0.00296276
          23     2.11892     2.11604  0.00283403
          24     2.11794     2.11612  0.00271453
          25     2.09209     2.11516  0.00277548
          26     2.08544     2.11402   0.0029013
          27       2.115     2.11405  0.00279201
          28     2.11134     2.11395   0.0026922
          29     2.13201     2.11458  0.00267129
          30     2.09687     2.11399  0.00264732
          31     2.09715     2.11344  0.00261746
          32     2.11695     2.11355  0.00253672
          33     2.11753     2.11367  0.00246161
          34     2.10683     2.11347  0.00239659
          35     2.10034      2.1131  0.00235718
          36     2.11657     2.11319   0.0022928
          37     2.13563      2.1138  0.00231093
          38     2.11327     2.11379  0.00224934
          39     2.10531     2.11357  0.00220165
          40      2.1188      2.1137  0.00214988
          41      2.1154     2.11374   0.0020972
          42     2.13633     2.11428  0.00211617
          43     2.10828     2.11414  0.00207108
          44     2.12248     2.11433  0.00203232
          45     2.12969     2.11467  0.00201574
          46     2.11282     2.11463  0.00197184
          47     2.10613     2.11445  0.00193789
          48     2.09765      2.1141  0.00192911
          49     2.12594     2.11434  0.00190474
          50     2.11932     2.11444   0.0018689
          51     2.10679     2.11429  0.00183802
          52       2.106     2.11413  0.00180937
          53     2.11952     2.11423  0.00177782
          54     2.10613     2.11408  0.00175102
          55     2.14152     2.11458   0.0017898
          56       2.136     2.11496   0.0017987
          57     2.09741     2.11466  0.00179351
          58     2.10677     2.11452  0.00176755
          59     2.10739      2.1144  0.00174154
          60     2.11153     2.11435  0.00171293
          61     2.10181     2.11415  0.00169711
          62     2.11981     2.11424  0.00167201
          63     2.13303     2.11454  0.00167209
          64     2.11762     2.11458  0.00164646
          65     2.13435     2.11489  0.00164922
          66     2.09278     2.11455  0.00165821
          67     2.12964     2.11478  0.00164873
          68     2.13169     2.11503  0.00164323
          69     2.11814     2.11507  0.00161987
          70     2.11103     2.11501  0.00159761
          71     2.13141     2.11525  0.00159179
          72     2.10262     2.11507  0.00157929
          73     2.11244     2.11503  0.00155792
          74     2.11645     2.11505  0.00153684
          75     2.12211     2.11515  0.00151912
          76     2.13501     2.11541  0.00152162
          77     2.11093     2.11535  0.00150285
          78     2.10935     2.11527  0.00148546
          79     2.12969     2.11546  0.00147785
          80     2.10654     2.11534   0.0014635
          81      2.1264     2.11548  0.00145175
          82     2.11323     2.11545   0.0014342
          83     2.11692     2.11547  0.00141692
          84     2.13923     2.11575  0.00142825
          85     2.12059     2.11581  0.00141249
          86      2.1006     2.11563  0.00140713
          87     2.10769     2.11554  0.00139386
          88     2.12085      2.1156  0.00137925
          89     2.09838     2.11541  0.00137733
          90     2.12057     2.11547  0.00136315
          91     2.11531     2.11547  0.00134809
          92     2.09601     2.11525  0.00135002
          93     2.13684     2.11549  0.00135544
          94     2.13196     2.11566  0.00135235
          95     2.09145     2.11541   0.0013621
          96      2.1287     2.11554  0.00135493
          97     2.11336     2.11552  0.00134108
          98     2.10723     2.11544  0.00133002
          99     2.11436     2.11543  0.00131656
         100     2.09471     2.11522  0.00131968
