           1    -5.86355    -5.86355           0
           2    -5.86398    -5.86377  0.00021442
           3    -5.84061    -5.85605   0.0077188
           4    -5.88191    -5.86251  0.00846015
           5    -5.86367    -5.86275  0.00655731
           6    -5.87371    -5.86457  0.00565716
           7    -5.85519    -5.86323  0.00496565
           8    -5.89168    -5.86679  0.00558007
           9    -5.85661    -5.86566  0.00504929
          10    -5.88792    -5.86788  0.00503524
          11    -5.86411    -5.86754  0.00456746
          12    -5.87653    -5.86829  0.00423621
          13    -5.86009    -5.86766  0.00394749
          14    -5.87271    -5.86802  0.00367242
          15    -5.86132    -5.86757  0.00344788
          16    -5.86283    -5.86728  0.00323877
          17    -5.88498    -5.86832  0.00321566
          18    -5.85297    -5.86746  0.00314932
          19    -5.84672    -5.86637  0.00317278
          20    -5.85223    -5.86567  0.00309191
          21    -5.88268    -5.86648  0.00305058
          22     -5.8596    -5.86616  0.00292534
          23    -5.86803    -5.86624  0.00279645
          24    -5.87021    -5.86641   0.0026825
          25    -5.84341    -5.86549  0.00273254
          26    -5.83747    -5.86441  0.00283798
          27      -5.866    -5.86447  0.00273147
          28     -5.8642    -5.86446  0.00263213
          29    -5.88228    -5.86508  0.00261299
          30    -5.84583    -5.86443  0.00260458
          31    -5.84694    -5.86387  0.00258158
          32    -5.86801      -5.864  0.00250294
          33    -5.86732     -5.8641    0.002428
          34    -5.85882    -5.86394  0.00236062
          35    -5.85137    -5.86359  0.00232018
          36    -5.86682    -5.86367   0.0022566
          37    -5.88572    -5.86427  0.00227419
          38    -5.86349    -5.86425  0.00221363
          39    -5.85545    -5.86402  0.00216789
          40    -5.86928    -5.86416  0.00211708
          41    -5.86623    -5.86421  0.00206542
          42    -5.88546    -5.86471  0.00207818
          43    -5.85725    -5.86454  0.00203668
          44    -5.87273    -5.86473  0.00199855
          45    -5.87912    -5.86505  0.00197964
          46    -5.86486    -5.86504  0.00193613
          47    -5.85716    -5.86487  0.00190189
          48    -5.84759    -5.86451  0.00189637
          49    -5.87484    -5.86472  0.00186918
          50    -5.86872     -5.8648  0.00183316
          51    -5.85712    -5.86465  0.00180317
          52    -5.85627    -5.86449  0.00177549
          53    -5.86983    -5.86459  0.00174458
          54    -5.85544    -5.86442  0.00172033
          55    -5.89101    -5.86491  0.00175658
          56    -5.88613    -5.86529  0.00176606
          57    -5.84667    -5.86496  0.00176527
          58    -5.85786    -5.86484  0.00173888
          59    -5.85812    -5.86472  0.00171294
          60    -5.86148    -5.86467  0.00168502
          61    -5.85243    -5.86447  0.00166926
          62    -5.86917    -5.86454  0.00164387
          63    -5.88244    -5.86483  0.00164233
          64    -5.86853    -5.86489   0.0016175
          65    -5.88325    -5.86517  0.00161729
          66    -5.84374    -5.86484  0.00162535
          67     -5.8802    -5.86507  0.00161724
          68    -5.88204    -5.86532   0.0016127
          69     -5.8691    -5.86538   0.0015901
          70    -5.86025     -5.8653  0.00156893
          71    -5.88314    -5.86556  0.00156694
          72    -5.85473     -5.8654  0.00155232
          73    -5.86297    -5.86537  0.00153127
          74     -5.8669    -5.86539  0.00151058
          75    -5.87164    -5.86548  0.00149263
          76    -5.88445    -5.86572  0.00149386
          77    -5.85941    -5.86564  0.00147661
          78    -5.85977    -5.86557   0.0014595
          79    -5.87939    -5.86574  0.00145148
          80    -5.85708    -5.86563  0.00143731
          81    -5.87514    -5.86575   0.0014243
          82    -5.86235    -5.86571  0.00140743
          83    -5.86652    -5.86572   0.0013904
          84    -5.88912      -5.866   0.0014017
          85     -5.8706    -5.86605  0.00138617
          86    -5.84927    -5.86586  0.00138379
          87    -5.85781    -5.86576  0.00137092
          88    -5.87187    -5.86583  0.00135702
          89    -5.84921    -5.86565  0.00135463
          90    -5.87069     -5.8657  0.00134067
          91    -5.86583     -5.8657  0.00132586
          92    -5.84668     -5.8655  0.00132756
          93     -5.8848    -5.86571  0.00132951
          94     -5.8822    -5.86588  0.00132695
          95    -5.84075    -5.86562  0.00133928
          96     -5.8787    -5.86575  0.00133225
          97    -5.86526    -5.86575  0.00131845
          98    -5.85786    -5.86567  0.00130741
          99     -5.8648    -5.86566  0.00129416
         100    -5.84521    -5.86545  0.00129738
