    0.115332           0           0
    0.138399           0           0
    0.161465           0           0
    0.184531           0           0
    0.207598           0           0
    0.230664           0           0
    0.253731           0           0
    0.276797           0           0
    0.299864           0           0
     0.32293           0           0
    0.345996           0           0
    0.369063           0           0
    0.392129           0           0
    0.415196           0           0
    0.438262           0           0
    0.461329           0           0
    0.484395           0           0
    0.507461           0           0
    0.530528           0           0
    0.553594           0           0
    0.576661           0           0
    0.599727           0           0
    0.622794           0           0
     0.64586           0           0
    0.668926           0           0
    0.691993           0           0
    0.715059           0           0
    0.738126           0           0
    0.761192           0           0
    0.784259           0           0
    0.807325           0           0
    0.830391           0           0
    0.853458           0           0
    0.876524           0           0
    0.899591           0           0
    0.922657           0           0
    0.945724           0           0
     0.96879 0.000805756 0.000805756
    0.991856   0.0107679  0.00268225
     1.01492   0.0845203  0.00655497
     1.03799    0.411963   0.0165707
     1.06106     1.05475   0.0235911
     1.08412     2.02032   0.0309682
     1.10719     3.02746   0.0391741
     1.13026     3.75756   0.0405561
     1.15332     4.18206   0.0438253
     1.17639     4.07555   0.0442027
     1.19945     3.67729   0.0450662
     1.22252     3.22534   0.0417454
     1.24559     2.50782   0.0357261
     1.26865     2.03696   0.0317845
     1.29172     1.52689   0.0225741
     1.31479     1.10007   0.0200364
     1.33785    0.736167   0.0176615
     1.36092    0.534031    0.014414
     1.38399     0.34753   0.0119973
     1.40705     0.27706   0.0114596
     1.43012    0.230261   0.0105833
     1.45319    0.220178   0.0098483
     1.47625    0.298766   0.0113217
     1.49932     0.34501   0.0104762
     1.52238    0.447928   0.0122511
     1.54545    0.552946   0.0129035
     1.56852    0.668436   0.0130439
     1.59158    0.752691   0.0162912
     1.61465    0.800305   0.0162538
     1.63772    0.832453   0.0159881
     1.66078    0.788603   0.0150663
     1.68385    0.780223   0.0118641
     1.70692     0.68914   0.0123058
     1.72998    0.589811   0.0117007
     1.75305    0.571011   0.0108372
     1.77612     0.54595   0.0118485
     1.79918    0.620227   0.0131808
     1.82225    0.756709   0.0150456
     1.84531    0.965992   0.0148209
     1.86838     1.25796   0.0178696
     1.89145     1.60209   0.0189436
     1.91451     1.94449   0.0202376
     1.93758     2.19247   0.0208324
     1.96065     2.36726   0.0250269
     1.98371     2.41594   0.0231847
     2.00678     2.30191   0.0225109
     2.02985     2.10914    0.018499
     2.05291     1.83261   0.0171813
     2.07598     1.56985    0.014988
     2.09905     1.33476   0.0148963
     2.12211     1.08917   0.0128969
     2.14518    0.990583   0.0144393
     2.16824    0.938112   0.0127582
     2.19131    0.916813   0.0121882
     2.21438    0.951675   0.0113641
     2.23744    0.982013   0.0110019
     2.26051    0.998778   0.0123871
     2.28358     1.00541   0.0115036
     2.30664    0.996023   0.0124539
     2.32971    0.959117   0.0120177
     2.35278    0.940494   0.0123372
     2.37584    0.949174   0.0104139
     2.39891    0.991204   0.0111311
