2.05802
2.02406
2.00973
2.01695
2.0422
2.07964
2.12226
2.16238
2.19354
2.21266
2.22018
2.218
2.20729
2.18718
2.15588
2.11291
2.06158
2.00967
1.96778
1.94549
1.94602
1.96546
1.99713
2.03571
2.07646
2.11439
2.1468
2.17511
2.20016
2.21736
2.2199
2.20479
2.17483
2.13643
2.09662
2.06019
2.02867
2.00224
1.98332
1.97817
1.99411
2.03508
2.0994
2.18049
2.26862
2.35365
2.42632
2.4782
2.50215
2.49472
2.45824
2.40074
2.33307
2.26477
2.20172
2.1485
2.11145
2.09642
2.10226
2.11973
2.13866
2.15443
2.1684
2.18402
2.20248
2.22175
2.23774
2.24581
2.24159
2.22241
2.18879
2.14497
2.09853
2.05802
2.02961
2.01412
2.00702
2.00196
1.99536
1.98796
1.9826
1.98124
1.98361
1.98688
1.98739
1.98338
1.97588
1.96695
1.95882
1.95447
1.95746
1.96975
1.98962
2.01154
2.02887
2.03696
2.03518
2.02683
2.01734
2.01213
2.01487
2.02714
2.04825
2.07493
2.10202
2.12462
2.1405
2.15016
2.15482
2.15408
2.14605
2.12898
2.10328
2.07222
2.04107
2.01561
2.00038
1.99773
2.00759
2.0276
2.05343
2.07892
2.09746
2.10369
2.0951
2.07265
2.04055
2.00657
1.98201
1.97815
1.99878
2.03715
2.08051
2.11767
2.14395
2.16219
2.17978
2.20259
2.22956
2.25357
2.26699
2.26572
2.24979
2.22196
2.18645
2.1473
2.10687
2.06598
2.02528
1.98689
1.95528
1.93881
1.94978
1.99549
2.06538
2.13475
2.18335
2.20702
2.21661
2.22887
2.25428
2.29177
2.33354
2.3708
2.39549
2.40145
2.38613
2.352
2.30539
2.25247
2.19593
2.13558
2.07207
2.00999
1.9575
1.92255
1.90909
1.91635
1.94008
1.97426
2.01147
2.04386
2.06573
2.07722
2.08575
2.10075
2.12502
2.15201
2.17284
2.18288
2.18233
2.1728
2.15529
2.13193
2.10823
2.09029
2.07825
2.06746
2.05635
2.04938
2.05206
2.06499
2.0834
2.10141
2.11541
2.12414
2.12719
2.12419
2.11592
2.10566
2.09838
2.09787
2.10403
2.11273
2.11787
2.11467
2.10215
2.08413
2.06727
2.0576
2.05797
2.06825
2.08716
2.11304
2.14311
2.17288
2.19654
2.20889
2.20805
2.19664
2.18075
2.16668
2.15754
2.1514
2.14291
2.12701
2.10318
2.07699
2.05832
2.0568
2.07647
2.11302
2.15568
2.19148
2.20999
2.20624
2.18153
2.14177
2.09433
2.04526
1.99878
1.95879
1.93034
1.9191
1.92938
1.96131
2.00973
2.06546
2.11871
2.16208
2.19195
2.20808
2.21351
2.21268
2.20906
2.20406
2.19759
2.18996
2.18244
2.17605
2.17067
2.16524
2.15868
2.15046
2.13991
2.12575
2.10624
2.0804
2.0484
2.01124
1.97075
1.92992
1.89396
1.87042
1.86694
1.88744
1.92917
1.98294
2.03681
2.07963
2.10441
2.10927
2.09698
2.07312
2.044
2.01511
1.99011
1.97061
1.95741
1.9523
1.95814
1.97675
2.00607
2.03943
2.06827
2.0869
2.09571
2.09976
2.10372
2.10888
2.11504
2.12304
2.1343
2.14937
2.16647
2.18152
2.18975
2.18786
2.17581
2.15766
2.14134
2.13654
2.15113
2.18746
2.2414
2.30378
2.36304
2.40746
2.42728
2.41791
2.38225
2.32997
2.27337
2.22207
2.17896
2.14019
2.09968
2.05462
2.00854
1.96976
1.94546
1.93543
1.93141
1.9243
1.91239
1.90217
1.90133
1.91221
1.93307
1.96492
2.01232
2.07558
2.14514
2.2058
2.24444
2.25424
2.23551
2.19438
2.14095
2.08692
2.04249
2.01327
1.99881
1.99412
1.99285
1.99015
1.98377
1.97441
1.96563
1.96251
1.96922
1.98724
2.01655
2.0575
2.11047
2.17342
2.24002
2.30055
2.34429
2.36232
2.35026
2.31106
2.25573
2.20034
2.1593
2.13899
2.13711
2.14768
2.16605
2.18906
2.21262
2.2312
2.24129
2.2446
2.24606
2.24845
2.25041
2.24883
2.24153
2.22743
2.20622
2.17797
2.14298
2.1018
2.0547
2.00167
1.94619
1.9001
1.87821
1.88349
1.90503
1.93106
1.95573
1.97592
1.98795
1.9886
1.97901
1.9675
1.9656
1.97868
2.00235
2.02908
2.05523
2.0824
2.11496
2.15613
2.20494
2.25553
2.30019
2.33316
2.35199
2.3558
2.34357
2.31488
2.27169
2.21883
2.16192
2.10547
2.05338
2.01078
1.98455
1.98083
2.0027
2.04811
2.10914
2.17385
2.2308
2.27188
2.29295
2.29301
2.27411
2.2407
2.19859
2.15301
2.10787
2.06701
2.03527
2.01702
2.0137
2.02256
2.03776
2.05336
2.06606
2.07667
2.08884
2.10588
2.12711
2.14688
2.15814
2.1571
2.14519
2.12739
2.10906
2.09379
2.08378
2.08059
2.08453
2.094
2.10562
2.11582
2.12281
2.12676
2.12888
2.13025
2.13162
2.13384
2.13747
2.14194
2.14582
2.14798
2.14869
2.14952
2.15232
2.15885
2.17084
2.18879
2.20986
2.22776
2.23527
2.22751
2.20449
2.17159
2.13926
2.12042
2.12483
2.15291
2.19454
2.23532
2.26353
2.27256
2.25963
2.22578
2.17704
2.12323
2.07317
2.03221
2.00415
1.99269
1.99915
2.01969
2.04681
2.0737
2.09758
2.12067
2.14824
2.18356
2.22303
2.25785
2.28042
2.28834
2.28329
2.26853
2.24682
2.21941
2.18696
2.15223
2.12144
2.10119
2.09467
2.10058
2.11341
2.12436
2.12392
2.10637
2.07365
2.03486
2.00238
1.98777
1.99815
2.03212
2.07885
2.12413
2.15662
2.16964
2.16053
2.13036
2.08379
2.02814
1.97161
1.92118
1.88228
1.8593
1.85598
1.87457
1.91405
1.96849
2.02806
2.08238
2.12357
2.14824
2.15852
2.1616
2.16677
2.18105
2.20585
2.2365
2.26495
2.28323
2.28656
2.27456
2.25091
2.22149
2.19195
2.16537
2.14148
2.11827
2.09453
2.07136
2.05151
2.03838
2.03513
2.04392
2.06529
2.09686
2.13292
2.16607
2.18968
2.1999
2.19658
2.18245
2.16139
2.13765
2.11519
2.09673
2.08283
2.07229
2.06355
2.05556
2.04834
2.04218
2.0362
2.02808
2.01617
2.00295
1.99593
2.00343
2.02817
2.06597
2.10975
2.15313
2.19088
2.21786
2.22865
2.21868
2.18602
2.13342
2.06898
2.00488
1.95371
1.92355
1.91572
1.92621
1.94901
1.97909
2.01371
2.05254
2.09578
2.14103
2.18234
2.2118
2.2232
2.21434
2.18719
2.14727
2.10337
2.06625
2.04593
2.04847
2.07477
2.12074
2.17781
2.23445
2.27822
2.29869
2.2894
2.2499
2.18723
2.11668
2.0588
2.03123
2.03995
2.07659
2.12424
2.166
2.19187
2.20119
2.20074
2.1985
2.19768
2.19626
2.19068
2.17988
2.16574
2.15134
2.13967
2.13253
2.12928
2.12656
2.11986
2.10532
2.08226
2.05534
2.03404
2.02699
2.03369
2.04282
2.04023
2.02014
1.99087
1.96989
1.96928
1.9872
2.01543
2.04791
2.0816
2.11395
2.14194
2.16285
2.17536
2.18045
2.18054
2.17841
2.17646
2.17644
2.17933
2.18463
2.19019
2.19307
2.19086
2.18282
2.1695
2.15187
2.13077
2.10701
2.0822
2.05896
2.04017
2.02858
2.02802
2.04396
2.07914
2.12808
2.17849
2.21797
2.2388
2.23838
2.21846
2.18371
2.13971
2.09186
2.04574
2.00831
1.98637
1.9827
1.99306
2.00716
2.01334
2.00456
1.98287
1.95957
1.9502
1.96539
2.00476
2.05839
2.11335
2.15887
2.18832
2.19908
2.19184
2.17037
2.14076
2.11021
2.0848
2.06802
2.0605
2.06139
2.07004
2.08609
2.10853
2.13553
2.16567
2.19863
2.23422
2.27067
2.30361
2.32758
2.33905
2.3391
2.33349
2.32923
2.32917
2.32939
2.32228
2.30136
2.26378
2.20898
2.13798
2.05498
1.97038
1.90123
1.86604
1.87498
1.92248
1.99208
2.06758
2.13909
2.2025
2.2565
2.29982
2.33001
2.34384
2.33984
2.32091
2.29311
2.26046
2.22183
2.17451
2.12
2.06498
2.01768
1.98357
1.96427
1.95904
1.96721
1.98801
2.01928
2.05663
2.0927
2.1189
2.13033
2.12887
2.12136
2.11472
2.11218
2.11289
2.11424
2.11398
2.11113
2.10529
2.0955
2.07934
2.05311
2.01505
1.96986
1.92991
1.91082
1.92331
1.96688
2.03097
2.10183
2.16814
2.22252
2.26053
2.27973
2.27939
2.26063
2.22691
2.1841
2.14058
2.10647
2.09111
2.09713
2.11698
2.13721
2.14649
2.13998
2.11852
2.08659
2.05071
2.01753
1.99269
1.98008
1.98153
1.99686
2.0244
2.06192
2.10788
2.16134
2.22035
2.28027
2.33428
2.37584
2.40086
2.40815
2.39812
2.37105
2.32665
2.26486
2.18755
2.10082
2.01588
1.94776
1.91085
1.91329
1.95247
2.01576
2.08605
2.14913
2.19801
2.23189
2.25172
2.25718
2.24602
2.21609
2.16953
2.11473
2.06352
2.02434
1.99741
1.97661
1.95627
1.93671
1.92497
1.93059
1.96104
2.01911
2.10056
2.19321
2.2812
2.35154
2.39694
2.41512
2.40683
2.3749
2.32407
2.26131
2.19599
2.13853
2.0975
2.07594
2.07034
2.07322
2.07696
2.0757
2.06601
2.04704
2.0207
1.99124
1.96476
1.94826
1.94714
1.96207
1.9882
2.01763
2.04357
2.06394
2.08168
2.10135
2.12482
2.14989
2.17242
2.18829
2.19493
2.19233
2.18314
2.17165
2.16301
2.16306
2.1767
2.20428
2.23844
2.26714
2.28116
2.27794
2.25916
2.22697
2.18373
2.13331
2.08124
2.03389
1.9974
1.97663
1.97443
1.99105
2.02376
2.0659
2.10841
2.14427
2.1705
2.18808
2.1994
2.20533
2.20442
2.19583
2.18228
2.16818
2.15512
2.14179
2.12901
2.12126
2.12239
2.13209
2.14692
2.16347
2.17908
2.19114
2.197
2.19518
2.18682
2.1754
2.16507
2.15986
2.16354
2.1776
2.19815
2.21623
2.22316
2.21497
2.19288
2.16153
2.12712
2.09513
2.06831
2.04615
2.02706
2.01069
1.99848
1.99183
1.99057
1.99379
