-5.80862
-5.77174
-5.75709
-5.76722
-5.79409
-5.82928
-5.86964
-5.9104
-5.9435
-5.96198
-5.96723
-5.96311
-5.95337
-5.93488
-5.90358
-5.86158
-5.8109
-5.7593
-5.71676
-5.69253
-5.69371
-5.71315
-5.74612
-5.78341
-5.82546
-5.865
-5.9
-5.92702
-5.95304
-5.97154
-5.9744
-5.96059
-5.929
-5.89091
-5.84917
-5.80982
-5.77765
-5.75283
-5.7323
-5.72649
-5.74178
-5.78276
-5.84643
-5.9272
-6.01954
-6.10426
-6.17855
-6.22882
-6.25342
-6.24663
-6.21177
-6.15523
-6.08659
-6.01536
-5.95329
-5.90135
-5.86268
-5.84442
-5.85026
-5.86741
-5.88602
-5.90049
-5.91414
-5.93137
-5.95211
-5.97267
-5.98866
-5.99705
-5.9909
-5.97269
-5.93712
-5.89038
-5.84588
-5.80569
-5.77793
-5.76503
-5.75794
-5.75418
-5.74983
-5.74405
-5.73805
-5.73637
-5.73874
-5.74298
-5.74252
-5.73818
-5.73036
-5.72013
-5.71329
-5.71056
-5.7129
-5.72455
-5.74442
-5.76861
-5.7853
-5.79371
-5.78869
-5.78131
-5.77376
-5.76951
-5.77193
-5.78161
-5.80272
-5.82876
-5.85585
-5.87684
-5.89433
-5.90626
-5.91059
-5.90985
-5.89988
-5.88313
-5.85581
-5.82442
-5.79165
-5.76619
-5.74999
-5.74895
-5.75687
-5.77819
-5.80337
-5.82821
-5.84417
-5.8517
-5.84441
-5.81936
-5.78758
-5.75619
-5.73097
-5.72775
-5.75098
-5.78806
-5.83176
-5.86859
-5.89487
-5.91375
-5.93328
-5.95415
-5.98242
-6.00515
-6.01888
-6.01632
-5.99941
-5.97062
-5.93187
-5.89531
-5.8552
-5.81431
-5.77491
-5.7362
-5.70749
-5.68972
-5.70004
-5.74672
-5.8176
-5.88731
-5.93624
-5.95762
-5.96559
-5.97784
-6.00293
-6.04204
-6.08382
-6.11979
-6.1435
-6.14947
-6.13479
-6.10131
-6.05599
-6.00113
-5.94265
-5.88327
-5.81781
-5.75767
-5.7042
-5.66925
-5.65709
-5.66435
-5.68712
-5.72291
-5.76207
-5.79609
-5.81958
-5.83268
-5.84055
-5.85296
-5.87917
-5.90844
-5.92636
-5.93705
-5.93844
-5.92696
-5.90913
-5.8848
-5.8598
-5.83863
-5.82561
-5.81644
-5.8076
-5.79836
-5.802
-5.81559
-5.8353
-5.85299
-5.86795
-5.87441
-5.87779
-5.87382
-5.86684
-5.8569
-5.84961
-5.84943
-5.85818
-5.86785
-5.86846
-5.86235
-5.85015
-5.83148
-5.81235
-5.80754
-5.81082
-5.81948
-5.83677
-5.86362
-5.89596
-5.92833
-5.95102
-5.96369
-5.96382
-5.95014
-5.93587
-5.92114
-5.91135
-5.90328
-5.89415
-5.87695
-5.85215
-5.82433
-5.80856
-5.80672
-5.82347
-5.86067
-5.90335
-5.93981
-5.95961
-5.95489
-5.93018
-5.88977
-5.84168
-5.79325
-5.74547
-5.70646
-5.678
-5.66579
-5.6751
-5.70768
-5.75675
-5.81248
-5.86833
-5.91041
-5.94028
-5.95738
-5.96216
-5.96133
-5.95933
-5.954
-5.94851
-5.94023
-5.93628
-5.93053
-5.92548
-5.91907
-5.91154
-5.90365
-5.89181
-5.87829
-5.85781
-5.83165
-5.8016
-5.76411
-5.72265
-5.6789
-5.64293
-5.61809
-5.61526
-5.6335
-5.67555
-5.72901
-5.7819
-5.82473
-5.85113
-5.85534
-5.84531
-5.82307
-5.79168
-5.76343
-5.73876
-5.71958
-5.70833
-5.70419
-5.70938
-5.72702
-5.75472
-5.78776
-5.81726
-5.83653
-5.84728
-5.85132
-5.85658
-5.86238
-5.86822
-5.8772
-5.88716
-5.89899
-5.91576
-5.92822
-5.93645
-5.93166
-5.91993
-5.9008
-5.88447
-5.87902
-5.89425
-5.92962
-5.98648
-6.05048
-6.11072
-6.1545
-6.17595
-6.16722
-6.13673
-6.0825
-6.02395
-5.97363
-5.9276
-5.88722
-5.84671
-5.80132
-5.75686
-5.71872
-5.69377
-5.68246
-5.67748
-5.67069
-5.65974
-5.6492
-5.64836
-5.65988
-5.6801
-5.71161
-5.75869
-5.82358
-5.89542
-5.9522
-5.99311
-6.00257
-5.98676
-5.94529
-5.89218
-5.83847
-5.79403
-5.76611
-5.75198
-5.74696
-5.7457
-5.74041
-5.73436
-5.72402
-5.71556
-5.71406
-5.72045
-5.73782
-5.76842
-5.8071
-5.86169
-5.92173
-5.98801
-6.04758
-6.0923
-6.1126
-6.09989
-6.06101
-6.00695
-5.95026
-5.91213
-5.89215
-5.88963
-5.89923
-5.91857
-5.9432
-5.96677
-5.98567
-5.9977
-6.00198
-6.00247
-6.00292
-6.00229
-5.9991
-5.99308
-5.97963
-5.95584
-5.92564
-5.89195
-5.85271
-5.80464
-5.74935
-5.69126
-5.64355
-5.6223
-5.62889
-5.65173
-5.67743
-5.70146
-5.72263
-5.7366
-5.73725
-5.72668
-5.71646
-5.71423
-5.72829
-5.75196
-5.77966
-5.8071
-5.8359
-5.86878
-5.90962
-5.95746
-6.00806
-6.05304
-6.08504
-6.10225
-6.10444
-6.09286
-6.06287
-6.0213
-5.96844
-5.91282
-5.85831
-5.80589
-5.76394
-5.73997
-5.73528
-5.75748
-5.80192
-5.8636
-5.92735
-5.9869
-6.02571
-6.04581
-6.04329
-6.02374
-5.99
-5.94789
-5.90102
-5.85652
-5.81534
-5.78423
-5.7647
-5.76138
-5.77122
-5.7848
-5.80137
-5.81472
-5.82566
-5.83588
-5.85098
-5.87577
-5.89457
-5.90779
-5.90739
-5.89418
-5.87573
-5.85707
-5.84019
-5.83082
-5.82763
-5.83417
-5.84267
-5.85558
-5.86643
-5.87245
-5.87478
-5.87463
-5.87632
-5.8777
-5.88121
-5.88549
-5.88964
-5.89482
-5.89568
-5.89671
-5.89689
-5.90001
-5.90557
-5.91982
-5.93843
-5.95951
-5.97385
-5.98039
-5.97295
-5.95123
-5.91703
-5.88728
-5.86616
-5.87251
-5.90125
-5.94256
-5.98206
-6.01125
-6.02125
-6.00832
-5.97414
-5.92637
-5.8719
-5.82443
-5.78347
-5.75476
-5.74298
-5.74846
-5.76706
-5.79581
-5.8227
-5.84787
-5.87193
-5.89885
-5.93417
-5.97527
-6.00847
-6.02974
-6.03928
-6.03358
-6.01785
-5.99776
-5.96971
-5.93757
-5.9022
-5.8701
-5.85082
-5.84592
-5.85086
-5.86369
-5.87465
-5.87552
-5.85991
-5.8288
-5.78967
-5.75363
-5.73869
-5.74647
-5.78142
-5.82751
-5.87086
-5.90368
-5.91734
-5.9092
-5.87741
-5.83343
-5.77874
-5.72027
-5.67049
-5.63385
-5.61119
-5.60852
-5.62841
-5.66757
-5.71813
-5.77771
-5.83009
-5.87193
-5.89821
-5.90882
-5.91221
-5.91867
-5.93327
-5.95807
-5.98647
-6.01395
-6.03386
-6.03589
-6.02259
-5.99926
-5.97178
-5.94386
-5.91695
-5.89501
-5.87019
-5.8458
-5.82197
-5.8018
-5.78964
-5.78736
-5.79616
-5.82044
-5.85104
-5.88549
-5.92221
-5.9442
-5.95312
-5.95045
-5.93567
-5.91493
-5.89281
-5.86905
-5.85091
-5.83604
-5.82485
-5.81741
-5.80813
-5.8022
-5.79701
-5.792
-5.78195
-5.76712
-5.75228
-5.74622
-5.75178
-5.77555
-5.81271
-5.85293
-5.89825
-5.93859
-5.96752
-5.97896
-5.96964
-5.93827
-5.88438
-5.8209
-5.75906
-5.70659
-5.67481
-5.66698
-5.6791
-5.70157
-5.72971
-5.76336
-5.80187
-5.84576
-5.89198
-5.93427
-5.96243
-5.97416
-5.96498
-5.93749
-5.89725
-5.85205
-5.81362
-5.7946
-5.79714
-5.82473
-5.87297
-5.92973
-5.98833
-6.03243
-6.05096
-6.04232
-6.00249
-5.93948
-5.86762
-5.80876
-5.78184
-5.79056
-5.82722
-5.87617
-5.91956
-5.94607
-5.95571
-5.95655
-5.95592
-5.95446
-5.95401
-5.94973
-5.9399
-5.92252
-5.90812
-5.89547
-5.88736
-5.88379
-5.87978
-5.87536
-5.86114
-5.83516
-5.80953
-5.7866
-5.7802
-5.78659
-5.79508
-5.79411
-5.77564
-5.74603
-5.72634
-5.72508
-5.74301
-5.77189
-5.80178
-5.83417
-5.8662
-5.89355
-5.91543
-5.92535
-5.93109
-5.93182
-5.92775
-5.92612
-5.92642
-5.93028
-5.93753
-5.94406
-5.94759
-5.94441
-5.93604
-5.92208
-5.90283
-5.88302
-5.85861
-5.83315
-5.80829
-5.78756
-5.77759
-5.77897
-5.79555
-5.82944
-5.88033
-5.93269
-5.97088
-5.99398
-5.99227
-5.97137
-5.93694
-5.89229
-5.84314
-5.79703
-5.75927
-5.73344
-5.73043
-5.74209
-5.7562
-5.76044
-5.7536
-5.73222
-5.71086
-5.70148
-5.71538
-5.75669
-5.81098
-5.86304
-5.90921
-5.93866
-5.95007
-5.94056
-5.91876
-5.88979
-5.8615
-5.83609
-5.8177
-5.80823
-5.80556
-5.81454
-5.83286
-5.85628
-5.88231
-5.9118
-5.94475
-5.98131
-6.02068
-6.05298
-6.07565
-6.08551
-6.0849
-6.08123
-6.07762
-6.07789
-6.07876
-6.07133
-6.04945
-6.01316
-5.95966
-5.88412
-5.80241
-5.7178
-5.64993
-5.61603
-5.62595
-5.67379
-5.74372
-5.8176
-5.88782
-5.95285
-6.00652
-6.05049
-6.08263
-6.09516
-6.08986
-6.0719
-6.04636
-6.01404
-5.97476
-5.92938
-5.87357
-5.81985
-5.77157
-5.73616
-5.7201
-5.71391
-5.72304
-5.74255
-5.7735
-5.80826
-5.84564
-5.87444
-5.88457
-5.88245
-5.87461
-5.86765
-5.86316
-5.86323
-5.86232
-5.86173
-5.85759
-5.85142
-5.84196
-5.82386
-5.79893
-5.76119
-5.71794
-5.677
-5.65823
-5.67266
-5.71624
-5.78034
-5.85023
-5.91882
-5.97255
-6.0138
-6.03332
-6.03266
-6.01486
-5.98017
-5.93736
-5.89351
-5.85745
-5.84242
-5.84811
-5.867
-5.88627
-5.89491
-5.88839
-5.86628
-5.83338
-5.79781
-5.76398
-5.73979
-5.7275
-5.7296
-5.74817
-5.77668
-5.81485
-5.8608
-5.91362
-5.97134
-6.03126
-6.08624
-6.12392
-6.14894
-6.15687
-6.14717
-6.11783
-6.07376
-6.01099
-5.93563
-5.84824
-5.76427
-5.69678
-5.6589
-5.66037
-5.69923
-5.76253
-5.83284
-5.89527
-5.94286
-5.97447
-5.99657
-6.00235
-5.99119
-5.96126
-5.91567
-5.85956
-5.80899
-5.77241
-5.74646
-5.72307
-5.7037
-5.68316
-5.67272
-5.6793
-5.70974
-5.76814
-5.85025
-5.94323
-6.0322
-6.10222
-6.14729
-6.16709
-6.1601
-6.13042
-6.07668
-6.01521
-5.95183
-5.89177
-5.85106
-5.82983
-5.82456
-5.8268
-5.82762
-5.82669
-5.81797
-5.79835
-5.77071
-5.7419
-5.71704
-5.70021
-5.69779
-5.7124
-5.73951
-5.77057
-5.79555
-5.81656
-5.83202
-5.85267
-5.87614
-5.89959
-5.92115
-5.938
-5.94528
-5.94268
-5.93673
-5.92653
-5.91692
-5.91696
-5.92899
-5.95625
-5.98717
-6.01847
-6.03379
-6.0283
-6.01049
-5.97928
-5.93604
-5.88626
-5.8316
-5.78392
-5.74743
-5.72731
-5.72413
-5.74109
-5.77542
-5.81885
-5.86235
-5.89658
-5.92249
-5.94039
-5.94944
-5.9544
-5.95317
-5.94426
-5.9333
-5.9179
-5.90452
-5.89118
-5.87743
-5.86838
-5.86984
-5.88116
-5.89567
-5.90962
-5.92556
-5.94021
-5.94608
-5.94587
-5.93719
-5.92544
-5.91511
-5.90893
-5.9126
-5.9257
-5.94528
-5.96531
-5.97353
-5.96275
-5.94163
-5.91124
-5.87586
-5.84354
-5.81543
-5.79521
-5.7758
-5.76138
-5.74787
-5.74057
-5.73899
-5.74253
