-3.7506
-3.74768
-3.74736
-3.75028
-3.7519
-3.74963
-3.74737
-3.74802
-3.74997
-3.74932
-3.74705
-3.74511
-3.74608
-3.7477
-3.7477
-3.74867
-3.74932
-3.74964
-3.74898
-3.74704
-3.74769
-3.74769
-3.74899
-3.7477
-3.749
-3.75061
-3.7532
-3.7519
-3.75288
-3.75418
-3.7545
-3.7558
-3.75417
-3.75449
-3.75254
-3.74963
-3.74898
-3.7506
-3.74898
-3.74832
-3.74767
-3.74768
-3.74703
-3.74671
-3.75093
-3.75061
-3.75223
-3.75062
-3.75127
-3.75191
-3.75353
-3.75449
-3.75351
-3.7506
-3.75156
-3.75285
-3.75123
-3.748
-3.748
-3.74769
-3.74736
-3.74607
-3.74574
-3.74736
-3.74962
-3.75092
-3.75092
-3.75125
-3.74931
-3.75028
-3.74833
-3.74541
-3.74735
-3.74767
-3.74832
-3.75091
-3.75092
-3.75221
-3.75448
-3.7561
-3.75545
-3.75512
-3.75513
-3.7561
-3.75513
-3.7548
-3.75448
-3.75318
-3.75447
-3.75609
-3.75544
-3.7548
-3.7548
-3.75707
-3.75643
-3.75675
-3.75351
-3.75448
-3.75642
-3.75739
-3.75706
-3.75447
-3.75447
-3.75383
-3.75383
-3.75221
-3.75383
-3.7561
-3.75577
-3.75577
-3.75383
-3.75415
-3.75253
-3.75221
-3.75058
-3.75058
-3.74961
-3.75123
-3.74929
-3.75058
-3.74994
-3.7493
-3.74671
-3.74801
-3.7493
-3.74671
-3.74703
-3.74961
-3.74896
-3.7496
-3.7522
-3.75091
-3.75124
-3.75092
-3.75092
-3.75156
-3.7535
-3.75156
-3.75286
-3.75157
-3.7519
-3.7506
-3.74963
-3.74866
-3.74542
-3.74801
-3.74833
-3.74833
-3.74963
-3.7493
-3.75221
-3.75091
-3.75026
-3.75123
-3.75223
-3.75256
-3.75288
-3.75061
-3.74898
-3.74897
-3.74865
-3.75027
-3.75028
-3.74899
-3.74802
-3.74802
-3.74867
-3.74931
-3.7506
-3.74866
-3.74672
-3.74769
-3.74574
-3.74768
-3.7467
-3.7467
-3.748
-3.748
-3.74703
-3.74866
-3.7506
-3.75223
-3.75384
-3.75546
-3.7548
-3.75221
-3.75416
-3.75643
-3.75352
-3.75417
-3.75611
-3.75417
-3.75384
-3.75287
-3.75157
-3.74833
-3.74736
-3.74898
-3.75125
-3.74897
-3.74994
-3.7506
-3.75189
-3.75157
-3.75254
-3.75027
-3.7506
-3.74963
-3.75092
-3.75124
-3.75124
-3.75156
-3.75415
-3.75513
-3.7506
-3.74768
-3.748
-3.74735
-3.74508
-3.74993
-3.75285
-3.75123
-3.74961
-3.75059
-3.75285
-3.75545
-3.75448
-3.7548
-3.75577
-3.7535
-3.75512
-3.75446
-3.75382
-3.75188
-3.75123
-3.74994
-3.74896
-3.74734
-3.75024
-3.74991
-3.747
-3.74766
-3.74767
-3.74833
-3.74962
-3.74865
-3.74865
-3.74799
-3.74734
-3.74799
-3.74669
-3.74766
-3.74766
-3.74669
-3.74572
-3.74637
-3.74702
-3.74703
-3.74962
-3.74833
-3.74833
-3.7493
-3.74865
-3.74865
-3.75027
-3.74994
-3.75091
-3.75027
-3.75383
-3.75448
-3.75481
-3.75383
-3.75286
-3.75319
-3.7519
-3.75254
-3.75158
-3.75125
-3.75319
-3.75287
-3.7519
-3.74898
-3.74897
-3.74767
-3.74832
-3.74605
-3.74638
-3.74606
-3.7451
-3.7451
-3.74672
-3.74607
-3.74834
-3.74995
-3.74768
-3.74833
-3.74865
-3.74898
-3.75092
-3.75188
-3.75124
-3.75027
-3.74865
-3.74833
-3.74898
-3.74963
-3.75157
-3.75157
-3.75286
-3.75351
-3.75318
-3.75415
-3.75285
-3.74962
-3.7493
-3.74671
-3.74671
-3.7438
-3.74412
-3.74314
-3.74313
-3.74248
-3.74312
-3.74216
-3.74507
-3.7467
-3.74768
-3.74704
-3.74866
-3.74931
-3.75448
-3.75253
-3.75058
-3.75155
-3.74864
-3.74703
-3.74703
-3.7467
-3.74832
-3.74896
-3.74832
-3.74703
-3.74607
-3.74639
-3.74735
-3.74703
-3.74702
-3.74767
-3.74703
-3.7467
-3.74637
-3.748
-3.75027
-3.7464
-3.74866
-3.74834
-3.75125
-3.75092
-3.75123
-3.75155
-3.75154
-3.75284
-3.75317
-3.75285
-3.75285
-3.75026
-3.75058
-3.74961
-3.74993
-3.75155
-3.75122
-3.75058
-3.75187
-3.7496
-3.75122
-3.74831
-3.748
-3.74703
-3.74801
-3.75028
-3.74963
-3.74994
-3.75123
-3.74993
-3.75283
-3.75316
-3.75252
-3.75155
-3.75252
-3.75415
-3.75415
-3.75448
-3.75642
-3.75738
-3.75641
-3.75447
-3.75188
-3.75026
-3.75156
-3.75221
-3.74962
-3.74767
-3.74897
-3.75091
-3.74994
-3.74767
-3.74507
-3.74344
-3.74409
-3.74539
-3.7467
-3.74637
-3.74573
-3.7467
-3.74865
-3.74865
-3.74767
-3.74896
-3.74863
-3.7496
-3.74961
-3.75058
-3.75188
-3.75349
-3.75382
-3.75349
-3.75253
-3.75253
-3.75285
-3.75188
-3.75026
-3.74864
-3.74929
-3.74799
-3.74961
-3.74961
-3.7509
-3.75284
-3.75252
-3.75316
-3.75542
-3.75445
-3.75477
-3.75381
-3.75446
-3.7535
-3.7561
-3.75383
-3.75287
-3.75028
-3.74963
-3.7493
-3.7493
-3.748
-3.74865
-3.74832
-3.74897
-3.74767
-3.74768
-3.74865
-3.74704
-3.74801
-3.74866
-3.74898
-3.74704
-3.7451
-3.74866
-3.7477
-3.74964
-3.75029
-3.74899
-3.74834
-3.74802
-3.7464
-3.74704
-3.74704
-3.74963
-3.74866
-3.74996
-3.75061
-3.74964
-3.74802
-3.74575
-3.74608
-3.74607
-3.74737
-3.74802
-3.7477
-3.74899
-3.7477
-3.74802
-3.74737
-3.74769
-3.74672
-3.74899
-3.74964
-3.74964
-3.74609
-3.74512
-3.74545
-3.74674
-3.74544
-3.74802
-3.74575
-3.74769
-3.74834
-3.74803
-3.74674
-3.74772
-3.74869
-3.74869
-3.74836
-3.74933
-3.74867
-3.75126
-3.75126
-3.75061
-3.75028
-3.74932
-3.74737
-3.749
-3.749
-3.75029
-3.75126
-3.75061
-3.75061
-3.75223
-3.75062
-3.74932
-3.75094
-3.75029
-3.74932
-3.75094
-3.75029
-3.75062
-3.74996
-3.74866
-3.74963
-3.75125
-3.75028
-3.75029
-3.7503
-3.75159
-3.75353
-3.75515
-3.75481
-3.75125
-3.75092
-3.74833
-3.7493
-3.74866
-3.74673
-3.74705
-3.7477
-3.74867
-3.74705
-3.74963
-3.7506
-3.74866
-3.7493
-3.75157
-3.75189
-3.75254
-3.75384
-3.75352
-3.74964
-3.74965
-3.74771
-3.74836
-3.74998
-3.7503
-3.75062
-3.7519
-3.75223
-3.75223
-3.74997
-3.749
-3.75062
-3.74933
-3.74803
-3.74835
-3.75029
-3.75191
-3.75159
-3.75353
-3.75191
-3.75127
-3.75062
-3.75029
-3.75126
-3.75223
-3.75223
-3.75515
-3.75418
-3.75257
-3.75613
-3.75452
-3.75322
-3.75387
-3.75322
-3.75354
-3.75515
-3.75386
-3.75418
-3.75321
-3.75256
-3.75386
-3.75256
-3.75386
-3.75483
-3.75581
-3.75387
-3.75095
-3.74933
-3.75029
-3.74835
-3.74738
-3.74674
-3.74318
-3.74512
-3.74771
-3.74966
-3.75031
-3.75096
-3.75226
-3.75096
-3.75192
-3.75418
-3.75288
-3.75126
-3.75126
-3.75288
-3.75256
-3.75062
-3.74965
-3.74933
-3.74997
-3.75095
-3.75193
-3.75064
-3.75096
-3.75064
-3.75031
-3.74998
-3.74868
-3.74737
-3.74867
-3.74867
-3.74996
-3.75224
-3.75192
-3.75387
-3.75421
-3.75227
-3.75291
-3.75259
-3.75225
-3.75095
-3.74996
-3.75061
-3.75061
-3.75063
-3.75193
-3.75356
-3.7542
-3.75452
-3.75581
-3.75743
-3.75678
-3.75775
-3.75905
-3.76002
-3.75678
-3.75678
-3.75581
-3.75483
-3.75451
-3.75322
-3.75549
-3.75582
-3.7529
-3.75419
-3.75257
-3.75321
-3.7529
-3.75226
-3.75388
-3.7555
-3.75516
-3.75645
-3.75581
-3.75581
-3.75646
-3.75387
-3.75257
-3.75225
-3.75161
-3.75258
-3.74999
-3.75063
-3.75128
-3.74933
-3.74966
-3.74998
-3.75095
-3.7529
-3.75387
-3.75452
-3.75355
-3.75322
-3.75258
-3.75096
-3.75225
-3.7516
-3.75095
-3.74933
-3.74739
-3.74901
-3.75095
-3.75159
-3.7503
-3.75225
-3.7542
-3.75291
-3.75518
-3.75389
-3.75291
-3.75323
-3.75258
-3.75129
-3.75128
-3.75096
-3.74707
-3.74772
-3.74902
-3.74903
-3.7471
-3.74904
-3.74936
-3.75129
-3.75128
-3.74999
-3.75194
-3.75259
-3.74969
-3.75034
-3.75034
-3.75099
-3.74872
-3.74839
-3.74904
-3.7513
-3.7513
-3.74968
-3.74774
-3.74418
-3.7445
-3.74677
-3.74774
-3.74677
-3.74612
-3.74612
-3.7471
-3.75001
-3.74937
-3.74808
-3.74646
-3.74581
-3.74774
-3.74839
-3.74872
-3.74937
-3.74905
-3.74808
-3.74938
-3.75068
-3.74614
-3.74743
-3.74742
-3.7487
-3.74999
-3.75097
-3.7513
-3.75164
-3.75002
-3.74873
-3.75035
-3.75002
-3.75067
-3.75261
-3.75132
-3.75002
-3.75099
-3.75325
-3.75358
-3.75293
-3.75487
-3.75358
-3.75487
-3.75389
-3.75259
-3.75583
-3.75486
-3.75583
-3.75454
-3.75422
-3.75164
-3.75294
-3.75553
-3.75423
-3.75358
-3.75325
-3.75293
-3.75098
-3.75034
-3.74807
-3.74775
-3.74645
-3.74613
-3.74646
-3.74452
-3.74581
-3.74614
-3.74807
-3.74709
-3.74741
-3.74935
-3.74936
-3.74937
-3.7484
-3.75067
-3.75003
-3.75327
-3.75359
-3.75327
-3.75424
-3.75326
-3.75326
-3.75293
-3.75098
-3.7513
-3.75098
-3.75002
-3.74906
-3.74841
-3.74841
-3.74776
-3.74678
-3.7471
-3.74645
-3.7471
-3.74742
-3.74807
-3.75131
-3.75228
-3.75292
-3.75292
-3.75228
-3.75098
-3.75099
-3.75196
-3.74808
-3.74808
-3.74872
-3.74905
-3.74678
-3.74711
-3.74613
-3.74808
-3.74742
-3.74839
-3.74902
-3.74805
-3.74708
-3.74676
-3.74678
-3.74679
-3.74614
-3.74485
-3.74258
-3.74485
-3.74517
-3.74517
-3.74517
-3.74613
-3.74483
-3.74547
-3.74807
-3.74904
-3.74646
-3.74743
-3.74645
-3.74774
-3.74871
-3.74871
-3.74903
-3.74969
-3.75002
-3.751
-3.75068
-3.75035
-3.75197
-3.75326
-3.75553
-3.75261
-3.7539
-3.75583
-3.75324
-3.75356
-3.75389
-3.75422
-3.75358
-3.75067
-3.75099
-3.75196
-3.75131
-3.75001
-3.75066
-3.75228
-3.75195
-3.75065
-3.75033
-3.75131
-3.75294
-3.75197
-3.75262
-3.75035
-3.75131
-3.75132
-3.7497
-3.74873
-3.7497
-3.75035
-3.75035
-3.75359
-3.75488
-3.75391
-3.7539
-3.75228
-3.75197
-3.74874
-3.75133
-3.75263
-3.75036
-3.75133
-3.75231
-3.7523
-3.75295
-3.75036
-3.75003
-3.75003
-3.75068
-3.74971
-3.75003
-3.75166
-3.75296
-3.75393
-3.75232
-3.75199
-3.75231
-3.75005
-3.74908
-3.74875
-3.74843
-3.75102
-3.74972
-3.7494
-3.7494
-3.74842
-3.74712
-3.74745
-3.74907
-3.74874
-3.74616
-3.74648
-3.74908
-3.74907
-3.75069
-3.75037
-3.75004
-3.75004
-3.74907
-3.74906
-3.74809
-3.74713
-3.74908
-3.75037
-3.74778
-3.74875
-3.74971
-3.74874
-3.74841
-3.74712
-3.74907
-3.74874
-3.75069
-3.74939
-3.74874
-3.74842
-3.74874
