1.37201
1.34937
1.33982
1.34463
1.36146
1.38643
1.41484
1.44159
1.46236
1.4751
1.48012
1.47867
1.47153
1.45812
1.43725
1.40861
1.37439
1.33978
1.31185
1.29699
1.29735
1.3103
1.33142
1.35714
1.38431
1.40959
1.4312
1.45007
1.46677
1.47824
1.47993
1.46986
1.44989
1.42428
1.39775
1.37346
1.35245
1.33482
1.32222
1.31878
1.3294
1.35672
1.3996
1.45366
1.51241
1.5691
1.61755
1.65213
1.6681
1.66314
1.63883
1.6005
1.55538
1.50985
1.46782
1.43233
1.40763
1.39762
1.4015
1.41315
1.42577
1.43628
1.4456
1.45601
1.46832
1.48117
1.49183
1.4972
1.49439
1.48161
1.45919
1.42998
1.39902
1.37201
1.35307
1.34275
1.33801
1.33464
1.33024
1.3253
1.32173
1.32083
1.32241
1.32459
1.32492
1.32225
1.31725
1.3113
1.30588
1.30298
1.30497
1.31317
1.32641
1.34103
1.35258
1.35797
1.35679
1.35122
1.3449
1.34142
1.34324
1.35143
1.3655
1.38329
1.40134
1.41642
1.427
1.43344
1.43655
1.43605
1.4307
1.41932
1.40219
1.38148
1.36071
1.34374
1.33359
1.33182
1.33839
1.35174
1.36895
1.38594
1.39831
1.40246
1.39674
1.38177
1.36036
1.33772
1.32134
1.31877
1.33252
1.3581
1.38701
1.41178
1.4293
1.44146
1.45319
1.46839
1.48637
1.50238
1.51132
1.51048
1.49986
1.48131
1.45763
1.43154
1.40458
1.37732
1.35019
1.3246
1.30352
1.29254
1.29985
1.33033
1.37692
1.42317
1.45557
1.47134
1.47774
1.48591
1.50285
1.52785
1.5557
1.58053
1.59699
1.60097
1.59075
1.568
1.53692
1.50165
1.46395
1.42372
1.38138
1.33999
1.305
1.2817
1.27273
1.27757
1.29339
1.31617
1.34098
1.36258
1.37715
1.38482
1.3905
1.4005
1.41668
1.43467
1.44856
1.45525
1.45488
1.44853
1.43686
1.42128
1.40549
1.39353
1.3855
1.37831
1.3709
1.36626
1.36804
1.37666
1.38894
1.40094
1.41028
1.41609
1.41813
1.41613
1.41061
1.40377
1.39892
1.39858
1.40269
1.40849
1.41191
1.40978
1.40143
1.38942
1.37818
1.37173
1.37198
1.37883
1.39144
1.40869
1.42874
1.44859
1.46436
1.47259
1.47203
1.46443
1.45383
1.44445
1.43836
1.43427
1.42861
1.41801
1.40212
1.38466
1.37221
1.3712
1.38431
1.40868
1.43712
1.46099
1.47333
1.47083
1.45435
1.42785
1.39622
1.36351
1.33252
1.30586
1.28689
1.2794
1.28625
1.30754
1.33982
1.37697
1.41247
1.44139
1.4613
1.47205
1.47567
1.47512
1.47271
1.46937
1.46506
1.45997
1.45496
1.4507
1.44712
1.44349
1.43912
1.43364
1.42661
1.41717
1.40416
1.38694
1.3656
1.34083
1.31384
1.28661
1.26264
1.24695
1.24463
1.2583
1.28611
1.32196
1.35787
1.38642
1.40294
1.40618
1.39798
1.38208
1.36267
1.3434
1.32674
1.31374
1.30494
1.30154
1.30543
1.31783
1.33738
1.35962
1.37885
1.39127
1.39714
1.39984
1.40248
1.40592
1.41003
1.41536
1.42287
1.43291
1.44431
1.45434
1.45983
1.45857
1.45054
1.43844
1.42756
1.42436
1.43409
1.45831
1.49427
1.53585
1.57536
1.60497
1.61819
1.61194
1.58816
1.55331
1.51558
1.48138
1.45264
1.42679
1.39979
1.36974
1.33903
1.31317
1.29697
1.29029
1.28761
1.28287
1.27493
1.26811
1.26756
1.27481
1.28871
1.30994
1.34155
1.38372
1.43009
1.47054
1.4963
1.50282
1.49034
1.46292
1.4273
1.39128
1.36166
1.34218
1.33254
1.32941
1.32857
1.32677
1.32252
1.31627
1.31042
1.30834
1.31281
1.32483
1.34437
1.37166
1.40698
1.44895
1.49334
1.5337
1.56286
1.57488
1.56684
1.54071
1.50382
1.46689
1.43953
1.42599
1.42474
1.43179
1.44403
1.45937
1.47508
1.48746
1.49419
1.4964
1.49737
1.49897
1.50028
1.49922
1.49435
1.48495
1.47081
1.45198
1.42865
1.4012
1.3698
1.33445
1.29746
1.26674
1.25214
1.25566
1.27002
1.28737
1.30382
1.31728
1.3253
1.32574
1.31934
1.31167
1.3104
1.31912
1.3349
1.35272
1.37015
1.38827
1.40998
1.43742
1.46996
1.50368
1.53346
1.55544
1.56799
1.57053
1.56238
1.54325
1.51446
1.47922
1.44128
1.40364
1.36892
1.34052
1.32303
1.32055
1.33514
1.36541
1.40609
1.44924
1.4872
1.51458
1.52863
1.52867
1.51608
1.4938
1.46573
1.43534
1.40525
1.37801
1.35684
1.34468
1.34247
1.34838
1.3585
1.36891
1.37738
1.38445
1.39256
1.40392
1.41807
1.43125
1.43876
1.43807
1.43013
1.41826
1.40604
1.39586
1.38918
1.38706
1.38969
1.396
1.40374
1.41055
1.41521
1.41784
1.41925
1.42016
1.42108
1.42256
1.42498
1.42796
1.43055
1.43199
1.43246
1.43301
1.43488
1.43923
1.44722
1.45919
1.47324
1.48517
1.49018
1.48501
1.46966
1.44773
1.42618
1.41361
1.41655
1.43527
1.46302
1.49021
1.50902
1.51504
1.50642
1.48385
1.45136
1.41548
1.38212
1.35481
1.3361
1.32846
1.33277
1.34646
1.36454
1.38247
1.39839
1.41378
1.43216
1.45571
1.48202
1.50523
1.52028
1.52556
1.52219
1.51235
1.49788
1.47961
1.45797
1.43482
1.41429
1.40079
1.39644
1.40038
1.40894
1.41624
1.41595
1.40425
1.38244
1.35657
1.33492
1.32518
1.3321
1.35475
1.3859
1.41609
1.43775
1.44643
1.44035
1.42024
1.38919
1.35209
1.31441
1.28079
1.25485
1.23953
1.23732
1.24972
1.27603
1.31233
1.35204
1.38825
1.41571
1.43216
1.43902
1.44107
1.44451
1.45403
1.47056
1.491
1.50996
1.52215
1.52437
1.51637
1.5006
1.48099
1.4613
1.44358
1.42765
1.41218
1.39635
1.3809
1.36767
1.35892
1.35675
1.36262
1.37686
1.39791
1.42195
1.44405
1.45979
1.4666
1.46439
1.45497
1.44093
1.4251
1.41013
1.39782
1.38856
1.38152
1.3757
1.37037
1.36556
1.36145
1.35746
1.35205
1.34412
1.3353
1.33062
1.33562
1.35212
1.37732
1.4065
1.43542
1.46059
1.47857
1.48577
1.47912
1.45734
1.42228
1.37932
1.33659
1.30248
1.28237
1.27715
1.28414
1.29934
1.31939
1.34247
1.36836
1.39719
1.42735
1.45489
1.47453
1.48213
1.47623
1.45812
1.43151
1.40225
1.3775
1.36395
1.36565
1.38318
1.41382
1.45187
1.48963
1.51882
1.53246
1.52627
1.49993
1.45815
1.41112
1.37253
1.35415
1.35997
1.3844
1.41616
1.444
1.46125
1.46746
1.46716
1.46566
1.46512
1.46417
1.46045
1.45325
1.44383
1.43423
1.42645
1.42168
1.41952
1.41771
1.41324
1.40355
1.38817
1.37023
1.35602
1.35133
1.35579
1.36188
1.36015
1.34676
1.32725
1.31326
1.31285
1.3248
1.34362
1.36527
1.38773
1.4093
1.42796
1.4419
1.45024
1.45364
1.45369
1.45228
1.45097
1.45096
1.45289
1.45642
1.46013
1.46204
1.46057
1.45521
1.44633
1.43458
1.42051
1.40467
1.38813
1.37264
1.36011
1.35239
1.35202
1.36264
1.38609
1.41872
1.45232
1.47865
1.49253
1.49225
1.47897
1.4558
1.42647
1.39457
1.36383
1.33887
1.32425
1.3218
1.32871
1.33811
1.34223
1.33637
1.32191
1.30638
1.30013
1.31026
1.3365
1.37226
1.4089
1.43924
1.45888
1.46605
1.46123
1.44691
1.42717
1.4068
1.38987
1.37868
1.37366
1.37426
1.38003
1.39073
1.40569
1.42369
1.44378
1.46575
1.48948
1.51378
1.53574
1.55172
1.55937
1.5594
1.55566
1.55282
1.55278
1.55292
1.54818
1.53424
1.50919
1.47266
1.42532
1.36999
1.31359
1.26749
1.24402
1.24999
1.28166
1.32806
1.37839
1.42606
1.46833
1.50434
1.53321
1.55334
1.56256
1.55989
1.54727
1.52874
1.50697
1.48122
1.44967
1.41333
1.37665
1.34512
1.32238
1.30951
1.30603
1.31147
1.32534
1.34619
1.37109
1.39513
1.4126
1.42022
1.41925
1.41424
1.40982
1.40812
1.40859
1.4095
1.40932
1.40742
1.40353
1.397
1.38623
1.36874
1.34337
1.31324
1.28661
1.27388
1.28221
1.31125
1.35398
1.40122
1.44543
1.48168
1.50702
1.51982
1.5196
1.50708
1.48461
1.45607
1.42705
1.40432
1.39408
1.39808
1.41132
1.42481
1.431
1.42665
1.41235
1.39106
1.36714
1.34502
1.32846
1.32006
1.32102
1.33124
1.3496
1.37462
1.40525
1.44089
1.48024
1.52018
1.55619
1.58389
1.60058
1.60543
1.59875
1.5807
1.5511
1.5099
1.45837
1.40054
1.34392
1.2985
1.2739
1.27553
1.30164
1.34384
1.3907
1.43276
1.46534
1.48793
1.50115
1.50479
1.49735
1.4774
1.44636
1.40982
1.37568
1.34956
1.33161
1.31774
1.30418
1.29114
1.28332
1.28706
1.30736
1.34607
1.40037
1.46214
1.5208
1.5677
1.59796
1.61008
1.60456
1.58326
1.54938
1.50754
1.464
1.42569
1.39833
1.38396
1.38022
1.38215
1.38464
1.3838
1.37734
1.36469
1.34713
1.32749
1.30984
1.29884
1.29809
1.30805
1.32547
1.34509
1.36238
1.37596
1.38778
1.4009
1.41655
1.43326
1.44828
1.45886
1.46329
1.46155
1.45543
1.44777
1.44201
1.44204
1.45113
1.46952
1.49229
1.51143
1.52077
1.51863
1.50611
1.48465
1.45582
1.42221
1.38749
1.35593
1.3316
1.31775
1.31628
1.32737
1.34918
1.37726
1.40561
1.42951
1.447
1.45872
1.46626
1.47022
1.46961
1.46389
1.45485
1.44545
1.43675
1.42786
1.41934
1.41417
1.41493
1.4214
1.43128
1.44231
1.45272
1.46076
1.46467
1.46345
1.45788
1.45027
1.44338
1.43991
1.44236
1.45173
1.46543
1.47749
1.4821
1.47665
1.46192
1.44102
1.41808
1.39675
1.37887
1.3641
1.35137
1.34046
1.33232
1.32789
1.32705
1.32919
