          1.89          1.89          1.89       3.27358
       1.45707     -0.806782       2.47612       2.98415
      0.457255      -2.20012       2.17015       3.12396
      0.457255      -2.20012       2.17015       3.12396
      0.457255      -2.20012       2.17015       3.12396
      0.457255      -2.20012       2.17015       3.12396
       1.05707     0.0059008       1.76227         2.055
       1.05707     0.0059008       1.76227         2.055
       1.05707     0.0059008       1.76227         2.055
       1.05707     0.0059008       1.76227         2.055
       1.05707     0.0059008       1.76227         2.055
       1.05707     0.0059008       1.76227         2.055
       1.05707     0.0059008       1.76227         2.055
       1.05707     0.0059008       1.76227         2.055
       1.05707     0.0059008       1.76227         2.055
       1.35966      0.135755       1.49374       2.02444
       1.35966      0.135755       1.49374       2.02444
       1.35966      0.135755       1.49374       2.02444
       1.35966      0.135755       1.49374       2.02444
      0.858733      -2.95833       5.33124       6.15721
      0.768268       -4.6762       3.19085       5.71302
       2.08716      -3.72446       4.25962       6.03094
       2.38826      0.776118       3.89471        4.6341
       2.46057      -1.18499       1.39562       3.06698
       2.46057      -1.18499       1.39562       3.06698
       2.46057      -1.18499       1.39562       3.06698
       2.79314      0.544377       3.40559       4.43802
       2.79314      0.544377       3.40559       4.43802
       2.79314      0.544377       3.40559       4.43802
       3.24403      0.333759       3.53751       4.81136
       3.68928      -1.77961       1.71225       4.43955
       5.64542      -1.90522       2.08325       6.31194
       6.18218      -2.19313        1.5642       6.74358
       7.31517      -2.55376       1.58366       7.90832
       7.31517      -2.55376       1.58366       7.90832
       7.31517      -2.55376       1.58366       7.90832
       7.31517      -2.55376       1.58366       7.90832
       5.27415      -3.13489       2.69762       6.70234
       3.21455      -4.14336       2.21807       5.69391
       3.21455      -4.14336       2.21807       5.69391
       3.21455      -4.14336       2.21807       5.69391
       3.21455      -4.14336       2.21807       5.69391
     0.0789543      -4.27779       1.97743       4.71338
       2.43837      -1.60945       2.12099       3.61034
       1.01405      -1.04212       0.71006       1.61818
       1.01405      -1.04212       0.71006       1.61818
       2.18145      0.706461      -1.23218       2.60309
       2.18145      0.706461      -1.23218       2.60309
       2.16675      -2.54948      -1.38591       3.62152
       2.59718       1.15052      -4.44156       5.27224
       2.59718       1.15052      -4.44156       5.27224
       2.59718       1.15052      -4.44156       5.27224
       0.89496      0.569437      -3.23428       3.40379
       0.89496      0.569437      -3.23428       3.40379
       0.89496      0.569437      -3.23428       3.40379
       0.89496      0.569437      -3.23428       3.40379
       0.89496      0.569437      -3.23428       3.40379
       1.21818       3.19083      -2.80251       4.41808
      -1.77901     0.0332638      -2.99242       3.48146
      -2.70533       -1.5442      -2.25714       3.84682
      -2.70533       -1.5442      -2.25714       3.84682
      -2.13512      -1.06561      -4.25227       4.87607
      -2.68403     -0.526569      -4.17638       4.99233
      -2.68403     -0.526569      -4.17638       4.99233
      -2.68403     -0.526569      -4.17638       4.99233
      -2.68403     -0.526569      -4.17638       4.99233
      -4.48253      0.288892      -4.59836       6.42818
       -2.9799      -3.71296      -6.09861       7.73685
      -3.20873       -5.7269      -8.76361       10.9496
      -3.20873       -5.7269      -8.76361       10.9496
      -3.20873       -5.7269      -8.76361       10.9496
      -2.85462      -6.20421      -8.33705       10.7772
      -2.85462      -6.20421      -8.33705       10.7772
       -1.6222      -4.78089      -7.81359       9.30273
       -1.6222      -4.78089      -7.81359       9.30273
       -1.6222      -4.78089      -7.81359       9.30273
     -0.671603      -5.64927      -4.90331       7.51051
     0.0994831      -5.40663      -3.72448       6.56608
      -0.27428      -4.28623      -1.33895       4.49886
       2.15998      -3.73924      -1.11131       4.45897
      0.707272      -4.72615       1.26078        4.9423
      -1.20952      -3.97516      0.982912       4.26977
     -0.936998     -0.914544       5.52303       5.67611
      -2.06925      -1.73968       5.79975       6.39886
      -2.06925      -1.73968       5.79975       6.39886
      -2.06925      -1.73968       5.79975       6.39886
      -2.69437      -2.79922        5.3965       6.64962
      -2.69437      -2.79922        5.3965       6.64962
      -1.89783       -5.1639       5.32078       7.65365
      -1.89783       -5.1639       5.32078       7.65365
      -3.56069      -2.34248        3.6435       5.60721
      -1.73043      -1.46595       4.39811       4.94841
      -1.73043      -1.46595       4.39811       4.94841
      -1.73043      -1.46595       4.39811       4.94841
       1.74839     -0.371799       3.67991       4.09107
       1.74839     -0.371799       3.67991       4.09107
       1.74839     -0.371799       3.67991       4.09107
       1.74839     -0.371799       3.67991       4.09107
       1.74839     -0.371799       3.67991       4.09107
       1.74839     -0.371799       3.67991       4.09107
       1.74839     -0.371799       3.67991       4.09107
       1.01208     0.0638212       5.05874       5.15939
       1.13001       2.95989       4.90192       5.83667
       1.82345       1.73807       5.15302       5.73581
       1.82345       1.73807       5.15302       5.73581
       1.82345       1.73807       5.15302       5.73581
        1.8847       1.21918       2.50196       3.36129
       3.05722      0.606871       2.18994       3.80929
       1.31794       -1.2125       4.21958       4.58388
       1.99718     -0.575839       1.83802       2.77464
       1.57404       1.26344      -1.06887       2.28394
       1.57404       1.26344      -1.06887       2.28394
       2.07851      0.272714      -1.90034       2.82947
       1.46824     -0.359354      -3.12836       3.47441
       1.46824     -0.359354      -3.12836       3.47441
       1.46824     -0.359354      -3.12836       3.47441
       1.46824     -0.359354      -3.12836       3.47441
      0.957766      -1.28381      -4.58821       4.85974
      0.957766      -1.28381      -4.58821       4.85974
        1.4508       1.09169      -3.83129       4.23974
        1.4508       1.09169      -3.83129       4.23974
        1.4508       1.09169      -3.83129       4.23974
        1.4508       1.09169      -3.83129       4.23974
     -0.382163      -1.21111      -5.25297        5.4043
     -0.382163      -1.21111      -5.25297        5.4043
      -1.18308     -0.286909      -3.84055       4.02888
      -4.18294      -1.00454      -5.28656        6.8157
      -4.18294      -1.00454      -5.28656        6.8157
       -3.4725      -4.21615        -3.594       6.53843
      -3.21332      -3.20116      -2.54825       5.20254
      -3.21332      -3.20116      -2.54825       5.20254
      -3.21332      -3.20116      -2.54825       5.20254
      -1.23736      -3.95478       -7.2805       8.37717
      -1.23736      -3.95478       -7.2805       8.37717
      -1.23736      -3.95478       -7.2805       8.37717
     -0.230364      -3.18988      -4.60491       5.60657
     -0.230364      -3.18988      -4.60491       5.60657
     -0.230364      -3.18988      -4.60491       5.60657
     -0.230364      -3.18988      -4.60491       5.60657
     -0.230364      -3.18988      -4.60491       5.60657
     -0.230364      -3.18988      -4.60491       5.60657
      -1.74976      -3.30146       1.45629       4.01024
     -0.624337      -3.30264       3.52083        4.8676
     -0.624337      -3.30264       3.52083        4.8676
      0.600059      -1.82169       4.21283       4.62889
       1.26186      -2.73354       4.42711       5.35387
       1.26186      -2.73354       4.42711       5.35387
       2.01981      -1.03918       4.32924       4.88895
       1.24895       2.19334       4.85091       5.46826
       1.24895       2.19334       4.85091       5.46826
       1.24895       2.19334       4.85091       5.46826
       1.24895       2.19334       4.85091       5.46826
       1.96587       2.76239       4.83494       5.90526
       2.56092       3.23273       2.39074       4.76703
      0.622363       1.28482       3.08237       3.39693
      0.622363       1.28482       3.08237       3.39693
      0.622363       1.28482       3.08237       3.39693
    -0.0670088       1.56257       4.59542       4.85427
      -1.06311       2.19393       1.51945       2.87268
      -1.06311       2.19393       1.51945       2.87268
      -1.06311       2.19393       1.51945       2.87268
      0.511382      0.826495       1.42801       1.72737
      0.511382      0.826495       1.42801       1.72737
      0.511382      0.826495       1.42801       1.72737
      -1.69092       3.74456      -2.67411       4.90223
      -1.69092       3.74456      -2.67411       4.90223
      -3.62422       6.39823      -3.19056       8.01573
      -1.89496        6.2688       2.34982       6.95775
       1.02624       6.04243       5.58542       8.29222
       1.02624       6.04243       5.58542       8.29222
       2.90119       2.94957       2.62712       4.90088
       2.90119       2.94957       2.62712       4.90088
      -1.00841      0.391904       2.16839        2.4233
      -2.12806      0.370298       1.49284       2.62571
      -2.12806      0.370298       1.49284       2.62571
      -2.12806      0.370298       1.49284       2.62571
      -2.12806      0.370298       1.49284       2.62571
      -2.12806      0.370298       1.49284       2.62571
      -2.12806      0.370298       1.49284       2.62571
      -4.31494       1.95588     -0.771745       4.79998
      -2.51253      0.142949       2.51848       3.56033
     0.0850564      0.877287       5.49068       5.56098
     0.0850564      0.877287       5.49068       5.56098
     0.0850564      0.877287       5.49068       5.56098
      0.531743      0.499209       6.76244       6.80166
      0.531743      0.499209       6.76244       6.80166
       1.69428      0.209185       8.88585       9.04835
       1.41413      0.649569       9.53005       9.65627
       1.41413      0.649569       9.53005       9.65627
       1.41413      0.649569       9.53005       9.65627
       3.32676      0.938144        8.0455       8.75657
      0.217205       2.13156       6.07096       6.43795
      0.217205       2.13156       6.07096       6.43795
      -2.05148      0.997314       4.51683       5.06014
      -2.05148      0.997314       4.51683       5.06014
     -0.150897       2.08869       3.74805       4.29339
      0.290221      -0.68891       5.99823       6.04463
      0.290221      -0.68891       5.99823       6.04463
      -1.52435       1.43006       4.99283       5.41267
       0.14135      0.833251       5.51957        5.5839
       -2.7463     -0.583163       7.36609       7.88299
