-0.289606   0.307082   -0.434813
0.139764   -0.0312693   -0.126651
-0.0586641   0.133969   -0.374183
-0.100072   -0.290824   -0.279009
-0.382638   -0.107628   0.492305
-0.406764   -0.236435   -0.317207
-0.0703807   -0.202071   -0.388972
0.137013   0.112483   -0.0255952
0.447123   0.00874565   -0.0826136
0.0585492   0.36208   -0.0436943
-0.0167411   -0.284663   -0.130971
0.0765949   0.0254172   0.306425
-0.290948   0.264713   0.284723
-0.467906   -0.0195563   0.000587194
0.428232   -0.28936   0.234677
-0.400609   -0.206811   0.291051
-0.320184   0.364393   0.0171369
0.0796056   -0.446702   -0.0168676
-0.00465687   -0.0189449   0.150231
-0.351791   -0.143597   -0.0874544
-0.0737819   -0.207303   0.49037
0.200928   -0.0391805   -0.199193
0.498139   -0.274071   -0.134232
-0.224769   -0.0850671   0.0796735
-0.463258   0.229467   -0.143568
0.0676966   0.283003   0.406268
-0.0397237   0.128335   0.228023
0.252185   0.412647   -0.0663657
-0.174602   0.113502   0.360273
-0.363384   0.163774   0.152513
-0.322948   -0.412221   -0.297327
0.346866   0.44171   -0.0669951
0.042623   -0.347886   -0.318037
0.488047   -0.0284405   -0.350566
-0.0629096   0.0673245   0.450283
-0.478042   0.414982   0.156844
0.472877   -0.149463   -0.0514855
-0.128378   -0.364008   0.414542
0.397224   0.462015   0.119171
0.422744   0.209537   0.261825
0.412871   -0.14562   -0.108716
-0.151582   -0.0839097   0.195229
0.444793   0.197691   0.104843
-0.0548915   -0.00585509   -0.427837
-0.404778   -0.324978   0.424345
-0.270026   0.0445662   0.45375
0.247051   0.341389   -0.155684
-0.39984   0.284726   -0.0923054
0.240699   0.148903   -0.31198
-0.0652568   0.0789588   -0.135965
0.336717   0.295524   -0.40592
0.367622   0.266847   -0.0293631
-0.414731   0.438362   -0.212799
-0.194409   -0.314878   -0.251163
-0.469079   0.457762   0.25737
0.310767   0.115748   -0.431867
-0.429767   -0.0266152   0.212132
0.420903   -0.269686   -0.217529
0.495229   0.122392   -0.20547
-0.418087   0.0938631   0.163881
-0.245148   -0.225913   -0.246853
0.159796   -0.316903   0.326736
0.48279   0.0846224   -0.40036
-0.473126   0.200783   0.0990247
0.0293375   -0.192863   -0.227862
-0.458055   -0.0475574   -0.186817
0.149814   -0.354794   -0.0368778
0.275108   -0.471135   0.118269
-0.34689   -0.11551   0.280408
-0.484004   -0.325097   0.249236
-0.0905322   0.168439   -0.156032
0.497241   -0.125502   -0.213903
-0.224666   0.122683   -0.464502
-0.439309   -0.14652   0.201143
-0.235687   -0.129459   0.288452
0.133468   -0.195313   0.303177
0.355624   -0.364431   0.415744
-0.442304   -0.308926   -0.472704
-0.317483   -0.101756   0.372729
0.191567   -0.393707   0.135246
-0.169888   0.0263982   0.413828
0.126286   0.263163   0.13531
0.353158   -0.216267   0.42404
-0.384651   -0.0293439   0.368527
-0.309068   0.120214   -0.488373
0.108024   -0.15837   0.0346447
0.393542   0.0981943   0.150636
-0.482009   -0.188817   -0.290201
-0.307391   0.334673   0.319351
0.276842   -0.00298923   -0.482231
-0.109574   0.498189   0.4947
-0.253401   0.479754   -0.11854
0.351048   -0.263378   0.196339
-0.440317   -0.161229   0.341428
0.454606   -0.0680212   0.0575572
0.499368   -0.283252   -0.270871
-0.170453   0.234974   0.209236
0.0392836   0.471346   -0.395338
-0.335636   -0.46613   0.19385
0.193933   0.124497   0.376745
-0.0286193   -0.306824   -0.337381
-0.219991   -0.440049   -0.443078
0.272266   0.213   -0.0165131
0.223046   0.275619   -0.0441857
0.0135623   0.255523   0.257709
0.352967   -0.405852   0.286683
0.4704   -0.451615   -0.304517
0.499438   -0.384537   -0.190209
