0 -0.751334 0.00561998
1 -0.762425 0.00550624
2 -0.769325 0.0052737
3 -0.772719 0.00407474
4 -0.773278 0.00416036
5 -0.77328 0.00451396
6 -0.775335 0.00542806
7 -0.777418 0.00583419
8 -0.777251 0.00468014
9 -0.779429 0.00504852
10 -0.779232 0.00437061
11 -0.776816 0.00523726
12 -0.776915 0.00412758
13 -0.780706 0.0033271
14 -0.781523 0.00381233
15 -0.780532 0.0042343
16 -0.782113 0.00396455
17 -0.777998 0.00367694
18 -0.778948 0.00392507
19 -0.780326 0.00443399
20 -0.779428 0.00427843
21 -0.77567 0.004227
22 -0.778186 0.00396844
23 -0.775984 0.0040472
24 -0.775694 0.00435804
25 -0.773968 0.00401885
26 -0.776424 0.00402636
27 -0.780162 0.00424197
28 -0.778509 0.00376466
29 -0.777754 0.00430579
30 -0.775594 0.00420593
31 -0.771961 0.00412751
32 -0.76654 0.00499117
33 -0.766015 0.00391123
34 -0.772499 0.00425866
35 -0.770676 0.00530751
36 -0.773765 0.0046086
37 -0.777909 0.00480447
38 -0.772795 0.00383497
39 -0.777563 0.003724
40 -0.776756 0.00394144
41 -0.777574 0.00354807
42 -0.779465 0.00379697
43 -0.776012 0.00378687
44 -0.775804 0.00391928
45 -0.778861 0.00335349
46 -0.780272 0.00349848
47 -0.778777 0.00352337
48 -0.781388 0.00356875
49 -0.778932 0.00272586
50 -0.776736 0.0034459
51 -0.775141 0.0031426
52 -0.774222 0.00264095
53 -0.777001 0.00340971
54 -0.77763 0.00308061
55 -0.777545 0.00264135
56 -0.778069 0.00210583
57 -0.777819 0.00337296
58 -0.776129 0.0031703
59 -0.780257 0.00337982
60 -0.776942 0.00396673
61 -0.777515 0.0043982
62 -0.777054 0.00388245
63 -0.77653 0.00445734
64 -0.776259 0.00323329
65 -0.777009 0.00322726
66 -0.776292 0.00268877
67 -0.774821 0.00297846
68 -0.774138 0.00421136
69 -0.775411 0.00450976
70 -0.780348 0.0041284
71 -0.779749 0.0038516
72 -0.778964 0.00387673
73 -0.778797 0.00366528
74 -0.778473 0.00418607
75 -0.775585 0.00347893
76 -0.773744 0.00404036
77 -0.775378 0.00430091
78 -0.778105 0.00389953
79 -0.778022 0.00415308
80 -0.774827 0.00402994
81 -0.774945 0.00356032
82 -0.776681 0.00349105
83 -0.782429 0.00302271
84 -0.782666 0.00334955
85 -0.785589 0.003637
86 -0.783592 0.00324738
87 -0.781363 0.00365634
88 -0.783225 0.00314935
89 -0.783352 0.0033193
90 -0.784795 0.00332912
91 -0.785837 0.00336137
92 -0.784726 0.00332303
93 -0.782536 0.00293886
94 -0.781742 0.00306381
95 -0.781135 0.0030388
96 -0.782477 0.00336803
97 -0.778125 0.00324889
98 -0.7808 0.00299738
99 -0.78142 0.00363069
100 -0.78272 0.00361112
101 -0.785298 0.0036629
102 -0.783232 0.0039482
103 -0.783665 0.00363593
104 -0.781562 0.00366942
105 -0.776549 0.00427939
106 -0.779789 0.00409216
107 -0.781281 0.00353483
108 -0.781323 0.00413053
109 -0.784231 0.00381022
110 -0.783926 0.00364095
111 -0.782397 0.00412742
112 -0.778437 0.00353811
113 -0.78119 0.00338422
114 -0.780539 0.00341498
115 -0.782281 0.00312217
116 -0.784236 0.00260415
117 -0.784692 0.00297619
118 -0.780295 0.0036425
119 -0.778131 0.00423184
120 -0.780811 0.00316094
121 -0.782157 0.0029178
122 -0.783925 0.00279406
123 -0.782393 0.00344234
124 -0.781486 0.00305143
125 -0.781095 0.00346288
126 -0.78166 0.00370471
127 -0.779817 0.00298861
128 -0.781849 0.00320577
129 -0.782897 0.00361887
130 -0.780255 0.00374966
131 -0.778066 0.00361077
132 -0.777612 0.00320729
133 -0.780206 0.00406657
134 -0.780387 0.0047228
135 -0.780518 0.00417468
136 -0.779672 0.00446841
137 -0.783023 0.00416654
138 -0.779288 0.00416339
139 -0.782722 0.00397838
140 -0.782273 0.00314227
141 -0.783401 0.00283641
142 -0.780618 0.00281973
143 -0.780299 0.00278372
144 -0.781384 0.00268762
145 -0.779245 0.00251757
146 -0.780914 0.00244516
147 -0.781577 0.00218781
148 -0.778692 0.00279665
149 -0.776016 0.00257866
150 -0.776756 0.00281887
151 -0.77607 0.00264024
152 -0.778901 0.00241421
153 -0.777972 0.00211797
154 -0.777344 0.00274368
155 -0.77884 0.00257899
156 -0.780219 0.00274303
157 -0.777273 0.00220497
158 -0.774717 0.00272519
159 -0.775711 0.00244952
160 -0.776214 0.00311661
161 -0.774379 0.00333176
162 -0.776459 0.00241069
163 -0.775804 0.00225789
164 -0.775314 0.00309488
165 -0.777573 0.00316039
166 -0.778411 0.00306699
167 -0.777837 0.00266958
168 -0.781099 0.00251698
169 -0.78111 0.00256232
170 -0.781846 0.00271918
171 -0.78252 0.00343991
172 -0.784462 0.00318091
173 -0.7816 0.00323627
174 -0.778031 0.00280424
175 -0.77809 0.00250164
176 -0.775105 0.00325633
177 -0.77644 0.00281316
178 -0.779319 0.00277179
179 -0.777732 0.00359587
180 -0.778707 0.00387144
181 -0.776365 0.00426379
182 -0.777777 0.00310823
183 -0.778957 0.00322907
184 -0.777795 0.00387073
185 -0.778806 0.004
186 -0.778546 0.00434705
187 -0.781535 0.00373093
188 -0.779264 0.00312149
189 -0.783706 0.00257631
190 -0.78098 0.00242845
191 -0.781735 0.00237826
192 -0.776196 0.00219545
193 -0.777393 0.00261017
194 -0.778919 0.00216981
195 -0.777024 0.00244096
196 -0.775704 0.00315671
197 -0.773136 0.00255188
198 -0.774253 0.00338044
199 -0.777115 0.00371204
200 -0.781033 0.00318703
201 -0.779033 0.00281639
202 -0.77911 0.00278143
203 -0.77977 0.00288977
204 -0.776885 0.00208354
205 -0.775938 0.00240359
206 -0.773366 0.003061
207 -0.774899 0.00366569
208 -0.77727 0.00283781
209 -0.776231 0.00248994
210 -0.775958 0.00340135
211 -0.776098 0.00299911
212 -0.780179 0.00307398
213 -0.77802 0.00253913
214 -0.778201 0.00287823
215 -0.778603 0.00326927
216 -0.777551 0.0028918
217 -0.777932 0.00323856
218 -0.778237 0.00343919
219 -0.777546 0.0029847
220 -0.775643 0.00294569
221 -0.777227 0.00322196
222 -0.780413 0.00344535
223 -0.778442 0.00335348
224 -0.778305 0.00282743
225 -0.780459 0.00256463
226 -0.775658 0.00287208
227 -0.773758 0.00361001
228 -0.773522 0.00362089
229 -0.77373 0.00396268
230 -0.775786 0.00366763
231 -0.779226 0.00369782
232 -0.783034 0.00438085
233 -0.781248 0.00394097
234 -0.780491 0.00444487
235 -0.78052 0.00363084
236 -0.784531 0.00364684
237 -0.780456 0.00390074
238 -0.781432 0.00406488
239 -0.782146 0.00382091
240 -0.78088 0.00323044
241 -0.779947 0.00255676
242 -0.779259 0.00333454
243 -0.775397 0.00318561
244 -0.773382 0.00323898
245 -0.77206 0.00379115
246 -0.772491 0.00455167
247 -0.774159 0.00442219
248 -0.774726 0.0038466
249 -0.775091 0.00359926
250 -0.775148 0.00312595
251 -0.773982 0.00276291
252 -0.777117 0.00256217
253 -0.775307 0.00304568
254 -0.775155 0.00382383
255 -0.774775 0.00347759
256 -0.774443 0.0035364
257 -0.775868 0.00370966
258 -0.781636 0.00366815
259 -0.781471 0.00424159
260 -0.782076 0.00466521
261 -0.783075 0.0037689
262 -0.782818 0.00423719
263 -0.783339 0.00363954
264 -0.782558 0.00313053
265 -0.785956 0.00309714
266 -0.778967 0.00207207
267 -0.776768 0.00310914
268 -0.778754 0.00341373
269 -0.779201 0.00354405
270 -0.782651 0.00393381
271 -0.77873 0.00409743
272 -0.778189 0.00350802
273 -0.781333 0.00371745
274 -0.784516 0.00386131
275 -0.786245 0.00309401
276 -0.785937 0.00300104
277 -0.783986 0.00342089
278 -0.782752 0.00384219
279 -0.781343 0.00408922
280 -0.785186 0.00442031
281 -0.785801 0.00452717
282 -0.785595 0.00424489
283 -0.783539 0.00371515
284 -0.782715 0.00387802
285 -0.780596 0.00445309
286 -0.777651 0.00648678
287 -0.77525 0.00663877
288 -0.775705 0.005277
289 -0.774657 0.00420086
290 -0.772383 0.00464111
291 -0.774794 0.00446236
292 -0.773683 0.00488712
293 -0.770046 0.00542066
294 -0.768407 0.00612147
295 -0.766675 0.00462491
296 -0.762793 0.00527593
297 -0.753712 0.00428397
298 -0.754576 0.00553154
299 -0.742514 0.00555176
