-5.39529
-5.39499
-5.39662
-5.39756
-5.39848
-5.39718
-5.39656
-5.39854
-5.39986
-5.40407
-5.4073
-5.41021
-5.41536
-5.41954
-5.42018
-5.42085
-5.42186
-5.42122
-5.4183
-5.41731
-5.41502
-5.41307
-5.41373
-5.41148
-5.41052
-5.40987
-5.40954
-5.40953
-5.40823
-5.40661
-5.40661
-5.40532
-5.40403
-5.40273
-5.40241
-5.40306
-5.40112
-5.39917
-5.39982
-5.40111
-5.40047
-5.40046
-5.39982
-5.40144
-5.40143
-5.40046
-5.40078
-5.40078
-5.39949
-5.40176
-5.40209
-5.40144
-5.40241
-5.40112
-5.40176
-5.40111
-5.40144
-5.40079
-5.39949
-5.39787
-5.39528
-5.39819
-5.39981
-5.40013
-5.39884
-5.39949
-5.39917
-5.39917
-5.40143
-5.39981
-5.39884
-5.39884
-5.39786
-5.39624
-5.3956
-5.39398
-5.39625
-5.39722
-5.39852
-5.39787
-5.39884
-5.39916
-5.39916
-5.39819
-5.39787
-5.39819
-5.39852
-5.39917
-5.40046
-5.39948
-5.40078
-5.39948
-5.39948
-5.39721
-5.39689
-5.39559
-5.39495
-5.39657
-5.3956
-5.39528
