1.20232
1.19868
1.16623
1.09956
1.04692
1.07475
1.19506
1.36133
1.50759
1.59155
1.60224
1.54758
1.45238
1.35857
1.31178
1.33056
1.38279
1.41817
1.41191
1.36974
1.31851
1.28934
1.29231
1.31081
1.32141
1.30987
1.27428
1.22309
1.17101
1.13052
1.10434
1.08772
1.07623
1.06891
1.06598
1.06602
1.0659
1.06311
1.05734
1.05033
1.04437
1.04114
1.04211
1.04901
1.06396
1.089
1.12528
1.17198
1.22575
1.28123
1.33252
1.37465
1.40457
1.42136
1.42571
1.4198
1.40673
1.38966
1.37086
1.35098
1.32959
1.30678
1.28447
1.26611
1.25455
1.24976
1.24851
1.24611
1.23903
1.22635
1.20998
1.19434
1.18491
1.18579
1.1973
1.21545
1.23457
1.25025
1.26105
1.2679
1.27252
1.2764
1.28018
1.28332
1.28439
1.28134
1.27215
1.25591
1.23365
1.20845
1.18466
1.16653
1.15707
1.15749
1.16759
1.18619
1.21134
1.24013
1.269
1.29454
