-6.59761
-6.59367
-6.56285
-6.49711
-6.4454
-6.47192
-6.59162
-6.75987
-6.90745
-6.99562
-7.00955
-6.95779
-6.86774
-6.77811
-6.73196
-6.75141
-6.80465
-6.83939
-6.83022
-6.78706
-6.73353
-6.70241
-6.70604
-6.72229
-6.73193
-6.71974
-6.68382
-6.63262
-6.57924
-6.53713
-6.51095
-6.49304
-6.48026
-6.47164
-6.46838
-6.46908
-6.46702
-6.46228
-6.45716
-6.45144
-6.44483
-6.44161
-6.44193
-6.45045
-6.4654
-6.48946
-6.52606
-6.57276
-6.62524
-6.683
-6.73461
-6.77609
-6.80698
-6.82248
-6.82747
-6.82092
-6.80817
-6.79045
-6.77035
-6.74885
-6.72487
-6.70497
-6.68428
-6.66625
-6.65339
-6.64925
-6.64768
-6.64528
-6.64047
-6.62616
-6.60882
-6.59318
-6.58278
-6.58204
-6.59289
-6.60944
-6.63082
-6.64747
-6.65956
-6.66577
-6.67136
-6.67556
-6.67934
-6.68151
-6.68226
-6.67953
-6.67067
-6.65508
-6.63411
-6.60794
-6.58544
-6.56601
-6.55655
-6.5547
-6.56448
-6.58178
-6.60628
-6.6367
-6.6646
-6.68982
