0.80155
0.799122
0.777486
0.733037
0.697948
0.716497
0.796704
0.907551
1.00506
1.06103
1.06816
1.03172
0.968253
0.90571
0.874519
0.887041
0.92186
0.945444
0.941276
0.913163
0.879004
0.85956
0.86154
0.873872
0.880942
0.873249
0.849523
0.815395
0.780675
0.753678
0.736225
0.725143
0.717487
0.712607
0.710651
0.710678
0.710602
0.70874
0.704891
0.70022
0.696245
0.694094
0.694742
0.69934
0.709308
0.726003
0.750186
0.781318
0.817166
0.854156
0.888347
0.916431
0.93638
0.947573
0.950471
0.946536
0.937822
0.926441
0.913906
0.900656
0.886391
0.871186
0.856316
0.844076
0.836368
0.833174
0.83234
0.83074
0.826023
0.817565
0.806652
0.796227
0.789943
0.790528
0.798197
0.810303
0.823044
0.833501
0.840698
0.845267
0.848346
0.850933
0.853454
0.855547
0.85626
0.854224
0.848099
0.837274
0.822432
0.805634
0.789774
0.77769
0.771378
0.771662
0.778393
0.790793
0.807558
0.826753
0.846001
0.863024
