-6.71145
-6.72758
-6.74018
-6.74957
-6.75685
-6.76543
-6.77495
-6.77674
-6.77373
-6.7634
-6.74351
-6.71563
-6.67993
-6.64067
-6.60246
-6.56896
-6.54061
-6.52258
-6.5124
-6.5146
-6.52524
-6.54285
-6.56468
-6.59079
-6.61932
-6.64759
-6.67156
-6.69212
-6.70898
-6.72165
-6.72715
-6.72683
-6.72418
-6.71856
-6.71512
-6.71369
-6.71895
-6.72283
-6.73087
-6.73524
-6.73854
-6.73828
-6.73521
-6.72856
-6.72566
-6.72035
-6.71689
-6.71581
-6.722
-6.72928
-6.73929
-6.74338
-6.74403
-6.73596
-6.72094
-6.69696
-6.66984
-6.64651
-6.62645
-6.6132
-6.61097
-6.61351
-6.62051
-6.62761
-6.63186
-6.63258
-6.62694
-6.6189
-6.60813
-6.60332
-6.60545
-6.60955
-6.62045
-6.62895
-6.63831
-6.64421
-6.64805
-6.65414
-6.66073
-6.67073
-6.68766
-6.70334
-6.71986
-6.7382
-6.75384
-6.76597
-6.76508
-6.76179
-6.75647
-6.74721
-6.73596
-6.72676
-6.72217
-6.71855
-6.71239
-6.70416
-6.69404
-6.68334
-6.66709
-6.64872
