-5.49266
-5.49298
-5.49363
-5.49363
-5.49266
-5.4933
-5.4959
-5.49396
-5.49331
-5.49396
-5.4946
-5.4959
-5.49557
-5.4946
-5.49395
-5.49394
-5.49232
-5.49232
-5.49038
-5.49103
-5.49135
-5.49168
-5.49135
-5.49233
-5.49427
-5.49589
-5.4946
-5.49298
-5.49233
-5.4933
-5.4933
-5.49298
-5.49395
-5.49298
-5.49265
-5.49103
-5.49265
-5.49071
-5.49265
-5.49233
-5.4933
-5.4933
-5.49298
-5.49103
-5.49395
-5.49427
-5.49459
-5.49394
-5.49654
-5.49686
-5.49881
-5.49687
-5.49687
-5.4959
-5.49622
-5.49428
-5.49233
-5.49265
-5.49071
-5.48812
-5.48941
-5.49006
-5.492
-5.4933
-5.49363
-5.4946
-5.49428
-5.49524
-5.49362
-5.49394
-5.49459
-5.49103
-5.49103
-5.48877
-5.48974
-5.49006
-5.49006
-5.492
-5.492
-5.49168
-5.49427
-5.49265
-5.49071
-5.49168
-5.4933
-5.49654
-5.49266
-5.49201
-5.49362
-5.49362
-5.492
-5.49136
-5.49362
-5.49557
-5.49492
-5.49363
-5.49298
-5.4946
-5.49298
-5.49071
