1.21879
1.2346
1.24655
1.25594
1.26419
1.27213
1.27905
1.28278
1.28042
1.26944
1.24891
1.21973
1.18436
1.14607
1.10852
1.07502
1.04829
1.03026
1.02202
1.02357
1.03389
1.05117
1.07332
1.09846
1.12505
1.1517
1.17697
1.19915
1.21665
1.22834
1.23384
1.23385
1.23024
1.22559
1.22248
1.22266
1.2263
1.23212
1.23822
1.24291
1.24523
1.24497
1.24223
1.23753
1.23171
1.22608
1.2223
1.22187
1.22547
1.23242
1.24048
1.24651
1.24716
1.24006
1.22472
1.20268
1.17751
1.15386
1.13574
1.12509
1.12156
1.12345
1.1285
1.13431
1.13823
1.13798
1.13266
1.12365
1.1145
1.10938
1.11086
1.11852
1.12942
1.14019
1.14857
1.15414
1.15799
1.16214
1.16873
1.17906
1.19339
1.21069
1.22916
1.24652
1.26054
1.26943
1.27242
1.26978
1.26284
1.25358
1.24395
1.2354
1.22854
1.22298
1.21747
1.21054
1.20106
1.18874
1.17411
1.15801
