0.812525
0.823066
0.831034
0.837293
0.842796
0.848083
0.852699
0.855188
0.853611
0.846295
0.832604
0.813154
0.789571
0.764048
0.739011
0.716679
0.698858
0.686837
0.681345
0.682378
0.689259
0.700779
0.715547
0.73231
0.750035
0.767798
0.784643
0.799431
0.811102
0.818895
0.822561
0.822565
0.820158
0.817057
0.814983
0.815105
0.817534
0.821412
0.82548
0.828605
0.830156
0.829982
0.828151
0.825017
0.82114
0.817388
0.814868
0.814579
0.816978
0.82161
0.82699
0.831006
0.831438
0.826706
0.81648
0.801788
0.785009
0.769241
0.757162
0.750059
0.747706
0.748966
0.752335
0.756203
0.758819
0.758654
0.755108
0.749103
0.743003
0.739584
0.740571
0.745682
0.752946
0.760124
0.765713
0.769429
0.771995
0.774762
0.779152
0.786039
0.795593
0.807128
0.819437
0.831015
0.840359
0.846287
0.848282
0.846521
0.841894
0.835721
0.829301
0.8236
0.81903
0.81532
0.811647
0.807025
0.800707
0.792495
0.782741
0.772008
