1.18333
1.16505
1.14706
1.13059
1.11674
1.10645
1.10056
1.09989
1.1052
1.11712
1.13558
1.15915
1.18491
1.20944
1.23006
1.24575
1.25705
1.26526
1.27166
1.27689
1.28063
1.2818
1.27908
1.27155
1.25918
1.24326
1.2261
1.21045
1.19858
1.19141
1.18825
1.1872
1.18631
1.1844
1.18146
1.17839
1.17627
1.17563
1.17608
1.17643
1.17541
1.17228
1.16707
1.16077
1.15515
1.15222
1.15349
1.15913
1.16785
1.17784
1.18817
1.19952
1.21353
1.23146
1.2531
1.27651
1.29865
1.31647
1.32755
1.33075
1.32668
1.31786
1.30783
1.29938
1.29292
1.28634
1.27655
1.26106
1.23895
1.21128
1.18132
1.15423
1.13603
1.13174
1.14343
1.16918
1.20371
1.23978
1.27018
1.2891
1.29284
1.28017
1.25236
1.2133
1.16898
1.12651
1.09255
1.07137
1.06363
1.0672
1.07878
1.09549
1.11535
1.13695
1.15883
1.17969
1.19884
1.21635
1.23303
1.2497
