-6.63063
-6.61365
-6.59631
-6.57951
-6.56501
-6.5544
-6.54852
-6.54881
-6.55282
-6.5654
-6.58645
-6.61067
-6.63675
-6.66128
-6.68223
-6.69823
-6.70954
-6.71742
-6.72447
-6.72905
-6.7315
-6.73397
-6.7306
-6.72274
-6.70876
-6.69089
-6.67308
-6.65678
-6.6462
-6.63677
-6.63329
-6.63419
-6.63362
-6.63236
-6.62844
-6.62472
-6.62422
-6.62423
-6.62242
-6.62439
-6.62434
-6.62024
-6.61406
-6.60905
-6.60246
-6.60082
-6.60242
-6.60645
-6.61581
-6.6245
-6.63516
-6.64781
-6.66279
-6.68071
-6.70268
-6.72641
-6.74952
-6.768
-6.77778
-6.77839
-6.77399
-6.76679
-6.7574
-6.7496
-6.74152
-6.73592
-6.72645
-6.71194
-6.68918
-6.66118
-6.63187
-6.60283
-6.58464
-6.58196
-6.59204
-6.61844
-6.65394
-6.69034
-6.72074
-6.74063
-6.74535
-6.7317
-6.70325
-6.66354
-6.62018
-6.57868
-6.54148
-6.52095
-6.51353
-6.51582
-6.52966
-6.54572
-6.56429
-6.58945
-6.61069
-6.63154
-6.64972
-6.66432
-6.68196
-6.70187
