-5.44731
-5.4486
-5.44925
-5.44892
-5.44828
-5.44795
-5.44795
-5.44892
-5.44763
-5.44827
-5.45086
-5.45151
-5.45184
-5.45184
-5.45217
-5.45249
-5.45249
-5.45216
-5.45281
-5.45216
-5.45087
-5.45216
-5.45152
-5.45119
-5.44957
-5.44763
-5.44698
-5.44633
-5.44763
-5.44536
-5.44504
-5.44699
-5.44731
-5.44796
-5.44699
-5.44634
-5.44795
-5.4486
-5.44634
-5.44796
-5.44893
-5.44796
-5.44699
-5.44828
-5.44731
-5.4486
-5.44893
-5.44731
-5.44796
-5.44667
-5.44699
-5.44828
-5.44925
-5.44925
-5.44958
-5.4499
-5.45088
-5.45153
-5.45023
-5.44764
-5.44731
-5.44893
-5.44957
-5.45022
-5.4486
-5.44958
-5.4499
-5.45088
-5.45023
-5.44991
-5.45055
-5.4486
-5.4486
-5.45022
-5.4486
-5.44926
-5.45023
-5.45056
-5.45056
-5.45154
-5.45251
-5.45153
-5.45088
-5.45023
-5.4512
-5.45217
-5.44893
-5.44958
-5.44991
-5.44861
-5.45088
-5.45023
-5.44894
-5.4525
-5.45185
-5.45185
-5.45088
-5.44796
-5.44893
-5.45217
