0.788884
0.776698
0.764707
0.753725
0.744491
0.737633
0.73371
0.73326
0.736799
0.744749
0.757056
0.77277
0.789939
0.806292
0.820039
0.830497
0.838032
0.843505
0.847773
0.851257
0.853752
0.854535
0.852722
0.847701
0.839456
0.828839
0.817403
0.806969
0.79905
0.794272
0.792164
0.791468
0.790874
0.789599
0.787639
0.785592
0.78418
0.783751
0.784056
0.784289
0.783609
0.78152
0.778049
0.773845
0.770103
0.768147
0.768994
0.772756
0.778565
0.785226
0.792112
0.799683
0.809023
0.82097
0.8354
0.851006
0.865767
0.877647
0.885031
0.887169
0.884453
0.878572
0.871886
0.866254
0.861948
0.857562
0.851033
0.840709
0.825965
0.807518
0.787546
0.769486
0.757355
0.754496
0.76229
0.779455
0.80247
0.826519
0.846787
0.859397
0.861895
0.853444
0.834908
0.808868
0.779321
0.751006
0.728368
0.714249
0.709086
0.711468
0.719184
0.730324
0.743568
0.757968
0.772555
0.786457
0.799224
0.810903
0.82202
0.833133
