-5.50439
-5.50471
-5.50374
-5.50828
-5.50828
-5.50698
-5.50504
-5.50375
-5.50375
-5.5018
-5.5018
-5.50277
-5.50244
-5.50309
-5.50212
-5.5005
-5.49888
-5.49953
-5.50017
-5.5005
-5.5005
-5.50114
-5.5005
-5.49985
-5.49985
-5.49888
-5.49921
-5.49953
-5.49888
-5.49953
-5.5005
-5.50244
-5.50114
-5.49985
-5.4992
-5.50017
-5.49985
-5.49953
-5.5005
-5.49985
-5.50083
-5.50245
-5.5018
-5.50277
-5.50244
-5.50341
-5.50342
-5.50147
-5.5005
-5.50212
-5.50147
-5.50245
-5.50309
-5.50374
-5.50083
-5.50018
-5.49921
-5.50147
-5.50082
-5.50049
-5.50114
-5.50211
-5.50341
-5.50244
-5.50179
-5.4992
-5.50082
-5.49953
-5.49856
-5.49985
-5.5005
-5.49953
-5.49953
-5.50115
-5.50439
-5.50504
-5.50568
-5.50148
-5.50019
-5.49857
-5.49921
-5.49727
-5.49759
-5.49888
-5.49888
-5.49953
-5.50179
-5.50309
-5.50439
-5.50601
-5.50407
-5.50439
-5.50439
-5.5044
-5.50472
-5.5044
-5.50504
-5.50472
-5.50407
-5.5031
