1.21646
1.23506
1.25377
1.27103
1.28526
1.29494
1.29872
1.29539
1.28412
1.26483
1.2387
1.20831
1.17734
1.14957
1.12783
1.11347
1.10642
1.10587
1.11095
1.12099
1.13535
1.1531
1.17287
1.19275
1.21041
1.22349
1.22996
1.22842
1.21838
1.20039
1.17591
1.14731
1.11771
1.09059
1.06946
1.05725
1.05566
1.06445
1.08132
1.10286
1.12581
1.14813
1.16922
1.18954
1.21006
1.23139
1.25335
1.27502
1.29506
1.31217
1.32532
1.33312
1.33326
1.32307
1.30087
1.26724
1.22547
1.181
1.13968
1.10592
1.08165
1.06671
1.05985
1.05961
1.06478
1.07439
1.08766
1.10374
1.12158
1.13984
1.15728
1.17323
1.18786
1.20198
1.21604
1.22922
1.23926
1.24318
1.23824
1.22304
1.19814
1.16633
1.13234
1.10151
1.07839
1.06583
1.06499
1.07577
1.09681
1.12546
1.15812
1.19096
1.22057
1.24432
1.26058
1.26872
1.26898
1.26227
1.24983
1.2331
