-6.72085
-6.73978
-6.75751
-6.77931
-6.79354
-6.80192
-6.80376
-6.79914
-6.78786
-6.76664
-6.7405
-6.71108
-6.67978
-6.65266
-6.62995
-6.61396
-6.6053
-6.60539
-6.61112
-6.62149
-6.63584
-6.65425
-6.67337
-6.69261
-6.71026
-6.72237
-6.72917
-6.72795
-6.71726
-6.69992
-6.67641
-6.64975
-6.61885
-6.59044
-6.56866
-6.55743
-6.55551
-6.56398
-6.58182
-6.60271
-6.62664
-6.65058
-6.67102
-6.69231
-6.7125
-6.7348
-6.75676
-6.7765
-6.79556
-6.81429
-6.82679
-6.83556
-6.83635
-6.82681
-6.8017
-6.76742
-6.72468
-6.68247
-6.6405
-6.60641
-6.58279
-6.56882
-6.56326
-6.56204
-6.56657
-6.57359
-6.58848
-6.60327
-6.62013
-6.63969
-6.65778
-6.67276
-6.68739
-6.70313
-6.72043
-6.73425
-6.74495
-6.74465
-6.73843
-6.72161
-6.69736
-6.6636
-6.62993
-6.6004
-6.57727
-6.56536
-6.56678
-6.57886
-6.6012
-6.63147
-6.66219
-6.69535
-6.72496
-6.74872
-6.7653
-6.77311
-6.77402
-6.76699
-6.7539
-6.7362
