0.810976
0.823376
0.835846
0.847356
0.85684
0.863291
0.86581
0.863593
0.85608
0.843221
0.825798
0.805542
0.78489
0.766381
0.751888
0.742311
0.737615
0.737245
0.740633
0.747325
0.756898
0.768734
0.781916
0.795169
0.80694
0.815661
0.819974
0.818947
0.812253
0.800258
0.783939
0.764874
0.745139
0.727058
0.712974
0.704836
0.703776
0.709636
0.720878
0.735239
0.750541
0.765423
0.77948
0.793026
0.806707
0.820927
0.835564
0.850016
0.863374
0.87478
0.883544
0.888744
0.888838
0.882045
0.867247
0.844828
0.816982
0.787333
0.759786
0.737277
0.721099
0.711137
0.706566
0.706404
0.709851
0.71626
0.725108
0.735829
0.747719
0.75989
0.77152
0.782155
0.79191
0.801321
0.810694
0.819479
0.826174
0.828784
0.825493
0.815363
0.798761
0.777556
0.754893
0.734343
0.718928
0.710555
0.70999
0.71718
0.731209
0.750309
0.77208
0.793975
0.813714
0.829548
0.840388
0.845811
0.845986
0.841515
0.833218
0.822069
