1.18217
1.16352
1.14675
1.13307
1.12251
1.11403
1.10675
1.10125
1.09944
1.10288
1.11112
1.12198
1.13307
1.14269
1.15008
1.15515
1.15807
1.15883
1.15719
1.15279
1.14545
1.13582
1.12561
1.11726
1.11334
1.11568
1.1249
1.14041
1.16083
1.18421
1.20854
1.23189
1.2525
1.26884
1.27943
1.28281
1.27785
1.26413
1.2424
1.21468
1.18426
1.15503
1.13028
1.11161
1.09868
1.09002
1.08425
1.08067
1.07912
1.07969
1.08252
1.08798
1.09655
1.10844
1.1233
1.14014
1.1575
1.17366
1.18694
1.19599
1.19986
1.19819
1.1914
1.18075
1.16815
1.15583
1.14581
1.13957
1.13798
1.14123
1.14853
1.15799
1.16699
1.173
1.17467
1.17189
1.16554
1.15694
1.14733
1.13786
1.1295
1.1231
1.11949
1.11952
1.12373
1.13206
1.14366
1.15677
1.16927
1.17955
1.18702
1.19235
1.1967
1.20106
1.20592
1.21113
1.2162
1.22047
1.22329
1.22401
