-6.7191
-6.69948
-6.6814
-6.6674
-6.6562
-6.64804
-6.64012
-6.63429
-6.63086
-6.63689
-6.64578
-6.65729
-6.66838
-6.67734
-6.68539
-6.69046
-6.69305
-6.69317
-6.68991
-6.68519
-6.67687
-6.67145
-6.65962
-6.65224
-6.648
-6.65163
-6.6602
-6.67377
-6.69451
-6.71531
-6.74061
-6.76395
-6.78489
-6.80026
-6.81377
-6.81553
-6.81122
-6.79653
-6.77415
-6.74772
-6.71956
-6.69163
-6.66655
-6.64465
-6.63107
-6.62015
-6.61502
-6.61274
-6.61087
-6.61079
-6.61297
-6.61811
-6.62765
-6.64116
-6.65601
-6.67383
-6.69216
-6.70703
-6.71966
-6.72904
-6.73097
-6.73092
-6.7238
-6.7112
-6.69893
-6.68693
-6.67723
-6.67002
-6.66584
-6.67071
-6.68027
-6.68747
-6.69615
-6.70377
-6.70642
-6.70364
-6.69567
-6.68869
-6.68037
-6.67187
-6.66351
-6.65711
-6.65414
-6.65547
-6.65936
-6.66737
-6.678
-6.69078
-6.70037
-6.71065
-6.7178
-6.72409
-6.72779
-6.73345
-6.73766
-6.7445
-6.75281
-6.7574
-6.75958
-6.75932
