-5.53693
-5.53595
-5.53466
-5.53433
-5.53369
-5.53401
-5.53336
-5.53304
-5.53142
-5.53401
-5.53466
-5.5353
-5.53531
-5.53466
-5.53531
-5.5353
-5.53498
-5.53433
-5.53272
-5.53239
-5.53142
-5.53563
-5.53401
-5.53498
-5.53465
-5.53595
-5.5353
-5.53336
-5.53368
-5.5311
-5.53207
-5.53207
-5.53239
-5.53142
-5.53434
-5.53272
-5.53337
-5.5324
-5.53175
-5.53304
-5.53531
-5.5366
-5.53628
-5.53304
-5.53239
-5.53013
-5.53077
-5.53207
-5.53174
-5.5311
-5.53045
-5.53013
-5.5311
-5.53272
-5.53272
-5.53369
-5.53466
-5.53337
-5.53272
-5.53305
-5.5311
-5.53272
-5.5324
-5.53045
-5.53078
-5.5311
-5.53142
-5.53045
-5.52786
-5.52948
-5.53175
-5.52948
-5.52916
-5.53078
-5.53175
-5.53175
-5.53013
-5.53174
-5.53304
-5.53401
-5.53401
-5.53401
-5.53466
-5.53595
-5.53563
-5.5353
-5.53434
-5.53401
-5.5311
-5.5311
-5.53077
-5.53175
-5.5311
-5.53239
-5.53175
-5.53337
-5.53661
-5.53693
-5.53628
-5.53531
