0.788115
0.775682
0.764498
0.755381
0.748343
0.742687
0.737835
0.734165
0.732959
0.735253
0.740747
0.74799
0.755382
0.761791
0.766721
0.770103
0.772044
0.772554
0.771463
0.76853
0.763632
0.757216
0.750406
0.744843
0.742229
0.743788
0.749931
0.760271
0.773886
0.789476
0.805696
0.821257
0.835001
0.845894
0.852953
0.855204
0.851901
0.842752
0.828267
0.809784
0.789505
0.770018
0.753518
0.741074
0.732455
0.726681
0.722833
0.720449
0.719415
0.719793
0.721678
0.725323
0.731033
0.738963
0.748865
0.760096
0.771664
0.782439
0.791295
0.797329
0.799908
0.798796
0.794265
0.787164
0.778765
0.770556
0.763874
0.759716
0.758656
0.760821
0.765684
0.771993
0.777991
0.781997
0.783112
0.781261
0.777026
0.771295
0.764887
0.758575
0.753
0.748733
0.746325
0.746348
0.749153
0.754707
0.762443
0.77118
0.779513
0.786366
0.791349
0.794898
0.797797
0.800707
0.803944
0.807419
0.810803
0.813649
0.815529
0.816005
