1.19837
1.19445
1.18803
1.17912
1.16785
1.15461
1.14007
1.12526
1.11141
1.09964
1.09048
1.08369
1.07835
1.07361
1.06938
1.0665
1.06641
1.07024
1.07833
1.08997
1.10404
1.1194
1.13516
1.15047
1.16449
1.17635
1.18526
1.19064
1.1925
1.19131
1.18796
1.18326
1.17782
1.17169
1.16447
1.15571
1.14526
1.13378
1.12266
1.11339
1.10686
1.10327
1.10208
1.10244
1.10344
1.10424
1.10448
1.10438
1.10467
1.10616
1.10905
1.11332
1.11936
1.1284
1.14205
1.16122
1.18529
1.21197
1.23773
1.25892
1.27244
1.27654
1.27105
1.25736
1.23797
1.21595
1.19389
1.17316
1.15354
1.13387
1.11298
1.09095
1.06985
1.05339
1.04585
1.05041
1.06781
1.09604
1.13103
1.1676
1.20073
1.22634
1.24189
1.2465
1.24095
1.22748
1.20918
1.18948
1.17103
1.15514
1.14187
1.13093
1.12252
1.11765
1.11742
1.12209
1.13059
1.14068
1.1498
1.15592
