-6.75802
-6.75507
-6.74865
-6.73812
-6.72685
-6.71393
-6.69972
-6.68685
-6.67041
-6.65961
-6.65142
-6.64398
-6.63864
-6.63618
-6.63227
-6.6268
-6.62606
-6.6286
-6.63766
-6.65027
-6.66239
-6.67679
-6.69546
-6.71045
-6.72577
-6.73698
-6.74557
-6.75063
-6.75345
-6.75453
-6.75053
-6.74518
-6.74007
-6.73394
-6.72348
-6.71277
-6.70103
-6.68987
-6.67811
-6.67013
-6.66296
-6.66163
-6.65623
-6.65885
-6.65953
-6.66163
-6.66024
-6.66144
-6.66336
-6.66517
-6.66805
-6.67265
-6.67998
-6.68934
-6.70396
-6.72346
-6.74688
-6.77421
-6.80159
-6.82214
-6.83696
-6.83944
-6.83298
-6.81831
-6.79827
-6.77463
-6.75193
-6.72989
-6.71125
-6.69061
-6.66939
-6.64898
-6.62755
-6.61044
-6.60258
-6.60941
-6.6281
-6.65763
-6.69392
-6.72888
-6.76104
-6.786
-6.7996
-6.80421
-6.79737
-6.78552
-6.76884
-6.74848
-6.73198
-6.71511
-6.6999
-6.68767
-6.68119
-6.676
-6.67707
-6.684
-6.69056
-6.70292
-6.71268
-6.71784
