-5.55965
-5.56062
-5.56062
-5.559
-5.559
-5.55933
-5.55965
-5.56159
-5.559
-5.55997
-5.56094
-5.5603
-5.5603
-5.56256
-5.56289
-5.5603
-5.55965
-5.55836
-5.55933
-5.5603
-5.55836
-5.55739
-5.5603
-5.55998
-5.56128
-5.56063
-5.56031
-5.55999
-5.56096
-5.56322
-5.56257
-5.56193
-5.56225
-5.56225
-5.55901
-5.55707
-5.55577
-5.55609
-5.55545
-5.55674
-5.5561
-5.55836
-5.55415
-5.55642
-5.55609
-5.55739
-5.55577
-5.55706
-5.55868
-5.559
-5.559
-5.55933
-5.56062
-5.56095
-5.56192
-5.56224
-5.56159
-5.56224
-5.56386
-5.56322
-5.56451
-5.5629
-5.56193
-5.56095
-5.5603
-5.55868
-5.55803
-5.55673
-5.55771
-5.55674
-5.55641
-5.55803
-5.5577
-5.55705
-5.55673
-5.55899
-5.56029
-5.56159
-5.56289
-5.56127
-5.5603
-5.55965
-5.55771
-5.55771
-5.55642
-5.55803
-5.55965
-5.559
-5.56094
-5.55997
-5.55803
-5.55673
-5.55867
-5.55835
-5.55965
-5.56191
-5.55997
-5.56224
-5.56289
-5.56192
