0.798912
0.796298
0.79202
0.786077
0.778565
0.769739
0.760048
0.750171
0.740942
0.733096
0.726984
0.722459
0.718899
0.715742
0.712923
0.711002
0.710939
0.713493
0.718888
0.726648
0.736024
0.746265
0.756773
0.766977
0.776327
0.784233
0.790172
0.793761
0.794997
0.794208
0.791971
0.788838
0.78521
0.781128
0.776312
0.770471
0.763505
0.755853
0.748441
0.742258
0.737908
0.735512
0.734717
0.734957
0.735625
0.736162
0.736317
0.736251
0.73645
0.73744
0.739365
0.742212
0.746241
0.752266
0.761365
0.774145
0.790195
0.807977
0.825155
0.839283
0.848295
0.851027
0.847368
0.838238
0.825311
0.810634
0.79593
0.782105
0.76903
0.755913
0.741985
0.727299
0.713232
0.70226
0.697234
0.700275
0.711872
0.730696
0.754023
0.778403
0.800489
0.817562
0.827924
0.831002
0.827302
0.818322
0.806123
0.792984
0.780688
0.770092
0.761249
0.753957
0.748346
0.745101
0.744948
0.748057
0.753724
0.760452
0.766531
0.770616
