-5.51777
-5.51679
-5.51518
-5.5142
-5.5142
-5.51517
-5.51744
-5.51776
-5.51776
-5.51874
-5.51938
-5.51874
-5.51906
-5.51648
-5.51745
-5.5168
-5.51744
-5.51809
-5.51712
-5.51711
-5.51938
-5.51809
-5.51776
-5.51906
-5.51874
-5.51679
-5.51549
-5.51452
-5.5142
-5.51161
-5.50967
-5.50999
-5.50902
-5.51161
-5.51162
-5.51323
-5.51258
-5.51355
-5.5116
-5.51257
-5.51289
-5.51386
-5.51452
-5.51387
-5.5155
-5.51744
-5.51582
-5.51583
-5.51874
-5.51777
-5.51809
-5.51777
-5.51614
-5.51355
-5.51193
-5.51096
-5.5116
-5.51289
-5.51581
-5.51581
-5.51613
-5.51484
-5.51258
-5.51387
-5.51452
-5.51581
-5.5184
-5.51678
-5.51743
-5.51808
-5.51776
-5.51549
-5.51517
-5.51614
-5.51647
-5.51387
-5.51419
-5.51516
-5.51452
-5.51451
-5.51678
-5.51516
-5.51484
-5.51387
-5.51549
-5.51387
-5.5129
-5.5129
-5.51355
-5.51258
-5.51355
-5.51484
-5.51323
-5.51355
-5.51323
-5.51387
-5.51063
-5.51322
-5.51193
-5.51225
