1.20134
1.19746
1.18888
1.1771
1.16411
1.15206
1.14292
1.13819
1.13846
1.14364
1.15291
1.16501
1.17801
1.18932
1.19605
1.19602
1.18871
1.17576
1.16083
1.14845
1.14192
1.14176
1.14557
1.15016
1.15349
1.15545
1.15759
1.16191
1.16982
1.1814
1.19503
1.20791
1.21655
1.21755
1.20828
1.18759
1.15639
1.1185
1.08058
1.05134
1.03886
1.04771
1.0772
1.12214
1.17496
1.22795
1.27465
1.31044
1.33261
1.34011
1.33329
1.3138
1.28407
1.24718
1.2067
1.16652
1.13058
1.1024
1.08436
1.07711
1.07947
1.08884
1.1021
1.11648
1.13035
1.14329
1.15609
1.1701
1.18631
1.20424
1.2215
1.23441
1.23933
1.23397
1.2182
1.19405
1.16512
1.13522
1.10739
1.08369
1.06565
1.05485
1.05275
1.06002
1.07615
1.09925
1.12643
1.15429
1.17985
1.20153
1.21946
1.23464
1.24793
1.25882
1.26574
1.26688
1.26148
1.25015
1.23476
1.21767
