-6.71911
-6.71425
-6.70405
-6.69131
-6.67832
-6.66723
-6.66036
-6.65595
-6.65623
-6.66237
-6.6723
-6.68375
-6.69708
-6.70579
-6.7135
-6.71282
-6.70616
-6.69385
-6.67794
-6.66556
-6.6613
-6.65984
-6.66333
-6.66922
-6.67223
-6.67224
-6.67308
-6.67643
-6.68402
-6.69301
-6.7047
-6.71791
-6.72557
-6.72916
-6.7199
-6.70082
-6.66898
-6.63205
-6.59218
-6.56391
-6.55176
-6.56157
-6.59171
-6.63601
-6.69046
-6.74539
-6.79047
-6.82627
-6.85135
-6.85788
-6.85138
-6.83157
-6.80021
-6.76074
-6.71863
-6.67748
-6.64218
-6.61529
-6.60017
-6.59292
-6.5956
-6.60368
-6.61468
-6.63035
-6.64488
-6.6591
-6.67449
-6.68689
-6.70374
-6.72232
-6.73926
-6.74991
-6.7545
-6.75011
-6.73466
-6.70792
-6.67931
-6.65038
-6.6219
-6.5982
-6.58243
-6.57001
-6.56758
-6.57388
-6.59164
-6.61312
-6.63933
-6.66719
-6.6934
-6.71411
-6.733
-6.74949
-6.76115
-6.77237
-6.77896
-6.78075
-6.77211
-6.76338
-6.74669
-6.72992
