0.800893
0.798305
0.792585
0.784735
0.776076
0.768037
0.761949
0.75879
0.758976
0.762424
0.768608
0.776673
0.785341
0.792877
0.797366
0.797349
0.792476
0.783838
0.773883
0.765633
0.76128
0.761172
0.763711
0.766773
0.768993
0.770301
0.771727
0.774604
0.779883
0.787599
0.796686
0.805275
0.811032
0.811697
0.80552
0.791724
0.770929
0.745666
0.720388
0.700891
0.692576
0.698473
0.71813
0.74809
0.783308
0.818633
0.849765
0.873629
0.888408
0.893409
0.888862
0.875867
0.856047
0.831456
0.804466
0.777681
0.753718
0.734932
0.722908
0.718074
0.719646
0.725891
0.734732
0.74432
0.753569
0.762191
0.770725
0.780068
0.790871
0.802827
0.814336
0.822943
0.82622
0.822646
0.812132
0.796035
0.776746
0.756811
0.738258
0.722459
0.710436
0.703231
0.701832
0.706677
0.717432
0.732836
0.750952
0.769524
0.786569
0.801022
0.81297
0.823096
0.831952
0.839214
0.843824
0.844586
0.840988
0.833437
0.823172
0.811783
