-5.5304
-5.53234
-5.53234
-5.53266
-5.53169
-5.53201
-5.53331
-5.53557
-5.53492
-5.53493
-5.5346
-5.53493
-5.5346
-5.53557
-5.53719
-5.53525
-5.53396
-5.53298
-5.53039
-5.52942
-5.52845
-5.52974
-5.52909
-5.52974
-5.52877
-5.53136
-5.53396
-5.53299
-5.53363
-5.53202
-5.52975
-5.52878
-5.52716
-5.52554
-5.52618
-5.52619
-5.52619
-5.52748
-5.52586
-5.5278
-5.52877
-5.52813
-5.52813
-5.52715
-5.52748
-5.53071
-5.53071
-5.53135
-5.53297
-5.53168
-5.53201
-5.52942
-5.52877
-5.53201
-5.5304
-5.53072
-5.53169
-5.53007
-5.53104
-5.53136
-5.53007
-5.53103
-5.53103
-5.53103
-5.52974
-5.52974
-5.52877
-5.52845
-5.5291
-5.53039
-5.53266
-5.53233
-5.53266
-5.53428
-5.53525
-5.53331
-5.53201
-5.53364
-5.53396
-5.53169
-5.5304
-5.52877
-5.52877
-5.52715
-5.52585
-5.5265
-5.52715
-5.52359
-5.52522
-5.52846
-5.52781
-5.52651
-5.52845
-5.52942
-5.52845
-5.52748
-5.52747
-5.52909
-5.53136
-5.53395
