-6.71478
-6.70264
-6.69157
-6.68405
-6.67858
-6.67804
-6.6825
-6.6922
-6.70274
-6.71635
-6.73014
-6.7431
-6.75234
-6.75871
-6.76095
-6.75453
-6.74357
-6.72793
-6.70635
-6.68366
-6.66087
-6.64366
-6.63125
-6.62913
-6.63448
-6.65027
-6.66939
-6.68455
-6.69807
-6.70454
-6.70549
-6.70398
-6.6998
-6.69549
-6.69447
-6.69403
-6.69412
-6.69482
-6.69064
-6.68686
-6.678
-6.66283
-6.64346
-6.61873
-6.59245
-6.5692
-6.54697
-6.53425
-6.53503
-6.54671
-6.57228
-6.6034
-6.64014
-6.67972
-6.70946
-6.73315
-6.74742
-6.748
-6.7405
-6.7238
-6.70078
-6.6806
-6.66534
-6.65951
-6.66224
-6.67388
-6.68885
-6.70584
-6.72345
-6.74079
-6.75856
-6.77414
-6.79141
-6.81089
-6.82939
-6.84214
-6.84947
-6.85052
-6.83886
-6.81291
-6.7783
-6.73853
-6.70201
-6.67175
-6.65334
-6.64849
-6.65227
-6.65587
-6.6637
-6.6682
-6.66178
-6.6481
-6.63363
-6.61828
-6.60548
-6.60062
-6.60615
-6.62211
-6.64528
-6.67237
