1.18439
1.1703
1.15923
1.15138
1.14689
1.14602
1.14919
1.15663
1.16782
1.18143
1.19554
1.20818
1.21774
1.22313
1.22376
1.21928
1.20961
1.19495
1.17596
1.15424
1.13242
1.11392
1.10216
1.0994
1.10572
1.11891
1.13543
1.15156
1.16443
1.17252
1.17575
1.1752
1.17264
1.16995
1.16828
1.16785
1.16794
1.16734
1.16478
1.15906
1.14923
1.13471
1.11533
1.09157
1.06497
1.03849
1.01626
1.0029
1.00205
1.01503
1.04028
1.07398
1.11137
1.14771
1.17906
1.20243
1.21573
1.21793
1.20946
1.19244
1.17071
1.14957
1.13431
1.12848
1.1325
1.14413
1.16008
1.17739
1.19435
1.2104
1.2259
1.24181
1.25875
1.27661
1.29414
1.30883
1.31746
1.31688
1.3049
1.28122
1.24791
1.20976
1.17324
1.1446
1.12748
1.12199
1.12512
1.13228
1.13849
1.13974
1.13397
1.12159
1.10518
1.08885
1.07703
1.07315
1.07867
1.09301
1.11391
1.13842
