0.789592
0.7802
0.77282
0.767588
0.76459
0.764015
0.76613
0.771088
0.778544
0.787619
0.797024
0.805452
0.811825
0.815422
0.815837
0.812855
0.80641
0.796633
0.783973
0.769491
0.754945
0.742614
0.734773
0.732932
0.737145
0.745942
0.756954
0.76771
0.776289
0.781682
0.783831
0.783468
0.781761
0.779966
0.778855
0.778564
0.778626
0.778224
0.776522
0.772707
0.76615
0.756472
0.743554
0.727714
0.70998
0.692328
0.677506
0.668599
0.668034
0.67669
0.693517
0.715986
0.740912
0.765139
0.786043
0.801622
0.810486
0.811953
0.806305
0.79496
0.780475
0.766377
0.756204
0.752317
0.755
0.762756
0.773384
0.784925
0.796233
0.806932
0.81727
0.827871
0.839166
0.851074
0.862759
0.872553
0.878306
0.877921
0.869935
0.854147
0.831938
0.806507
0.782157
0.763067
0.751656
0.74799
0.750081
0.754852
0.758991
0.75983
0.75598
0.747725
0.736786
0.725903
0.718022
0.715431
0.719116
0.728675
0.742609
0.758946
