-6.66103
-6.62804
-6.57192
-6.5252
-6.5338
-6.5881
-6.65974
-6.76044
-6.88182
-6.97844
-7.0208
-6.99435
-6.92155
-6.83545
-6.79443
-6.8151
-6.86525
-6.9042
-6.91263
-6.88726
-6.83351
-6.76038
-6.68033
-6.61111
-6.5688
-6.56069
-6.58523
-6.62283
-6.65458
-6.66589
-6.65613
-6.62315
-6.57539
-6.51704
-6.46191
-6.42161
-6.40782
-6.42094
-6.45482
-6.49763
-6.54081
-6.57636
-6.60224
-6.62057
-6.63424
-6.64448
-6.65185
-6.65695
-6.6573
-6.65181
-6.64702
-6.63586
-6.62983
-6.62029
-6.6149
-6.61118
-6.61117
-6.61405
-6.62399
-6.63488
-6.64643
-6.66042
-6.67504
-6.691
-6.70348
-6.71585
-6.72485
-6.73311
-6.73711
-6.73613
-6.73063
-6.71727
-6.69598
-6.66848
-6.63572
-6.60419
-6.57703
-6.56058
-6.55538
-6.56554
-6.58907
-6.6199
-6.65838
-6.699
-6.73696
-6.77093
-6.80076
-6.81956
-6.8243
-6.81629
-6.79974
-6.77416
-6.74612
-6.7228
-6.70535
-6.69738
-6.69616
-6.70299
-6.71346
-6.72438
