1.18515
1.15279
1.09637
1.04774
1.05439
1.10673
1.17773
1.27779
1.39849
1.49541
1.53518
1.5097
1.43305
1.34666
1.30565
1.32565
1.37254
1.40987
1.41959
1.39714
1.34567
1.27384
1.19542
1.12783
1.08714
1.08096
1.10388
1.14017
1.17192
1.18581
1.17573
1.14243
1.09208
1.03439
0.980884
0.943182
0.93004
0.943475
0.977353
1.02081
1.06366
1.09953
1.12639
1.14537
1.15904
1.1696
1.17762
1.1824
1.18306
1.17953
1.17247
1.16325
1.15366
1.14541
1.13971
1.13696
1.13727
1.14079
1.14782
1.15838
1.17188
1.18717
1.20308
1.21871
1.23314
1.2455
1.25515
1.2618
1.26515
1.26448
1.25834
1.2453
1.22466
1.19716
1.16537
1.13353
1.10669
1.08959
1.08537
1.09488
1.11679
1.14827
1.18577
1.22574
1.26467
1.29928
1.32653
1.34371
1.34909
1.34238
1.32518
1.3009
1.27416
1.24987
1.2321
1.22316
1.22323
1.23038
1.24117
1.25177
