-5.47588
-5.47524
-5.47555
-5.47746
-5.47941
-5.48137
-5.48201
-5.48266
-5.48333
-5.48303
-5.48562
-5.48464
-5.4885
-5.48879
-5.48878
-5.48945
-5.49271
-5.49434
-5.49304
-5.49012
-5.48785
-5.48655
-5.48492
-5.48329
-5.48166
-5.47972
-5.48135
-5.48266
-5.48267
-5.48008
-5.4804
-5.48072
-5.48331
-5.48265
-5.48103
-5.47843
-5.47778
-5.47746
-5.47747
-5.47682
-5.47715
-5.47683
-5.47586
-5.4752
-5.4752
-5.47488
-5.47423
-5.47455
-5.47423
-5.47229
-5.47455
-5.47261
-5.47617
-5.47487
-5.4752
-5.47423
-5.4739
-5.47326
-5.47617
-5.47649
-5.47455
-5.47326
-5.47196
-5.47229
-5.47034
-5.47035
-5.4697
-5.47132
-5.47196
-5.47164
-5.47229
-5.47197
-5.47132
-5.47132
-5.47034
-5.47066
-5.47034
-5.47098
-5.47001
-5.47066
-5.47228
-5.47164
-5.47261
-5.47326
-5.47229
-5.47165
-5.47424
-5.47586
-5.47521
-5.47391
-5.47456
-5.47326
-5.47196
-5.47293
-5.47325
-5.47422
-5.47293
-5.47261
-5.47229
-5.47261
