0.790102
0.768529
0.730912
0.698493
0.702928
0.737817
0.785155
0.851859
0.932324
0.996943
1.02345
1.00647
0.955367
0.897775
0.870435
0.883765
0.915025
0.939911
0.946396
0.931428
0.89711
0.849224
0.796945
0.751884
0.724757
0.720643
0.735918
0.760113
0.781279
0.790543
0.783821
0.761618
0.728054
0.689591
0.653922
0.628788
0.620026
0.628984
0.651569
0.68054
0.709109
0.733022
0.750924
0.763577
0.772694
0.779735
0.785082
0.788266
0.788709
0.78635
0.781645
0.775497
0.769106
0.76361
0.759804
0.757971
0.75818
0.76053
0.765212
0.772256
0.781253
0.791446
0.802054
0.812474
0.822091
0.830334
0.836766
0.841198
0.843432
0.842989
0.838891
0.830199
0.816443
0.798108
0.776916
0.755685
0.737796
0.726395
0.723578
0.729919
0.744528
0.765511
0.790514
0.817157
0.843111
0.866189
0.884352
0.895805
0.899395
0.894922
0.883454
0.867269
0.849442
0.833246
0.821399
0.815439
0.815487
0.820255
0.827447
0.834515
