-5.52646
-5.52745
-5.52868
-5.52961
-5.53065
-5.53099
-5.53227
-5.53391
-5.53425
-5.53843
-5.54068
-5.54135
-5.54363
-5.54558
-5.54589
-5.54781
-5.5494
-5.54713
-5.5436
-5.54071
-5.53813
-5.53747
-5.53713
-5.53775
-5.53708
-5.53806
-5.53615
-5.53649
-5.5352
-5.5339
-5.53292
-5.53227
-5.53323
-5.53387
-5.5342
-5.53582
-5.53453
-5.53486
-5.53453
-5.53485
-5.53517
-5.53388
-5.53453
-5.5355
-5.53486
-5.53389
-5.53389
-5.53323
-5.53451
-5.53355
-5.53292
-5.53001
-5.52936
-5.52936
-5.5313
-5.53064
-5.52902
-5.52902
-5.52902
-5.53031
-5.52934
-5.52967
-5.5287
-5.52902
-5.53064
-5.52967
-5.52934
-5.52675
-5.52384
-5.52255
-5.52222
-5.52287
-5.52449
-5.52481
-5.52287
-5.52352
-5.52579
-5.52611
-5.52482
-5.52385
-5.52579
-5.52644
-5.52579
-5.52449
-5.52351
-5.52416
-5.52643
-5.52805
-5.52902
-5.53194
-5.53
-5.52935
-5.52935
-5.53097
-5.52967
-5.52902
-5.52935
-5.52838
-5.52838
-5.52805
