-6.69983
-6.63202
-6.52908
-6.48673
-6.55931
-6.66451
-6.77207
-6.88818
-6.98169
-7.03603
-7.0704
-7.10639
-7.12458
-7.09742
-7.02145
-6.91584
-6.81677
-6.76996
-6.78478
-6.81556
-6.81545
-6.76978
-6.68549
-6.59074
-6.52507
-6.52316
-6.56996
-6.63193
-6.67586
-6.69283
-6.68439
-6.65912
-6.63254
-6.61666
-6.61532
-6.62207
-6.6221
-6.6154
-6.6019
-6.58819
-6.57862
-6.57401
-6.57713
-6.58302
-6.58471
-6.57823
-6.56278
-6.54449
-6.54532
-6.57498
-6.62643
-6.67557
-6.71359
-6.73582
-6.74511
-6.73947
-6.72349
-6.70334
-6.68176
-6.66444
-6.6508
-6.64477
-6.64238
-6.64471
-6.6513
-6.65882
-6.67089
-6.68387
-6.69837
-6.7153
-6.73342
-6.75229
-6.77133
-6.78746
-6.79903
-6.81045
-6.82012
-6.82323
-6.81844
-6.80614
-6.78848
-6.76223
-6.73005
-6.6965
-6.66713
-6.64728
-6.6392
-6.64003
-6.64674
-6.65822
-6.66505
-6.67239
-6.68004
-6.68981
-6.6976
-6.7067
-6.71658
-6.72382
-6.72954
-6.73186
