1.17337
1.10457
1.0004
0.957121
1.02866
1.13352
1.2398
1.35427
1.44744
1.4976
1.52972
1.56504
1.58096
1.55185
1.47556
1.36802
1.26737
1.22284
1.24119
1.27484
1.27732
1.2323
1.14836
1.05299
0.987989
0.985095
1.03381
1.09544
1.14066
1.15894
1.15147
1.12685
1.09931
1.08279
1.08112
1.08625
1.08757
1.08055
1.06737
1.05334
1.04345
1.04013
1.04261
1.04752
1.04985
1.04434
1.02889
1.01126
1.0108
1.04143
1.09352
1.14556
1.18423
1.20646
1.21382
1.20882
1.19447
1.17432
1.15274
1.13413
1.12146
1.1151
1.11369
1.11569
1.12067
1.12915
1.14154
1.15712
1.17453
1.19275
1.2112
1.22942
1.24684
1.26264
1.27616
1.28693
1.29433
1.29712
1.29362
1.2823
1.26269
1.23579
1.20427
1.17201
1.14362
1.12312
1.11277
1.11198
1.11772
1.12628
1.13505
1.14304
1.15069
1.15885
1.16793
1.17768
1.18723
1.19544
1.20116
1.2038
