0.782249
0.736381
0.666931
0.638081
0.685771
0.755681
0.826535
0.902847
0.964961
0.998398
1.01981
1.04336
1.05397
1.03457
0.983705
0.912016
0.844912
0.815226
0.827457
0.849896
0.851547
0.821535
0.765571
0.701994
0.658659
0.65673
0.68921
0.730295
0.760441
0.772624
0.767644
0.751234
0.732876
0.721862
0.72075
0.724164
0.725047
0.720366
0.711581
0.702228
0.695637
0.693421
0.695072
0.698346
0.699901
0.696229
0.685929
0.674174
0.673868
0.694287
0.729011
0.763708
0.789484
0.804308
0.809212
0.805881
0.796314
0.782879
0.768492
0.756086
0.747641
0.743402
0.742457
0.743791
0.747111
0.752769
0.761029
0.77141
0.783022
0.795168
0.807465
0.819616
0.831225
0.841763
0.850775
0.857955
0.862887
0.864744
0.862412
0.854865
0.841796
0.82386
0.802844
0.781343
0.762413
0.74875
0.741846
0.741321
0.745146
0.750856
0.7567
0.762025
0.767129
0.772564
0.778619
0.78512
0.791486
0.796962
0.800776
0.802535
