1.18589
1.14844
1.08923
1.0101
0.914031
0.805481
0.690479
0.576432
0.471542
0.383706
0.319156
0.281269
0.269981
0.282056
0.312016
0.353397
0.399921
0.446246
0.488384
0.523744
0.551025
0.569986
0.581199
0.585771
0.58523
0.581229
0.575443
0.569445
0.564624
0.561986
0.56217
0.565439
0.571669
0.580478
0.591171
0.603032
0.615309
0.627346
0.638547
0.648437
0.656681
0.662932
0.666913
0.668391
0.667143
0.663075
0.656193
0.646871
0.635821
0.62414
0.613151
0.604227
0.59861
0.59722
0.600446
0.608027
0.619121
0.632532
0.646786
0.660402
0.672035
0.680678
0.685654
0.686656
0.683729
0.677314
0.668141
0.657178
0.645422
0.633763
0.622788
0.612751
0.603683
0.595459
0.588085
0.581842
0.57726
0.575043
0.57572
0.579314
0.585177
0.592092
0.598793
0.604433
0.608802
0.612202
0.61511
0.617881
0.620464
0.622502
0.623381
0.622601
0.619859
0.615186
0.608928
0.601582
0.593675
0.585686
0.578104
0.571343
