-7.83611
-7.79121
-7.71646
-7.62729
-7.52118
-7.40324
-7.28305
-7.16544
-7.0586
-6.96849
-6.90168
-6.86217
-6.84991
-6.8607
-6.89131
-6.93269
-6.97857
-7.02425
-7.06639
-7.10208
-7.12742
-7.14702
-7.1605
-7.1654
-7.16453
-7.15956
-7.15312
-7.14874
-7.14619
-7.14387
-7.14632
-7.14797
-7.15291
-7.16302
-7.17177
-7.18298
-7.19558
-7.20827
-7.2185
-7.22806
-7.23728
-7.2445
-7.2501
-7.25384
-7.2526
-7.24917
-7.24132
-7.23232
-7.22127
-7.21121
-7.1986
-7.18806
-7.18114
-7.17975
-7.1846
-7.19315
-7.20619
-7.21798
-7.23224
-7.24618
-7.25975
-7.26775
-7.27046
-7.27081
-7.26853
-7.26277
-7.25197
-7.24101
-7.22828
-7.215
-7.20564
-7.19367
-7.18395
-7.17702
-7.16932
-7.16178
-7.1585
-7.15693
-7.15663
-7.16152
-7.16739
-7.17398
-7.1823
-7.18664
-7.19328
-7.19539
-7.19927
-7.20106
-7.20527
-7.20536
-7.20753
-7.20611
-7.20239
-7.19545
-7.19049
-7.18282
-7.17491
-7.16854
-7.15999
-7.15614
