-6.65022
-6.64277
-6.62723
-6.61719
-6.60715
-6.59776
-6.59257
-6.58901
-6.58706
-6.58479
-6.58252
-6.5809
-6.57993
-6.57864
-6.57929
-6.5793
-6.57865
-6.57801
-6.57801
-6.57833
-6.57639
-6.57704
-6.5793
-6.57963
-6.5793
-6.57833
-6.57768
-6.5793
-6.58156
-6.58189
-6.58415
-6.58254
-6.58124
-6.58254
-6.5806
-6.57995
-6.58027
-6.58092
-6.57995
-6.57963
-6.5806
-6.58157
-6.58319
-6.58545
-6.58545
-6.5861
-6.58513
-6.58545
-6.58545
-6.58707
-6.58545
-6.58383
-6.58253
-6.58253
-6.58415
-6.58512
-6.58707
-6.58545
-6.58545
-6.58578
-6.58772
-6.58707
-6.58481
-6.58416
-6.5848
-6.58545
-6.58383
-6.58383
-6.58286
-6.58124
-6.58286
-6.58091
-6.58027
-6.58156
-6.58124
-6.57994
-6.58124
-6.58189
-6.58091
-6.58221
-6.58221
-6.58189
-6.58351
-6.58221
-6.58448
-6.58318
-6.58415
-6.58318
-6.5848
-6.58286
-6.58415
-6.58351
-6.58253
-6.58027
-6.58156
-6.58124
-6.58124
-6.58285
-6.58188
-6.5848
