0.790592
0.765625
0.726156
0.673399
0.609354
0.536987
0.460319
0.384288
0.314361
0.255804
0.212771
0.187512
0.179987
0.188037
0.20801
0.235598
0.266614
0.297498
0.325589
0.349162
0.36735
0.379991
0.387466
0.390514
0.390153
0.387486
0.383629
0.37963
0.376416
0.374657
0.37478
0.376959
0.381113
0.386985
0.394114
0.402021
0.410206
0.41823
0.425698
0.432291
0.437787
0.441955
0.444609
0.445594
0.444762
0.44205
0.437462
0.431247
0.42388
0.416094
0.408768
0.402818
0.399073
0.398147
0.400298
0.405351
0.412747
0.421688
0.431191
0.440268
0.448024
0.453785
0.457102
0.457771
0.455819
0.451542
0.445427
0.438119
0.430282
0.422508
0.415192
0.408501
0.402455
0.396973
0.392056
0.387895
0.38484
0.383362
0.383813
0.386209
0.390118
0.394728
0.399196
0.402955
0.405868
0.408135
0.410073
0.411921
0.413643
0.415001
0.415587
0.415067
0.413239
0.410124
0.405952
0.401054
0.395783
0.390457
0.385403
0.380895
