1.18585
1.15876
1.12128
1.07648
1.028
0.979668
0.93496
0.896627
0.866398
0.845008
0.8325
0.82837
0.831653
0.840949
0.854394
0.869894
0.885404
0.899184
0.909853
0.916562
0.919096
0.917799
0.913695
0.90821
0.903017
0.899697
0.899364
0.902504
0.908932
0.917802
0.927727
0.937093
0.944613
0.949802
0.953219
0.956233
0.960453
0.967061
0.976151
0.986559
0.996072
1.00219
1.00283
0.997009
0.985102
0.968623
0.949876
0.931255
0.914564
0.900745
0.889741
0.880864
0.873326
0.866602
0.860688
0.856124
0.853905
0.855036
0.860229
0.869797
0.883486
0.900756
0.920791
0.942534
0.964808
0.986366
1.0061
1.02313
1.03697
1.0475
1.05494
1.05955
1.06165
1.0614
1.05879
1.05364
1.04558
1.03406
1.01848
0.998392
0.973821
0.9456
0.915442
0.885866
0.859587
0.838976
0.825327
0.818506
0.817266
0.819978
0.825352
0.832727
0.841941
0.85288
0.865156
0.878116
0.890938
0.902855
0.913278
0.922054
