-7.13862
-7.1099
-7.0721
-7.02568
-6.97526
-6.92498
-6.8793
-6.84064
-6.81203
-6.78902
-6.77652
-6.77401
-6.77762
-6.78562
-6.79906
-6.81586
-6.83267
-6.84645
-6.85777
-6.86577
-6.86831
-6.86668
-6.86387
-6.85774
-6.85351
-6.84825
-6.84824
-6.85138
-6.85619
-6.86506
-6.87499
-6.88371
-6.8922
-6.89707
-6.90178
-6.9035
-6.90642
-6.91173
-6.92277
-6.93382
-6.94301
-6.95043
-6.95139
-6.94362
-6.93333
-6.91685
-6.89746
-6.87916
-6.86182
-6.84735
-6.83505
-6.82488
-6.8167
-6.80998
-6.80244
-6.7982
-6.79372
-6.79388
-6.80036
-6.81025
-6.82556
-6.84218
-6.86254
-6.88494
-6.90721
-6.92845
-6.94883
-6.96618
-6.9797
-6.99023
-6.99799
-7.00843
-7.00988
-7.00834
-7.00443
-7.00123
-6.99284
-6.98164
-6.96671
-6.94825
-6.92497
-6.89707
-6.86562
-6.83507
-6.80911
-6.78818
-6.77259
-6.76674
-6.76582
-6.76918
-6.77488
-6.78129
-6.79147
-6.80274
-6.81469
-6.82765
-6.84047
-6.85239
-6.86378
-6.87158
