-5.95277
-5.95115
-5.95082
-5.9492
-5.94726
-5.94531
-5.94434
-5.94402
-5.94564
-5.94402
-5.94402
-5.94564
-5.94596
-5.94467
-5.94467
-5.94597
-5.94726
-5.94726
-5.94791
-5.94921
-5.94921
-5.94888
-5.95018
-5.94953
-5.9505
-5.94855
-5.94888
-5.94888
-5.94726
-5.94726
-5.94726
-5.94662
-5.94759
-5.94727
-5.94856
-5.94726
-5.94597
-5.94467
-5.94661
-5.94726
-5.94694
-5.94824
-5.94856
-5.94662
-5.94823
-5.94823
-5.94758
-5.9479
-5.94726
-5.94661
-5.94531
-5.94402
-5.94337
-5.94337
-5.94175
-5.94208
-5.93981
-5.93884
-5.94014
-5.94046
-5.94208
-5.94143
-5.94175
-5.9424
-5.9424
-5.94208
-5.94273
-5.94305
-5.94273
-5.94273
-5.94305
-5.94888
-5.94823
-5.94694
-5.94564
-5.94758
-5.94726
-5.94759
-5.94823
-5.94985
-5.95115
-5.95147
-5.95018
-5.9492
-5.94953
-5.9492
-5.94726
-5.94823
-5.94856
-5.94921
-5.94953
-5.94856
-5.94953
-5.94986
-5.94953
-5.94953
-5.94953
-5.94953
-5.9505
-5.94953
