0.790569
0.772504
0.747518
0.717656
0.685333
0.653112
0.623306
0.597751
0.577599
0.563339
0.555
0.552247
0.554435
0.560633
0.569596
0.579929
0.590269
0.599456
0.606569
0.611041
0.612731
0.611866
0.60913
0.605474
0.602011
0.599798
0.599576
0.601669
0.605955
0.611868
0.618485
0.624729
0.629742
0.633201
0.635479
0.637488
0.640302
0.644708
0.650767
0.657706
0.664048
0.668127
0.668551
0.664672
0.656735
0.645749
0.633251
0.620837
0.609709
0.600497
0.593161
0.587242
0.582218
0.577735
0.573792
0.570749
0.56927
0.570024
0.573486
0.579865
0.588991
0.600504
0.61386
0.628356
0.643205
0.657578
0.670732
0.682087
0.691311
0.698335
0.70329
0.706364
0.707766
0.707599
0.705861
0.702429
0.697056
0.689373
0.678985
0.665595
0.649214
0.6304
0.610295
0.590577
0.573058
0.559317
0.550218
0.545671
0.544844
0.546652
0.550235
0.555151
0.561294
0.568586
0.57677
0.585411
0.593959
0.601903
0.608852
0.614703
