1.20479
1.20238
1.19475
1.18494
1.176
1.17054
1.17019
1.17541
1.18514
1.19722
1.20874
1.21662
1.21837
1.21249
1.19876
1.17793
1.15151
1.12134
1.08951
1.05819
1.02967
1.0061
0.98929
0.980277
0.979121
0.98479
0.995562
1.00968
1.02596
1.04379
1.06299
1.08316
1.10319
1.12128
1.13541
1.14381
1.14546
1.14018
1.1285
1.11144
1.09038
1.06713
1.04402
1.02387
1.0097
1.00412
1.00855
1.02276
1.04504
1.07258
1.10195
1.12968
1.15261
1.1682
1.17491
1.17234
1.16118
1.14316
1.12069
1.09652
1.07336
1.05351
1.0387
1.03001
1.02804
1.0328
1.04384
1.06014
1.08007
1.10142
1.1216
1.13815
1.14901
1.15271
1.14855
1.13664
1.11805
1.09474
1.06956
1.04593
1.02722
1.01591
1.01291
1.01734
1.02697
1.03872
1.04964
1.05739
1.06061
1.05922
1.05417
1.04737
1.04115
1.03774
1.03862
1.04419
1.0538
1.06603
1.07934
1.09244
