-6.87482
-6.87175
-6.86445
-6.85269
-6.84569
-6.83893
-6.83955
-6.84543
-6.85483
-6.86659
-6.87714
-6.88437
-6.88645
-6.88024
-6.86748
-6.84762
-6.82218
-6.79071
-6.75629
-6.72432
-6.69548
-6.67191
-6.65574
-6.64641
-6.64557
-6.65092
-6.66201
-6.67711
-6.69468
-6.71219
-6.72944
-6.75123
-6.77126
-6.79032
-6.80349
-6.80897
-6.81224
-6.80663
-6.79463
-6.77627
-6.75619
-6.73423
-6.71241
-6.69063
-6.67647
-6.67057
-6.67629
-6.69115
-6.71181
-6.74097
-6.77099
-6.79743
-6.82133
-6.83789
-6.8433
-6.84009
-6.82828
-6.81026
-6.78843
-6.76427
-6.74045
-6.72093
-6.70547
-6.69581
-6.69384
-6.6973
-6.71028
-6.72853
-6.74879
-6.77046
-6.79291
-6.81076
-6.82129
-6.82369
-6.81888
-6.80633
-6.78676
-6.76087
-6.73763
-6.71464
-6.69787
-6.68494
-6.68032
-6.68703
-6.69536
-6.70776
-6.71739
-6.72708
-6.7303
-6.72988
-6.72354
-6.7177
-6.71278
-6.70969
-6.71057
-6.71582
-6.72218
-6.73766
-6.75032
-6.7631
