-5.67003
-5.66938
-5.6697
-5.66775
-5.66969
-5.6684
-5.66936
-5.67001
-5.66969
-5.66937
-5.6684
-5.66775
-5.66807
-5.66775
-5.66872
-5.66969
-5.67067
-5.66937
-5.66678
-5.66613
-5.66581
-5.66581
-5.66645
-5.66613
-5.66645
-5.66613
-5.66645
-5.66742
-5.66872
-5.6684
-5.66645
-5.66807
-5.66807
-5.66905
-5.66808
-5.66516
-5.66678
-5.66645
-5.66613
-5.66483
-5.6658
-5.6671
-5.66839
-5.66677
-5.66677
-5.66644
-5.66774
-5.66839
-5.66677
-5.66839
-5.66904
-5.66774
-5.66872
-5.66969
-5.6684
-5.66775
-5.6671
-5.6671
-5.66775
-5.66774
-5.6671
-5.66742
-5.66677
-5.6658
-5.6658
-5.6645
-5.66645
-5.66839
-5.66872
-5.66904
-5.67131
-5.6726
-5.67228
-5.67098
-5.67034
-5.66969
-5.66872
-5.66612
-5.66807
-5.66871
-5.67065
-5.66903
-5.66742
-5.66968
-5.66839
-5.66904
-5.66774
-5.66969
-5.66969
-5.67066
-5.66936
-5.67033
-5.67163
-5.67195
-5.67195
-5.67163
-5.66839
-5.67163
-5.67098
-5.67066
