0.803195
0.801585
0.7965
0.789958
0.784002
0.780359
0.780124
0.783609
0.790094
0.798146
0.805828
0.811079
0.812247
0.808325
0.799172
0.785286
0.767676
0.747563
0.726343
0.705458
0.686449
0.670735
0.659527
0.653518
0.652748
0.656527
0.663708
0.673122
0.68397
0.695862
0.70866
0.722107
0.735458
0.747517
0.75694
0.76254
0.763642
0.760117
0.752333
0.740957
0.726921
0.711421
0.696015
0.682577
0.673132
0.669414
0.672365
0.681839
0.696694
0.715053
0.734635
0.753123
0.768408
0.778798
0.783273
0.78156
0.774123
0.762107
0.747126
0.731015
0.715573
0.702341
0.692466
0.686671
0.685359
0.68853
0.695892
0.706762
0.720049
0.734278
0.747735
0.758769
0.766005
0.768472
0.7657
0.757761
0.745365
0.72983
0.71304
0.697288
0.684813
0.67727
0.67527
0.678228
0.684645
0.692482
0.699762
0.704925
0.707075
0.706146
0.702782
0.698247
0.6941
0.691825
0.692416
0.696129
0.70253
0.710688
0.71956
0.728297
