1.21098
1.21931
1.22487
1.22798
1.2285
1.22581
1.21946
1.20979
1.19809
1.18601
1.1749
1.16535
1.1569
1.14846
1.13905
1.12841
1.11736
1.10741
1.09993
1.09543
1.09344
1.09334
1.09502
1.09906
1.10618
1.11642
1.12899
1.14242
1.15524
1.16632
1.17491
1.18044
1.18233
1.17997
1.17305
1.1618
1.14742
1.13241
1.12004
1.11359
1.11532
1.12566
1.14308
1.16469
1.18694
1.20644
1.22048
1.22733
1.22651
1.21883
1.20607
1.19047
1.17386
1.15735
1.14118
1.12504
1.10857
1.0919
1.07584
1.06194
1.05202
1.0475
1.04874
1.05481
1.06382
1.07385
1.08394
1.09422
1.10576
1.11989
1.13753
1.15847
1.18123
1.20377
1.22443
1.24252
1.25772
1.26937
1.27614
1.2766
1.26986
1.25563
1.23433
1.20689
1.17477
1.14015
1.10589
1.07528
1.05151
1.037
1.03283
1.03849
1.05205
1.07073
1.0917
1.11239
1.13086
1.14583
1.15685
1.16422
