-6.77377
-6.78177
-6.78604
-6.78851
-6.78837
-6.78471
-6.77836
-6.7674
-6.75602
-6.7433
-6.73121
-6.72133
-6.71224
-6.70186
-6.69245
-6.6844
-6.67529
-6.66501
-6.66045
-6.65433
-6.65299
-6.65483
-6.65553
-6.65828
-6.6641
-6.67434
-6.68724
-6.70165
-6.71446
-6.7249
-6.73413
-6.74031
-6.74188
-6.74049
-6.73519
-6.72523
-6.70891
-6.69584
-6.68444
-6.6754
-6.67486
-6.68682
-6.70327
-6.72392
-6.74617
-6.76438
-6.78036
-6.78883
-6.78671
-6.77709
-6.76401
-6.74549
-6.73082
-6.71463
-6.6975
-6.68135
-6.66618
-6.65112
-6.63538
-6.62181
-6.61286
-6.60478
-6.60796
-6.61436
-6.62175
-6.63146
-6.64025
-6.65085
-6.66369
-6.67879
-6.69838
-6.72028
-6.74304
-6.76461
-6.78787
-6.80757
-6.8218
-6.83281
-6.84087
-6.84036
-6.83329
-6.82004
-6.7955
-6.76708
-6.73561
-6.70067
-6.66511
-6.63385
-6.61008
-6.59654
-6.59237
-6.59932
-6.61321
-6.63287
-6.65448
-6.67421
-6.69202
-6.70667
-6.71899
-6.72506
