-5.56279
-5.56246
-5.56117
-5.56052
-5.55987
-5.5589
-5.5589
-5.55761
-5.55793
-5.55728
-5.55631
-5.55599
-5.55534
-5.5534
-5.5534
-5.55599
-5.55793
-5.5576
-5.56052
-5.5589
-5.55955
-5.56149
-5.56052
-5.55922
-5.55793
-5.55793
-5.55825
-5.55922
-5.55922
-5.55857
-5.55922
-5.55987
-5.55955
-5.56052
-5.56214
-5.56343
-5.56149
-5.56343
-5.5644
-5.56181
-5.55954
-5.56116
-5.56019
-5.55923
-5.55923
-5.55794
-5.55988
-5.5615
-5.5602
-5.55826
-5.55793
-5.55502
-5.55696
-5.55728
-5.55631
-5.55631
-5.55761
-5.55922
-5.55955
-5.55987
-5.56084
-5.55728
-5.55922
-5.55955
-5.55793
-5.55761
-5.55631
-5.55663
-5.55793
-5.5589
-5.56084
-5.56182
-5.56182
-5.56085
-5.56343
-5.56505
-5.56408
-5.56344
-5.56473
-5.56376
-5.56344
-5.56441
-5.56117
-5.5602
-5.56084
-5.56052
-5.55922
-5.55857
-5.55857
-5.55954
-5.55954
-5.56084
-5.56116
-5.56213
-5.56278
-5.56181
-5.56116
-5.56084
-5.56214
-5.56084
