0.80732
0.812874
0.816579
0.818656
0.819
0.817207
0.812973
0.80653
0.798725
0.790676
0.783267
0.776897
0.771265
0.76564
0.759366
0.752273
0.744905
0.738273
0.733288
0.730287
0.728961
0.728895
0.73001
0.732704
0.73745
0.744279
0.752657
0.761617
0.770161
0.777549
0.783274
0.786961
0.78822
0.786648
0.782035
0.774532
0.764949
0.754938
0.746693
0.742394
0.743546
0.75044
0.76205
0.776463
0.791293
0.804294
0.813656
0.818221
0.817674
0.812553
0.804049
0.793648
0.782573
0.771567
0.76079
0.750024
0.739048
0.727931
0.717224
0.707962
0.701349
0.698332
0.699159
0.703209
0.709214
0.715902
0.722625
0.729479
0.737172
0.746591
0.758357
0.772312
0.787486
0.802511
0.816288
0.828347
0.838483
0.84625
0.850761
0.851064
0.84657
0.83709
0.822887
0.804592
0.783179
0.760103
0.737262
0.716851
0.701005
0.691336
0.688556
0.692324
0.701365
0.713821
0.727799
0.741596
0.753906
0.763884
0.771233
0.776148
