1.20391
1.20552
1.20579
1.20609
1.20767
1.2116
1.21843
1.22793
1.23892
1.24964
1.25828
1.26301
1.26229
1.25474
1.23949
1.21656
1.18732
1.15465
1.12246
1.09488
1.07501
1.06417
1.06182
1.06633
1.07571
1.08819
1.10226
1.11649
1.12955
1.14031
1.14808
1.15307
1.15643
1.16007
1.16597
1.17515
1.18711
1.20004
1.21135
1.21867
1.22033
1.2155
1.20425
1.18747
1.16671
1.14394
1.12164
1.10253
1.08885
1.08154
1.07987
1.08192
1.08575
1.09019
1.0952
1.10153
1.11021
1.12207
1.13738
1.15587
1.1769
1.19975
1.22361
1.24732
1.26947
1.28827
1.30194
1.30901
1.30848
1.30005
1.28432
1.26268
1.23702
1.2094
1.18172
1.15567
1.13274
1.11403
1.10008
1.09052
1.08433
1.08035
1.07764
1.0755
1.07357
1.07196
1.07139
1.07288
1.07735
1.08504
1.09519
1.10628
1.11673
1.12552
1.13256
1.13856
1.14474
1.15191
1.1599
1.16742
