-6.73124
-6.73091
-6.73312
-6.73277
-6.73499
-6.73958
-6.74413
-6.75558
-6.76333
-6.77212
-6.78076
-6.78549
-6.78606
-6.77981
-6.76326
-6.74065
-6.71238
-6.68035
-6.64881
-6.62188
-6.60201
-6.59116
-6.59011
-6.59398
-6.60238
-6.61357
-6.62634
-6.6409
-6.65267
-6.66342
-6.67152
-6.67683
-6.68051
-6.68416
-6.692
-6.70312
-6.71314
-6.72574
-6.73706
-6.74535
-6.74539
-6.73927
-6.72704
-6.7093
-6.69048
-6.66738
-6.64573
-6.625
-6.61131
-6.60369
-6.60266
-6.60504
-6.61049
-6.61525
-6.62155
-6.62658
-6.63527
-6.64907
-6.66341
-6.68417
-6.70326
-6.72546
-6.74964
-6.77238
-6.7968
-6.81366
-6.82603
-6.83311
-6.83257
-6.82123
-6.8055
-6.78483
-6.75885
-6.7335
-6.70548
-6.6762
-6.65424
-6.63618
-6.62449
-6.61558
-6.6081
-6.60217
-6.59914
-6.59668
-6.59766
-6.59897
-6.60002
-6.60215
-6.60468
-6.61075
-6.62089
-6.63199
-6.64244
-6.64864
-6.65633
-6.6646
-6.67207
-6.68054
-6.68627
-6.69379
