-5.52733
-5.52538
-5.52733
-5.52668
-5.52733
-5.52797
-5.52571
-5.52765
-5.52441
-5.52247
-5.52247
-5.52248
-5.52377
-5.52507
-5.52377
-5.52409
-5.52506
-5.52571
-5.52635
-5.527
-5.527
-5.527
-5.52829
-5.52765
-5.52668
-5.52538
-5.52409
-5.52441
-5.52312
-5.52312
-5.52344
-5.52376
-5.52409
-5.52408
-5.52603
-5.52797
-5.52603
-5.52571
-5.52571
-5.52668
-5.52506
-5.52377
-5.5228
-5.52182
-5.52377
-5.52344
-5.52409
-5.52247
-5.52247
-5.52214
-5.52279
-5.52312
-5.52474
-5.52506
-5.52635
-5.52506
-5.52506
-5.527
-5.52603
-5.5283
-5.52635
-5.52571
-5.52603
-5.52506
-5.52733
-5.52539
-5.52409
-5.52409
-5.52409
-5.52118
-5.52118
-5.52215
-5.52183
-5.52409
-5.52377
-5.52053
-5.5215
-5.52215
-5.52441
-5.52506
-5.52377
-5.52183
-5.5215
-5.52118
-5.52409
-5.52701
-5.52862
-5.52927
-5.52733
-5.52571
-5.52571
-5.52571
-5.52571
-5.52312
-5.52377
-5.52604
-5.52733
-5.52863
-5.52636
-5.52636
