0.802605
0.803682
0.80386
0.804061
0.805112
0.807736
0.812285
0.818619
0.825947
0.833096
0.838857
0.842007
0.841525
0.836492
0.826326
0.811039
0.791547
0.769764
0.748309
0.729921
0.716673
0.709443
0.707877
0.710885
0.717138
0.725457
0.734839
0.744324
0.753033
0.760204
0.765387
0.768714
0.770952
0.773381
0.777314
0.783433
0.791409
0.800024
0.807569
0.812446
0.813553
0.810336
0.802831
0.79165
0.77781
0.762624
0.747761
0.735019
0.725897
0.721029
0.719912
0.721282
0.723834
0.726796
0.730133
0.73435
0.740143
0.748046
0.75825
0.770578
0.784601
0.799833
0.815739
0.831548
0.846313
0.858849
0.867959
0.872677
0.87232
0.8667
0.856211
0.841787
0.82468
0.806269
0.787811
0.770449
0.755162
0.742687
0.733387
0.727014
0.722884
0.720231
0.718424
0.716997
0.715713
0.714643
0.714262
0.715256
0.718234
0.723361
0.730124
0.73752
0.744487
0.750347
0.755037
0.759038
0.76316
0.767937
0.773269
0.778283
