1.20434
1.20381
1.19721
1.18509
1.1692
1.15189
1.13569
1.12278
1.11528
1.11555
1.12581
1.1471
1.17824
1.21557
1.25404
1.28865
1.31537
1.33171
1.33675
1.33063
1.31424
1.28901
1.25678
1.21998
1.18153
1.14464
1.11239
1.08713
1.07019
1.06186
1.06158
1.06847
1.08183
1.10105
1.12529
1.15314
1.18244
1.2105
1.2343
1.25102
1.25847
1.2557
1.24322
1.22328
1.19946
1.17601
1.15698
1.14546
1.14301
1.14941
1.16312
1.18191
1.20361
1.22641
1.2484
1.26691
1.27898
1.28243
1.27692
1.26399
1.24637
1.22697
1.20853
1.19359
1.18413
1.18103
1.18364
1.19
1.19739
1.20323
1.20579
1.20453
1.20001
1.1934
1.18595
1.17844
1.17098
1.16298
1.15333
1.14166
1.12974
1.12216
1.12483
1.14136
1.17014
1.20575
1.24202
1.27432
1.29962
1.31614
1.32307
1.32076
1.31073
1.29571
1.27876
1.26261
1.2489
1.23785
1.22854
1.21978
