-6.69687
-6.69894
-6.69137
-6.6786
-6.66303
-6.64637
-6.62919
-6.61628
-6.60748
-6.60613
-6.61737
-6.64093
-6.66915
-6.70551
-6.74528
-6.78022
-6.80726
-6.8236
-6.82508
-6.81928
-6.80225
-6.77701
-6.74543
-6.707
-6.66953
-6.63231
-6.60038
-6.57642
-6.56077
-6.5518
-6.55152
-6.55841
-6.57242
-6.5939
-6.61814
-6.64728
-6.67691
-6.70498
-6.72943
-6.74615
-6.75424
-6.74953
-6.7364
-6.71646
-6.69426
-6.67209
-6.65209
-6.64155
-6.64007
-6.6455
-6.65758
-6.67767
-6.69905
-6.71894
-6.73963
-6.76107
-6.77314
-6.77432
-6.76718
-6.75587
-6.73825
-6.71917
-6.70041
-6.68514
-6.676
-6.6742
-6.67648
-6.68479
-6.69186
-6.69802
-6.70123
-6.69964
-6.69415
-6.6869
-6.67653
-6.66901
-6.6635
-6.65647
-6.64682
-6.63451
-6.62226
-6.61467
-6.61475
-6.63258
-6.6591
-6.696
-6.7326
-6.76716
-6.79118
-6.80737
-6.8156
-6.81166
-6.80422
-6.79049
-6.77387
-6.75805
-6.74271
-6.73199
-6.72138
-6.7123
