-5.49254
-5.49513
-5.49416
-5.49351
-5.49383
-5.49447
-5.4935
-5.4935
-5.49221
-5.49058
-5.49155
-5.49382
-5.49091
-5.48994
-5.49124
-5.49157
-5.49189
-5.49189
-5.48833
-5.48865
-5.48801
-5.488
-5.48865
-5.48703
-5.488
-5.48767
-5.48799
-5.48929
-5.49058
-5.48993
-5.48993
-5.48993
-5.49058
-5.49285
-5.49285
-5.49415
-5.49447
-5.49448
-5.49513
-5.49513
-5.49577
-5.49383
-5.49318
-5.49318
-5.4948
-5.49609
-5.49512
-5.49608
-5.49706
-5.49609
-5.49447
-5.49577
-5.49544
-5.49253
-5.49124
-5.49415
-5.49415
-5.49189
-5.49027
-5.49188
-5.49188
-5.4922
-5.49187
-5.49155
-5.49187
-5.49317
-5.49284
-5.49479
-5.49447
-5.49479
-5.49544
-5.49511
-5.49414
-5.49349
-5.49058
-5.49058
-5.49252
-5.49349
-5.49349
-5.49285
-5.49252
-5.49252
-5.48992
-5.49122
-5.48896
-5.49025
-5.49058
-5.49285
-5.49155
-5.49123
-5.49252
-5.4909
-5.49349
-5.49479
-5.49511
-5.49543
-5.49381
-5.49414
-5.49284
-5.49252
