0.802892
0.802543
0.798142
0.790059
0.779464
0.767929
0.757125
0.748519
0.743519
0.743697
0.750541
0.764736
0.785493
0.810377
0.836027
0.859098
0.876911
0.887808
0.891169
0.887084
0.876163
0.859337
0.837852
0.813317
0.787685
0.763095
0.741593
0.724753
0.713461
0.707909
0.707723
0.712316
0.721222
0.734036
0.750192
0.768758
0.788294
0.807
0.822868
0.834014
0.83898
0.837131
0.828812
0.815519
0.799643
0.784004
0.771317
0.763642
0.762006
0.766274
0.775411
0.787938
0.802405
0.817606
0.832265
0.844609
0.852656
0.854956
0.851278
0.842663
0.830912
0.817982
0.805689
0.795726
0.789418
0.787353
0.789094
0.793332
0.79826
0.802155
0.803861
0.80302
0.800004
0.795602
0.790636
0.785626
0.780652
0.77532
0.768886
0.761107
0.753163
0.748104
0.749885
0.760905
0.780096
0.803831
0.828015
0.849544
0.866416
0.877425
0.882049
0.880503
0.873819
0.863805
0.852507
0.841743
0.832601
0.825235
0.819026
0.813188
