1.1915
1.18216
1.17223
1.16163
1.15012
1.13737
1.12309
1.10722
1.08997
1.07177
1.05312
1.03442
1.0164
1.0001
0.987193
0.979819
0.980161
0.989738
1.00889
1.03653
1.07026
1.10702
1.14358
1.17734
1.20664
1.2309
1.25025
1.26469
1.27374
1.27646
1.27221
1.26144
1.24571
1.22724
1.20825
1.19047
1.17507
1.1629
1.15447
1.14995
1.14908
1.15113
1.15518
1.16037
1.16626
1.17313
1.18175
1.19276
1.20603
1.22019
1.23315
1.24271
1.2474
1.24691
1.24218
1.2352
1.22832
1.22353
1.22201
1.22403
1.22905
1.23586
1.24286
1.24834
1.25059
1.24811
1.23983
1.22534
1.20508
1.18057
1.15411
1.1283
1.10554
1.08757
1.07531
1.06918
1.06932
1.07576
1.08799
1.10447
1.12275
1.14022
1.15513
1.1671
1.17684
1.18544
1.1933
1.19979
1.20343
1.20265
1.19658
1.18537
1.17054
1.15437
1.13949
1.12806
1.1214
1.12007
1.12388
1.13214
