-6.70339
-6.69276
-6.68413
-6.67126
-6.65975
-6.64863
-6.63467
-6.61976
-6.60349
-6.58497
-6.56599
-6.54794
-6.52959
-6.512
-6.49909
-6.49236
-6.49303
-6.50196
-6.52208
-6.55134
-6.58605
-6.62249
-6.65905
-6.69216
-6.72048
-6.74604
-6.76344
-6.77756
-6.78759
-6.78933
-6.78541
-6.77626
-6.75826
-6.73882
-6.72015
-6.70366
-6.68729
-6.6748
-6.66475
-6.66121
-6.65904
-6.66044
-6.66578
-6.67162
-6.67913
-6.68632
-6.69495
-6.70531
-6.71923
-6.73209
-6.74441
-6.75591
-6.75899
-6.7572
-6.75603
-6.74775
-6.7412
-6.73576
-6.73262
-6.73593
-6.73998
-6.74744
-6.75315
-6.75668
-6.75926
-6.7584
-6.74785
-6.73174
-6.71213
-6.6873
-6.66051
-6.63567
-6.61226
-6.59429
-6.583
-6.57752
-6.57734
-6.58378
-6.59698
-6.61379
-6.63175
-6.64986
-6.66671
-6.67803
-6.68907
-6.69767
-6.70683
-6.71429
-6.71793
-6.71618
-6.70978
-6.69955
-6.68406
-6.66822
-6.65172
-6.64126
-6.63363
-6.63262
-6.63579
-6.64502
