-5.5119
-5.5106
-5.5119
-5.50963
-5.50963
-5.51125
-5.51158
-5.51255
-5.51352
-5.5132
-5.51287
-5.51352
-5.5132
-5.5119
-5.5119
-5.51254
-5.51287
-5.51222
-5.51319
-5.51481
-5.51579
-5.51547
-5.51547
-5.51482
-5.51385
-5.51514
-5.5132
-5.51288
-5.51385
-5.51287
-5.5132
-5.51482
-5.51255
-5.51158
-5.5119
-5.51319
-5.51222
-5.5119
-5.51028
-5.51125
-5.50996
-5.50931
-5.51061
-5.51125
-5.51287
-5.51319
-5.51319
-5.51255
-5.5132
-5.5119
-5.51126
-5.5132
-5.51158
-5.51029
-5.51385
-5.51255
-5.51288
-5.51223
-5.51061
-5.5119
-5.51093
-5.51158
-5.51029
-5.50834
-5.50867
-5.51029
-5.50802
-5.5064
-5.50705
-5.50672
-5.5064
-5.50737
-5.50672
-5.50672
-5.50769
-5.50834
-5.50801
-5.50802
-5.50899
-5.50931
-5.50899
-5.50964
-5.51158
-5.51093
-5.51223
-5.51223
-5.51353
-5.5145
-5.5145
-5.51353
-5.5132
-5.51417
-5.51353
-5.51385
-5.51223
-5.5132
-5.51223
-5.51255
-5.51191
-5.51288
