0.79433
0.788107
0.781488
0.77442
0.766744
0.758249
0.748726
0.738144
0.726644
0.714514
0.702077
0.689616
0.677597
0.666734
0.658129
0.653213
0.653441
0.659825
0.672592
0.691018
0.713508
0.738015
0.762387
0.784892
0.804425
0.820602
0.833497
0.843125
0.849163
0.850973
0.84814
0.840963
0.830475
0.818159
0.8055
0.793646
0.783379
0.775267
0.769649
0.766636
0.766051
0.767418
0.770118
0.773577
0.777506
0.782086
0.787834
0.795173
0.804021
0.813458
0.822101
0.828472
0.831603
0.831274
0.828123
0.823466
0.818882
0.815686
0.814673
0.816021
0.819365
0.823907
0.828575
0.832226
0.833726
0.832074
0.826554
0.816892
0.803385
0.787048
0.769409
0.752203
0.737027
0.725045
0.716872
0.712786
0.712882
0.717174
0.725326
0.736316
0.748503
0.760148
0.770085
0.778067
0.784562
0.790296
0.795535
0.799861
0.802286
0.801768
0.797717
0.790249
0.780358
0.76958
0.759659
0.752041
0.7476
0.746712
0.749256
0.754759
