1.2105
1.22165
1.23202
1.24116
1.24887
1.25508
1.25964
1.26232
1.26275
1.26058
1.25542
1.24721
1.23628
1.22355
1.21028
1.19778
1.18712
1.17908
1.17436
1.17366
1.17757
1.18632
1.19912
1.21422
1.22893
1.24002
1.24442
1.24017
1.22715
1.20761
1.18563
1.16549
1.15003
1.14007
1.13519
1.13539
1.14175
1.1554
1.17638
1.20288
1.23164
1.25882
1.28093
1.29545
1.30122
1.29824
1.28749
1.27071
1.25017
1.22836
1.20755
1.18949
1.17525
1.16518
1.15889
1.15509
1.15194
1.1477
1.1414
1.13333
1.12499
1.11882
1.11736
1.12275
1.1364
1.15842
1.18759
1.22147
1.25688
1.29056
1.31955
1.34149
1.35487
1.35878
1.35311
1.33865
1.31713
1.29119
1.26404
1.23889
1.21818
1.20333
1.19467
1.19177
1.19362
1.1989
1.20615
1.21403
1.22119
1.22646
1.22884
1.22795
1.22411
1.21828
1.21189
1.2063
1.20245
1.2007
1.20102
1.20318
