-6.65313
-6.66332
-6.67369
-6.68315
-6.69215
-6.70031
-6.70487
-6.7082
-6.70863
-6.70549
-6.70098
-6.69114
-6.68022
-6.66586
-6.65292
-6.64042
-6.63073
-6.62172
-6.61667
-6.61695
-6.62118
-6.62959
-6.64337
-6.65815
-6.67189
-6.68234
-6.68868
-6.68443
-6.67206
-6.65317
-6.62924
-6.60845
-6.59332
-6.58206
-6.57653
-6.57705
-6.58179
-6.59673
-6.61869
-6.64454
-6.67493
-6.70632
-6.72907
-6.74165
-6.7458
-6.74185
-6.73369
-6.71659
-6.69703
-6.67456
-6.65375
-6.63439
-6.62047
-6.60846
-6.60056
-6.59611
-6.59264
-6.58905
-6.58275
-6.57597
-6.56925
-6.5634
-6.56194
-6.56863
-6.58228
-6.60462
-6.63541
-6.66767
-6.70406
-6.7358
-6.76802
-6.79028
-6.80204
-6.80564
-6.79964
-6.78453
-6.7643
-6.73447
-6.70668
-6.68282
-6.6647
-6.64856
-6.64022
-6.63797
-6.63788
-6.64348
-6.65203
-6.66023
-6.66804
-6.67395
-6.67472
-6.67319
-6.67063
-6.66254
-6.65421
-6.64699
-6.64638
-6.64496
-6.64398
-6.64841
