-5.44264
-5.44167
-5.44167
-5.44199
-5.44329
-5.44523
-5.44523
-5.44588
-5.44588
-5.44491
-5.44556
-5.44394
-5.44394
-5.44232
-5.44264
-5.44264
-5.44361
-5.44264
-5.44231
-5.44328
-5.4436
-5.44328
-5.44425
-5.44393
-5.44296
-5.44232
-5.44426
-5.44426
-5.44491
-5.44555
-5.44361
-5.44296
-5.44328
-5.44199
-5.44134
-5.44166
-5.44004
-5.44134
-5.44231
-5.44167
-5.44329
-5.4475
-5.44815
-5.4462
-5.44458
-5.44361
-5.4462
-5.44588
-5.44685
-5.4462
-5.4462
-5.4449
-5.44523
-5.44328
-5.44167
-5.44102
-5.4407
-5.44135
-5.44135
-5.44264
-5.44426
-5.44458
-5.44458
-5.44588
-5.44588
-5.4462
-5.44782
-5.4462
-5.44717
-5.44523
-5.44847
-5.4488
-5.44718
-5.44685
-5.44653
-5.44588
-5.44717
-5.44328
-5.44264
-5.44393
-5.44652
-5.44523
-5.44555
-5.4462
-5.44426
-5.44458
-5.44587
-5.4462
-5.44685
-5.4475
-5.44588
-5.44523
-5.44653
-5.44426
-5.44232
-5.4407
-5.44393
-5.44426
-5.44296
-5.44523
