0.806997
0.814432
0.821347
0.82744
0.832577
0.836721
0.839762
0.841546
0.841835
0.840388
0.83695
0.83147
0.824189
0.815697
0.806853
0.798521
0.791413
0.786056
0.782906
0.782443
0.785049
0.790877
0.79941
0.80948
0.819287
0.826682
0.829615
0.826781
0.818103
0.805075
0.790422
0.776992
0.766689
0.76005
0.756796
0.756927
0.761165
0.770264
0.784254
0.801919
0.821094
0.839215
0.85395
0.86363
0.867479
0.865494
0.858328
0.847137
0.833449
0.818907
0.805036
0.792994
0.783498
0.776783
0.772596
0.770063
0.767962
0.765133
0.760936
0.755553
0.749991
0.74588
0.744906
0.748502
0.757602
0.772282
0.791723
0.81431
0.837923
0.860375
0.879699
0.894325
0.903244
0.905855
0.902076
0.892434
0.878088
0.860792
0.842692
0.825925
0.81212
0.802221
0.79645
0.794512
0.795749
0.799265
0.804103
0.809351
0.814125
0.817637
0.819224
0.818636
0.816071
0.812185
0.807928
0.804197
0.801633
0.800469
0.800682
0.802121
