1.20339
1.20749
1.21097
1.21262
1.21141
1.20697
1.19972
1.19077
1.18134
1.17241
1.16435
1.15693
1.14979
1.14289
1.13692
1.13308
1.13263
1.13622
1.14361
1.15393
1.1663
1.18024
1.19551
1.21183
1.22847
1.24401
1.25651
1.26398
1.26495
1.25882
1.24612
1.22847
1.20842
1.18891
1.17245
1.16068
1.15392
1.15136
1.15168
1.15356
1.15609
1.15882
1.16172
1.16516
1.16966
1.17554
1.18267
1.19032
1.19766
1.20426
1.21027
1.21625
1.2227
1.22978
1.23726
1.24473
1.25194
1.25904
1.26635
1.27411
1.28213
1.28972
1.29584
1.29928
1.29888
1.29383
1.28359
1.26814
1.24795
1.22418
1.19848
1.1731
1.15033
1.13223
1.12024
1.11524
1.1177
1.12737
1.14329
1.16343
1.18503
1.20517
1.22122
1.23132
1.23444
1.23033
1.2195
1.20329
1.18364
1.16274
1.14281
1.12582
1.11334
1.10633
1.10503
1.10893
1.11678
1.12698
1.13821
1.14975
