-6.65166
-6.65479
-6.6586
-6.65992
-6.65774
-6.65394
-6.64832
-6.64195
-6.63058
-6.62198
-6.61327
-6.60714
-6.59968
-6.59149
-6.58519
-6.58135
-6.58187
-6.58644
-6.59577
-6.60771
-6.61943
-6.63532
-6.65155
-6.66787
-6.68354
-6.69715
-6.70867
-6.71453
-6.71582
-6.70807
-6.69407
-6.67416
-6.65346
-6.63459
-6.61943
-6.60572
-6.59701
-6.59672
-6.59704
-6.59924
-6.60177
-6.60612
-6.61032
-6.61181
-6.61566
-6.61863
-6.62641
-6.63373
-6.64172
-6.64962
-6.6553
-6.66226
-6.66935
-6.68032
-6.68942
-6.69721
-6.70378
-6.70893
-6.71754
-6.72239
-6.72879
-6.73734
-6.74185
-6.74561
-6.74749
-6.74146
-6.72895
-6.71447
-6.69429
-6.67246
-6.64578
-6.62234
-6.59958
-6.57791
-6.56527
-6.56189
-6.56305
-6.57402
-6.59058
-6.60878
-6.63104
-6.65279
-6.66982
-6.68024
-6.68239
-6.67795
-6.66647
-6.64702
-6.62803
-6.60713
-6.58654
-6.5689
-6.5574
-6.55038
-6.54909
-6.55331
-6.56116
-6.57136
-6.58356
-6.59477
