-5.44827
-5.4473
-5.44762
-5.4473
-5.44633
-5.44698
-5.44859
-5.45118
-5.44924
-5.44956
-5.44892
-5.45021
-5.44989
-5.4486
-5.44827
-5.44827
-5.44924
-5.45022
-5.45216
-5.45378
-5.45313
-5.45507
-5.45604
-5.45604
-5.45507
-5.45313
-5.45216
-5.45055
-5.45087
-5.44925
-5.44795
-5.44569
-5.44504
-5.44568
-5.44698
-5.44503
-5.44309
-5.44535
-5.44536
-5.44568
-5.44568
-5.4473
-5.44859
-5.44665
-5.446
-5.44309
-5.44374
-5.44341
-5.44406
-5.44536
-5.44503
-5.44601
-5.44665
-5.45054
-5.45216
-5.45249
-5.45184
-5.4499
-5.45119
-5.44828
-5.44666
-5.44763
-5.44601
-5.44634
-5.4486
-5.44763
-5.44536
-5.44633
-5.44633
-5.44828
-5.4473
-5.44924
-5.44924
-5.44568
-5.44503
-5.44665
-5.44535
-5.44665
-5.4473
-5.44536
-5.446
-5.44762
-5.4486
-5.44892
-5.44795
-5.44762
-5.44698
-5.44374
-5.44439
-5.44438
-5.44374
-5.44309
-5.44406
-5.44405
-5.44405
-5.44438
-5.44438
-5.44438
-5.44535
-5.44503
