0.802262
0.804995
0.807315
0.808415
0.80761
0.804644
0.799816
0.793847
0.787561
0.781608
0.776234
0.771287
0.766526
0.761928
0.757948
0.755384
0.755085
0.757482
0.762406
0.769287
0.777536
0.786829
0.797007
0.807885
0.818978
0.829343
0.837674
0.842656
0.843301
0.839214
0.830744
0.818981
0.805615
0.792604
0.781636
0.77379
0.769281
0.767574
0.767787
0.769042
0.770726
0.772549
0.774483
0.776776
0.779771
0.783696
0.788446
0.793545
0.798439
0.802843
0.806847
0.810833
0.815131
0.819855
0.824842
0.829817
0.834628
0.839358
0.844232
0.849406
0.854754
0.85981
0.863894
0.866186
0.865923
0.862552
0.855724
0.845424
0.831969
0.816121
0.798986
0.782064
0.766889
0.754819
0.746824
0.743493
0.74513
0.751583
0.762191
0.775618
0.790022
0.803446
0.814149
0.820878
0.822961
0.82022
0.812998
0.802192
0.789094
0.775162
0.76187
0.750546
0.742229
0.737552
0.736687
0.739286
0.74452
0.751323
0.758806
0.766497
