0.499643   0.499722   -0.4998
-0.333378   -0.333338   0.499835
0.499675   -0.333238   -0.333185
-0.333054   0.499894   -0.333294
-0.166458   0.499656   0.499722
3.60418e-06   -0.333243   0.499691
-0.166763   -0.333655   -0.333363
0.000110608   -0.499966   -0.333014
0.166886   0.499992   0.499748
0.333422   -0.333417   -0.499837
0.16693   -0.333181   -0.333469
0.333008   -0.499866   -0.333424
-0.499926   -0.166519   -0.499639
-0.333442   -0.000199101   -0.499645
-0.499865   0.000145821   -0.333204
-0.333641   -0.166604   -0.333045
-0.166838   -0.166737   -0.499792
-3.17959e-05   -0.00020541   0.499873
-0.166779   -0.00025396   -0.333316
0.00025426   -0.166415   -0.333606
0.166926   -0.16669   -0.499963
0.333193   0.000304741   -0.499978
0.166491   -0.000305571   -0.333002
0.333026   -0.166693   -0.333386
0.499832   0.166922   -0.499954
-0.333374   0.333607   0.49972
-0.499838   0.333491   -0.333084
-0.333605   0.16631   -0.333179
-0.166432   0.166728   -0.499813
0.000136927   0.333647   -0.499709
-0.166865   0.333175   -0.333409
-7.58807e-06   0.166702   -0.333071
0.16659   0.166873   0.499869
0.333259   0.333332   -0.499996
0.166505   0.333087   -0.333543
0.333366   0.166846   -0.333625
-0.499993   0.499972   -0.16633
-0.333181   -0.333323   -0.166374
-0.499932   -0.333127   -0.000205555
-0.333546   -0.499881   -0.000225536
-0.166962   0.49982   -0.166979
-7.50167e-05   -0.333682   -0.166498
-0.166385   -0.333537   -0.000191154
-0.00014093   -0.499763   0.000129822
0.166412   -0.499903   -0.166718
0.33324   -0.33336   -0.166881
0.166709   -0.333125   8.76077e-05
0.333627   -0.499989   -0.000213467
-0.499687   -0.166756   -0.166884
-0.333306   -0.000195632   -0.166648
0.499959   0.000287334   -0.000228535
-0.333554   -0.166817   0.000114293
-0.166938   -0.16659   -0.166558
0.000189827   -0.000198553   -0.166657
-0.166759   -0.00022893   -0.000295059
0.000257005   -0.166744   -0.000217649
0.166955   -0.166755   -0.166892
0.333579   -0.000304598   -0.166871
0.166358   -0.000118506   -0.000142005
0.333068   -0.166501   -4.22918e-06
0.499881   0.166607   -0.16643
-0.333056   0.33341   -0.166834
-0.499894   0.333585   -0.000143995
-0.333104   0.16662   3.02859e-05
-0.166615   0.166856   -0.166466
-4.23502e-05   0.333614   -0.16655
-0.166725   0.333528   0.000154973
0.000121118   0.166972   0.000335783
0.166889   0.166496   -0.166615
0.333327   0.333036   -0.166699
0.166702   0.333563   -1.46254e-05
0.333473   0.166891   0.000173128
-0.499812   -0.499886   0.166858
-0.333678   -0.333097   0.16671
0.499958   -0.333656   0.333505
-0.333357   -0.499913   0.333484
-0.166888   -0.499743   0.166942
0.000249071   -0.33333   0.166447
-0.166717   -0.333027   0.333166
-5.34018e-05   0.499848   0.33337
0.16691   0.499932   0.166671
0.333526   -0.333452   0.166496
0.16699   -0.333596   0.333449
0.333396   0.499633   0.33302
-0.49983   -0.166539   0.16657
-0.333406   9.75457e-05   0.166816
0.499783   0.000202398   0.333502
-0.333126   -0.16697   0.333075
-0.166503   -0.166605   0.166498
-0.000211772   -0.000312167   0.166617
-0.166375   0.000278104   0.333285
-0.000173841   -0.166563   0.333213
0.166839   -0.1665   0.16664
0.333168   -0.000235254   0.16636
0.16644   0.00030242   0.333185
0.333535   -0.166941   0.33329
-0.499948   0.16642   0.166917
-0.333583   0.333639   0.166528
0.499802   0.333035   0.333168
-0.333258   0.166773   0.33356
-0.16655   0.166812   0.166808
7.42662e-05   0.333004   0.16676
-0.166869   0.333183   0.333496
-0.00027724   0.166819   0.333377
0.166687   0.1667   0.166577
0.333455   0.333063   0.166462
0.16664   0.333552   0.333573
0.333355   0.166803   0.333234
