0.499821   0.499861   -0.4999
-0.333356   -0.333336   0.499917
0.499837   -0.333286   -0.333259
-0.333194   0.499947   -0.333314
-0.166562   0.499828   0.499861
1.80139e-06   -0.333288   0.499845
-0.166715   -0.333494   -0.333348
5.53052e-05   -0.499983   -0.333174
0.166776   0.499996   0.499874
0.333378   -0.333375   -0.499918
0.166798   -0.333257   -0.333401
0.333171   -0.499933   -0.333379
-0.499963   -0.166593   -0.49982
-0.333387   -9.95553e-05   -0.499823
-0.499932   7.2912e-05   -0.333269
-0.333487   -0.166635   -0.333189
-0.166752   -0.166702   -0.499896
-1.59007e-05   -0.000102711   0.499936
-0.166723   -0.000126987   -0.333325
0.000127139   -0.166541   -0.33347
0.166796   -0.166679   -0.499981
0.333263   0.000152377   -0.499989
0.166579   -0.000152798   -0.333168
0.33318   -0.16668   -0.33336
0.499916   0.166794   -0.499977
-0.333354   0.33347   0.49986
-0.499919   0.333412   -0.333209
-0.333469   0.166488   -0.333256
-0.16655   0.166697   -0.499906
6.84669e-05   0.33349   -0.499855
-0.166766   0.333254   -0.333371
-3.79399e-06   0.166684   -0.333202
0.166628   0.16677   0.499935
0.333296   0.333333   -0.499998
0.166586   0.33321   -0.333438
0.333349   0.166756   -0.333479
-0.499997   0.499986   -0.166498
-0.333257   -0.333328   -0.16652
-0.499966   -0.33323   -0.00010278
-0.333439   -0.49994   -0.000112775
-0.166814   0.49991   -0.166823
-3.75098e-05   -0.333508   -0.166582
-0.166526   -0.333435   -9.55835e-05
-7.04671e-05   -0.499882   6.49092e-05
0.166539   -0.499952   -0.166692
0.333287   -0.333347   -0.166774
0.166688   -0.333229   4.38071e-05
0.33348   -0.499994   -0.000106737
-0.499844   -0.166711   -0.166776
-0.33332   -9.78224e-05   -0.166657
0.499979   0.000143674   -0.000114272
-0.333444   -0.166742   5.71464e-05
-0.166802   -0.166629   -0.166612
9.49207e-05   -9.92818e-05   -0.166662
-0.166713   -0.000114471   -0.000147537
0.000128507   -0.166705   -0.000108825
0.166811   -0.166711   -0.166779
0.333456   -0.000152307   -0.166769
0.166512   -5.92586e-05   -7.1003e-05
0.333201   -0.166584   -2.11042e-06
0.49994   0.166637   -0.166548
-0.333195   0.333372   -0.166751
-0.499947   0.333459   -7.20017e-05
-0.333219   0.166644   1.51421e-05
-0.166641   0.166761   -0.166566
-2.1176e-05   0.333474   -0.166608
-0.166696   0.333431   7.74861e-05
6.05625e-05   0.166819   0.000167901
0.166778   0.166582   -0.166641
0.33333   0.333185   -0.166683
0.166685   0.333448   -7.31139e-06
0.333403   0.166779   8.65678e-05
-0.499906   -0.499943   0.166762
-0.333505   -0.333215   0.166688
0.499979   -0.333495   0.333419
-0.333345   -0.499956   0.333409
-0.166777   -0.499871   0.166804
0.000124537   -0.333332   0.166557
-0.166692   -0.33318   0.33325
-2.67015e-05   0.499924   0.333352
0.166788   0.499966   0.166669
0.33343   -0.333393   0.166582
0.166828   -0.333465   0.333391
0.333365   0.499816   0.333176
-0.499915   -0.166603   0.166618
-0.33337   4.87743e-05   0.166741
0.499891   0.000101206   0.333418
-0.33323   -0.166818   0.333204
-0.166585   -0.166636   0.166582
-0.00010589   -0.000156093   0.166642
-0.166521   0.000139059   0.333309
-8.69281e-05   -0.166615   0.333273
0.166753   -0.166583   0.166653
0.333251   -0.000117633   0.166513
0.166553   0.000151216   0.333259
0.333434   -0.166804   0.333312
-0.499974   0.166543   0.166792
-0.333458   0.333486   0.166597
0.499901   0.333184   0.333251
-0.333296   0.16672   0.333447
-0.166608   0.166739   0.166738
3.7135e-05   0.333169   0.166713
-0.166768   0.333258   0.333415
-0.000138628   0.166743   0.333355
0.166677   0.166683   0.166622
0.333394   0.333198   0.166565
0.166653   0.333443   0.333453
0.333344   0.166735   0.333284
