           1    0.788341    0.788341           0
           2    0.783187    0.785764    0.002577
           3    0.784641    0.785389   0.0015342
           4    0.785911     0.78552  0.00109265
           5    0.782483    0.784912  0.00104172
           6    0.788238    0.785467   0.0010152
           7    0.780439    0.784748  0.00111895
           8    0.790077    0.785414  0.00117584
           9    0.784101    0.785269  0.00104721
          10    0.783794    0.785121 0.000948191
          11    0.788996    0.785473 0.000927205
          12    0.778155    0.784864  0.00104322
          13    0.790026    0.785261  0.00103854
          14    0.788045     0.78546 0.000981862
          15    0.781935    0.785225 0.000943778
          16    0.796865    0.785952  0.00114397
          17    0.785072      0.7859  0.00107582
          18    0.783842    0.785786  0.00102072
          19    0.784855    0.785737 0.000966748
          20     0.78516    0.785708 0.000917591
          21    0.789057    0.785868 0.000887253
          22    0.781631    0.785675 0.000867608
          23      0.7798     0.78542  0.00086749
          24    0.786684    0.785472 0.000832226
          25    0.784766    0.785444 0.000798742
          26    0.790419    0.785635   0.0007909
          27    0.787616    0.785709  0.00076457
          28    0.788348    0.785803 0.000742763
          29    0.786654    0.785832 0.000717293
          30    0.783742    0.785763 0.000696466
          31    0.788517    0.785851 0.000679459
          32    0.787312    0.785897 0.000659464
          33     0.77839     0.78567 0.000678449
          34    0.792367    0.785867 0.000687037
          35    0.780151    0.785703 0.000686816
          36    0.791318    0.785859 0.000685446
          37    0.782761    0.785776 0.000671901
          38    0.793135    0.785969 0.000682054
          39    0.780018    0.785817 0.000681637
          40    0.792568    0.785985 0.000685481
          41     0.77521    0.785723 0.000718356
          42    0.788266    0.785783 0.000703655
          43    0.784934    0.785763  0.00068738
          44    0.784306     0.78573 0.000672392
          45    0.785794    0.785732 0.000657282
          46    0.781403    0.785638 0.000649685
          47    0.783063    0.785583 0.000638068
          48    0.789656    0.785668  0.00063037
          49    0.788793    0.785731 0.000620657
          50    0.782618    0.785669 0.000611298
          51    0.783916    0.785635 0.000600177
          52     0.79173    0.785752  0.00060008
          53    0.782799    0.785696  0.00059128
          54    0.787955    0.785738 0.000581733
          55    0.790994    0.785834 0.000578999
          56    0.781248    0.785752 0.000574432
          57    0.781338    0.785674 0.000569554
          58    0.790759    0.785762 0.000566474
          59    0.787586    0.785793 0.000557647
          60    0.783962    0.785762 0.000549123
          61      0.7874    0.785789 0.000540713
          62    0.781474     0.78572 0.000536455
          63    0.787841    0.785753 0.000528943
          64    0.790454    0.785827 0.000525769
          65    0.785909    0.785828 0.000517618
          66    0.789404    0.785882 0.000512587
          67    0.791754     0.78597 0.000512427
          68    0.778473     0.78586 0.000516732
          69    0.792008    0.785949 0.000516927
          70    0.782222    0.785895 0.000512263
          71    0.788359     0.78593 0.000506187
          72    0.788519    0.785966 0.000500401
          73     0.77869    0.785866 0.000503462
          74    0.786692    0.785878 0.000496737
          75    0.786611    0.785887 0.000490167
          76    0.783845    0.785861  0.00048442
          77    0.783711    0.785833 0.000478902
          78    0.783223    0.785799 0.000473905
          79    0.783017    0.785764 0.000469191
          80    0.783397    0.785734 0.000464233
          81     0.79397    0.785836 0.000469606
          82    0.781384    0.785782  0.00046701
          83     0.77964    0.785708 0.000467247
          84    0.786308    0.785715 0.000461706
          85    0.783965    0.785694 0.000456706
          86    0.787648    0.785717 0.000451935
          87     0.78336     0.78569 0.000447531
          88    0.782626    0.785655 0.000443785
          89    0.786421    0.785664 0.000438854
          90    0.776247    0.785559 0.000446387
          91    0.793907    0.785651 0.000450885
          92    0.780726    0.785597 0.000449158
          93    0.776845    0.785503  0.00045416
          94    0.796887    0.785624 0.000465338
          95    0.783844    0.785606 0.000460795
          96    0.780896    0.785556 0.000458602
          97    0.785526    0.785556  0.00045385
          98     0.78799    0.785581  0.00044988
          99    0.783403    0.785559 0.000445856
         100    0.789558    0.785599 0.000443183
