           1     7.59278     7.59278           0
           2     7.63385     7.61332   0.0205346
           3     7.64585     7.62416    0.016068
           4      7.6309     7.62585   0.0114861
           5     7.65077     7.63083   0.0101986
           6     7.58996     7.62402   0.0107591
           7     7.66921     7.63048   0.0111514
           8     7.60797     7.62766   0.0100589
           9     7.62396     7.62725  0.00888061
          10     7.63751     7.62828  0.00800901
          11     7.57498     7.62343  0.00871524
          12     7.64822      7.6255  0.00821978
          13     7.58098     7.62207  0.00830056
          14     7.60324     7.62073  0.00780168
          15      7.6344     7.62164  0.00731992
          16     7.51154     7.61476  0.00970731
          17     7.61209      7.6146  0.00911979
          18     7.62356      7.6151  0.00861261
          19     7.62686     7.61572  0.00817021
          20     7.62421     7.61614  0.00776255
          21     7.59098     7.61494  0.00748022
          22     7.63971     7.61607  0.00722042
          23     7.66201     7.61807   0.0071826
          24     7.59067     7.61693  0.00697093
          25     7.61918     7.61702  0.00668689
          26     7.55931      7.6148  0.00679713
          27     7.57935     7.61348  0.00667101
          28     7.57605     7.61215  0.00656587
          29     7.61193     7.61214  0.00633542
          30     7.63048     7.61275  0.00615107
          31     7.56059     7.61107  0.00618267
          32      7.6006     7.61074  0.00599527
          33     7.66845     7.61249  0.00606822
          34     7.56173       7.611   0.0060734
          35     7.64676     7.61202  0.00598518
          36     7.57495     7.61099  0.00590697
          37     7.65694     7.61223   0.0058778
          38     7.56005     7.61086   0.0058835
          39     7.65224     7.61192  0.00582808
          40     7.52046     7.60963  0.00612345
          41     7.66972      7.6111   0.0061494
          42     7.59047     7.61061  0.00602126
          43     7.61567     7.61072  0.00588074
          44     7.63264     7.61122  0.00576707
          45      7.5974     7.61092  0.00564581
          46      7.6312     7.61136   0.0055393
          47     7.61551     7.61144  0.00542088
          48     7.57768     7.61074  0.00535316
          49     7.58279     7.61017  0.00527371
          50     7.65945     7.61116  0.00526032
          51     7.66347     7.61218   0.0052572
          52     7.58099     7.61158  0.00518989
          53     7.60514     7.61146  0.00509247
          54      7.5924     7.61111  0.00500973
          55     7.56086     7.61019  0.00500195
          56      7.6429     7.61078  0.00494641
          57     7.62871     7.61109  0.00486904
          58     7.55517     7.61013  0.00488056
          59     7.57823     7.60959   0.0048275
          60     7.61751     7.60972  0.00474819
          61     7.59722     7.60952   0.0046742
          62     7.63673     7.60995   0.0046191
          63     7.59218     7.60967  0.00455394
          64     7.58332     7.60926  0.00450109
          65     7.63241     7.60962  0.00444559
          66     7.58915     7.60931  0.00438869
          67     7.55303     7.60847  0.00440355
          68     7.65819      7.6092  0.00439949
          69     7.55986     7.60848  0.00439384
          70     7.65797     7.60919  0.00438795
          71      7.5935     7.60897  0.00433135
          72     7.58916     7.60869  0.00427962
          73     7.66817     7.60951   0.0042985
          74     7.61795     7.60962  0.00424155
          75     7.61274     7.60966  0.00418482
          76     7.63184     7.60996  0.00413968
          77     7.64038     7.61035  0.00410463
          78     7.63477     7.61066  0.00406374
          79     7.65693     7.61125  0.00405449
          80      7.6167     7.61132  0.00400407
          81     7.52498     7.61025  0.00409545
          82     7.63255     7.61052  0.00405433
          83     7.63369      7.6108  0.00401489
          84     7.61652     7.61087  0.00396739
          85     7.61902     7.61097  0.00392161
          86     7.57708     7.61057  0.00389572
          87     7.62032     7.61068  0.00385231
          88     7.66067     7.61125  0.00385041
          89     7.59749      7.6111  0.00381004
          90     7.68122     7.61188  0.00384718
          91     7.53913     7.61108  0.00388775
          92     7.63417     7.61133  0.00385344
          93     7.68224     7.61209  0.00388729
          94     7.51174     7.61102  0.00399114
          95     7.62187     7.61114  0.00395055
          96     7.62625      7.6113  0.00391235
          97     7.61216      7.6113  0.00387182
          98     7.59002     7.61109  0.00383825
          99     7.62867     7.61126  0.00380344
         100     7.56619     7.61081  0.00379209
