           1    -7.54716    -7.54716           0
           2    -7.53824     -7.5427  0.00446253
           3    -7.54301     -7.5428  0.00257853
           4    -7.54438     -7.5432   0.0018653
           5    -7.53816    -7.54219  0.00176105
           6    -7.54766     -7.5431  0.00170298
           7    -7.53476    -7.54191  0.00186892
           8    -7.54941    -7.54285  0.00187076
           9    -7.54078    -7.54262  0.00166572
          10    -7.54203    -7.54256  0.00149103
          11    -7.54789    -7.54304  0.00143319
          12    -7.53221    -7.54214  0.00158937
          13    -7.54944     -7.5427  0.00156618
          14     -7.5471    -7.54302  0.00148368
          15    -7.53883    -7.54274   0.0014091
          16    -7.56098    -7.54388   0.0017428
          17    -7.54359    -7.54386  0.00163716
          18    -7.53966    -7.54363  0.00156106
          19    -7.54105    -7.54349  0.00148285
          20    -7.54118    -7.54338   0.0014115
          21    -7.54815     -7.5436  0.00136169
          22    -7.53774    -7.54334  0.00132542
          23    -7.53291    -7.54288   0.0013452
          24    -7.54468    -7.54296   0.0012901
          25    -7.54237    -7.54294  0.00123765
          26     -7.5505    -7.54323  0.00122417
          27    -7.54584    -7.54332  0.00118192
          28    -7.54673    -7.54344   0.0011454
          29    -7.54476    -7.54349  0.00110613
          30     -7.5403    -7.54338  0.00107391
          31    -7.54746    -7.54352  0.00104697
          32    -7.54519    -7.54357  0.00101508
          33     -7.5322    -7.54322  0.00104244
          34    -7.55353    -7.54353  0.00105577
          35    -7.53437    -7.54326  0.00105799
          36     -7.5525    -7.54352  0.00105973
          37    -7.53826    -7.54338  0.00104044
          38    -7.55481    -7.54368  0.00105639
          39    -7.53538    -7.54347   0.0010507
          40    -7.55502    -7.54376  0.00106402
          41    -7.52788    -7.54337  0.00110767
          42    -7.54685    -7.54345  0.00108415
          43    -7.54271    -7.54343  0.00105878
          44    -7.54134    -7.54339  0.00103553
          45     -7.5433    -7.54338  0.00101226
          46    -7.53677    -7.54324  0.00100039
          47    -7.54012    -7.54317 0.000981118
          48    -7.54988    -7.54331 0.000970569
          49     -7.5477     -7.5434 0.000954755
          50     -7.5381     -7.5433 0.000941466
          51    -7.54097    -7.54325 0.000923954
          52    -7.55381    -7.54345 0.000928489
          53    -7.53895    -7.54337 0.000914754
          54    -7.54723    -7.54344 0.000900494
          55    -7.55231     -7.5436 0.000898541
          56    -7.53757    -7.54349 0.000888901
          57    -7.53672    -7.54338 0.000881212
          58    -7.55115    -7.54351 0.000876195
          59    -7.54597    -7.54355 0.000862225
          60    -7.54153    -7.54352   0.0008484
          61    -7.54661    -7.54357 0.000835914
          62    -7.53823    -7.54348 0.000826811
          63    -7.54651    -7.54353 0.000815003
          64    -7.55046    -7.54364 0.000809449
          65    -7.54379    -7.54364 0.000796902
          66    -7.55028    -7.54374  0.00079115
          67     -7.5537    -7.54389 0.000793304
          68    -7.53191    -7.54371 0.000801158
          69    -7.55402    -7.54386 0.000803475
          70     -7.5372    -7.54377 0.000797617
          71    -7.54763    -7.54382 0.000788186
          72    -7.54771    -7.54388 0.000779033
          73    -7.53222    -7.54372 0.000784697
          74    -7.54416    -7.54372 0.000774044
          75    -7.54527    -7.54374  0.00076393
          76    -7.54057     -7.5437 0.000754968
          77    -7.54015    -7.54366 0.000746529
          78    -7.54038    -7.54361 0.000738091
          79     -7.5397    -7.54356 0.000730375
          80    -7.53925    -7.54351 0.000723204
          81    -7.55541    -7.54366 0.000729184
          82    -7.53519    -7.54355 0.000727595
          83    -7.53605    -7.54346  0.00072444
          84    -7.54366    -7.54347 0.000715768
          85    -7.54043    -7.54343 0.000708199
          86    -7.54499    -7.54345 0.000700151
          87    -7.54032    -7.54341 0.000692991
          88    -7.53803    -7.54335 0.000687797
          89    -7.54488    -7.54337 0.000680242
          90    -7.52806     -7.5432  0.00069381
          91    -7.55618    -7.54334 0.000700825
          92    -7.53603    -7.54326 0.000697708
          93    -7.52995    -7.54312 0.000704855
          94    -7.56024     -7.5433 0.000720699
          95    -7.53896    -7.54325 0.000714538
          96    -7.53593    -7.54318 0.000711161
          97    -7.54196    -7.54317 0.000703903
          98    -7.54542    -7.54319 0.000697062
          99    -7.53863    -7.54314 0.000691521
         100    -7.54816    -7.54319 0.000686409
