           1    -5.50174    -5.50174           0
           2    -5.50055    -5.50114 0.000597028
           3    -5.50314    -5.50181 0.000749377
           4     -5.5026    -5.50201 0.000565704
           5    -5.50153    -5.50191 0.000448549
           6     -5.5024    -5.50199 0.000375112
           7    -5.50119    -5.50188 0.000337181
           8    -5.50139    -5.50182 0.000298289
           9    -5.50172    -5.50181 0.000263276
          10    -5.50343    -5.50197 0.000285983
          11    -5.50149    -5.50193 0.000262329
          12    -5.50207    -5.50194 0.000239788
          13     -5.5015     -5.5019 0.000223179
          14    -5.50213    -5.50192  0.00020724
          15    -5.50302    -5.50199 0.000206484
          16    -5.50278    -5.50204 0.000199238
          17    -5.50307     -5.5021 0.000196723
          18    -5.50099    -5.50204 0.000195476
          19    -5.50086    -5.50198  0.00019511
          20    -5.50053    -5.50191 0.000198735
          21    -5.50166    -5.50189 0.000189414
          22    -5.50238    -5.50192 0.000181962
          23     -5.5003    -5.50185 0.000187523
          24    -5.50175    -5.50184 0.000179588
          25    -5.50231    -5.50186 0.000173264
          26    -5.50196    -5.50187 0.000166513
          27    -5.50151    -5.50185 0.000160781
          28     -5.5013    -5.50183   0.0001562
          29    -5.50187    -5.50183 0.000150725
          30    -5.50178    -5.50183 0.000145627
          31    -5.50177    -5.50183 0.000140863
          32    -5.50132    -5.50181 0.000137323
          33     -5.5017    -5.50181 0.000133138
          34    -5.50207    -5.50182 0.000129391
          35    -5.50124     -5.5018 0.000126723
          36    -5.50262    -5.50182 0.000125224
          37    -5.50121    -5.50181 0.000122905
          38     -5.5022    -5.50182 0.000120061
          39    -5.50245    -5.50183 0.000118058
          40    -5.50326    -5.50187 0.000120441
          41    -5.50215    -5.50188 0.000117669
          42    -5.50154    -5.50187 0.000115112
          43     -5.5024    -5.50188 0.000113071
          44    -5.50197    -5.50188 0.000110489
          45     -5.5017    -5.50188 0.000108079
          46    -5.50176    -5.50188 0.000105734
          47    -5.50262    -5.50189  0.00010466
          48    -5.50249     -5.5019 0.000103208
          49     -5.5016     -5.5019 0.000101271
          50    -5.50126    -5.50189 0.000100037
          51    -5.50218    -5.50189 9.82292e-05
          52    -5.50331    -5.50192 0.000100102
          53    -5.50185    -5.50192 9.82045e-05
          54    -5.50239    -5.50193 9.67608e-05
          55    -5.50291    -5.50194 9.66416e-05
          56    -5.50279    -5.50196 9.60943e-05
          57    -5.50181    -5.50196 9.44301e-05
          58     -5.5021    -5.50196 9.28215e-05
          59    -5.50168    -5.50195 9.13545e-05
          60    -5.50268    -5.50197  9.0635e-05
          61     -5.5026    -5.50198 8.97428e-05
          62    -5.50311      -5.502 9.01706e-05
          63    -5.50184    -5.50199 8.87599e-05
          64    -5.50187    -5.50199 8.73814e-05
          65    -5.50202    -5.50199 8.60274e-05
          66    -5.50326    -5.50201  8.6878e-05
          67    -5.50316    -5.50203 8.72833e-05
          68    -5.50129    -5.50202 8.66652e-05
          69     -5.5031    -5.50203 8.68385e-05
          70    -5.50096    -5.50202 8.69556e-05
          71    -5.50219    -5.50202 8.57557e-05
          72    -5.50202    -5.50202 8.45563e-05
          73    -5.50128    -5.50201 8.40037e-05
          74    -5.50122      -5.502 8.35487e-05
          75    -5.50244      -5.502 8.26378e-05
          76    -5.50189      -5.502 8.15563e-05
          77    -5.50167      -5.502 8.06059e-05
          78    -5.50264    -5.50201  7.9987e-05
          79    -5.50226    -5.50201 7.90335e-05
          80    -5.50124      -5.502  7.8628e-05
          81    -5.50155      -5.502 7.78498e-05
          82    -5.50021    -5.50197 7.99205e-05
          83    -5.50368    -5.50199 8.15912e-05
          84    -5.50129    -5.50199 8.10488e-05
          85    -5.50157    -5.50198 8.02369e-05
          86    -5.50061    -5.50196 8.08817e-05
          87    -5.50237    -5.50197 8.00828e-05
          88    -5.50118    -5.50196 7.96719e-05
          89    -5.50234    -5.50196 7.88878e-05
          90    -5.50078    -5.50195 7.91031e-05
          91    -5.50242    -5.50196 7.83947e-05
          92    -5.50203    -5.50196  7.7542e-05
          93    -5.50177    -5.50196 7.67296e-05
          94      -5.502    -5.50196 7.59101e-05
          95    -5.50028    -5.50194 7.71456e-05
          96    -5.50168    -5.50194 7.63858e-05
          97    -5.50076    -5.50192 7.65579e-05
          98    -5.50052    -5.50191 7.71055e-05
          99    -5.50062     -5.5019 7.74327e-05
         100    -5.50092    -5.50189 7.72774e-05
