           0           0           0
   0.0230664           0           0
   0.0461329           0           0
   0.0691993           0           0
   0.0922657           0           0
    0.115332           0           0
    0.138399           0           0
    0.161465           0           0
    0.184531           0           0
    0.207598           0           0
    0.230664           0           0
    0.253731           0           0
    0.276797           0           0
    0.299864           0           0
     0.32293           0           0
    0.345996           0           0
    0.369063           0           0
    0.392129           0           0
    0.415196           0           0
    0.438262           0           0
    0.461329           0           0
    0.484395           0           0
    0.507461           0           0
    0.530528           0           0
    0.553594           0           0
    0.576661           0           0
    0.599727           0           0
    0.622794           0           0
     0.64586           0           0
    0.668926           0           0
    0.691993           0           0
    0.715059           0           0
    0.738126           0           0
    0.761192           0           0
    0.784259           0           0
    0.807325           0           0
    0.830391           0           0
    0.853458           0           0
    0.876524           0           0
    0.899591  0.00652953  0.00239198
    0.922657   0.0789695   0.0095127
    0.945724    0.380274   0.0163589
     0.96879     1.40202   0.0282624
    0.991856     2.89349   0.0441061
     1.01492     4.83015   0.0537863
     1.03799     6.22163   0.0534509
     1.06106      6.5405    0.060515
     1.08412     5.88356   0.0596886
     1.10719     4.94924   0.0511468
     1.13026     3.59421   0.0382485
     1.15332     2.40662   0.0353764
     1.17639     1.52278   0.0291664
     1.19945    0.899258   0.0201172
     1.22252    0.454589   0.0147023
     1.24559     0.22344   0.0101721
     1.26865    0.114818   0.0085282
     1.29172   0.0715802  0.00594824
     1.31479   0.0488627  0.00471943
     1.33785   0.0774017  0.00584122
     1.36092    0.144299  0.00819088
     1.38399     0.24335   0.0105018
     1.40705    0.391732       0.012
     1.43012    0.598008   0.0140849
     1.45319    0.833069   0.0158764
     1.47625     1.06562   0.0186412
     1.49932      1.2379   0.0175151
     1.52238     1.32469   0.0194532
     1.54545     1.24453   0.0210227
     1.56852     1.07415   0.0163399
     1.59158    0.839169   0.0141614
     1.61465    0.631342   0.0120221
     1.63772    0.413949  0.00956225
     1.66078    0.289357  0.00884754
     1.68385    0.249747  0.00994033
     1.70692    0.335917   0.0101301
     1.72998    0.582917    0.015491
     1.75305    0.992554   0.0149933
     1.77612     1.59375   0.0176626
     1.79918     2.31794   0.0205493
     1.82225     2.99667   0.0211252
     1.84531      3.5091    0.029397
     1.86838     3.59575   0.0276404
     1.89145     3.35493   0.0264477
     1.91451     2.89388   0.0254553
     1.93758     2.25872   0.0196556
     1.96065     1.62742   0.0170464
     1.98371     1.08853   0.0150368
     2.00678    0.714203   0.0124356
     2.02985    0.574021   0.0122523
     2.05291    0.634854   0.0116839
     2.07598    0.765553   0.0114797
     2.09905     1.01176    0.011868
     2.12211     1.23019   0.0128525
     2.14518     1.32339   0.0126956
     2.16824     1.35289   0.0144841
     2.19131     1.21252   0.0131362
     2.21438     1.05374   0.0130068
     2.23744    0.879586   0.0093735
     2.26051     0.76611   0.0127347
     2.28358    0.755345   0.0117308
