           1     1.18251     1.18251           0
           2     1.17478     1.17865   0.0038655
           3     1.17696     1.17808   0.0023013
           4     1.17887     1.17828  0.00163897
           5     1.17372     1.17737  0.00156258
           6     1.18236      1.1782  0.00152281
           7     1.17066     1.17712  0.00167842
           8     1.18511     1.17812  0.00176377
           9     1.17615      1.1779  0.00157082
          10     1.17569     1.17768  0.00142229
          11     1.18349     1.17821  0.00139081
          12     1.16723      1.1773  0.00156483
          13     1.18504     1.17789  0.00155781
          14     1.18207     1.17819  0.00147279
          15      1.1729     1.17784  0.00141567
          16      1.1953     1.17893  0.00171596
          17     1.17761     1.17885  0.00161373
          18     1.17576     1.17868  0.00153108
          19     1.17728     1.17861  0.00145012
          20     1.17774     1.17856  0.00137639
          21     1.18359      1.1788  0.00133088
          22     1.17245     1.17851  0.00130141
          23      1.1697     1.17813  0.00130123
          24     1.18003     1.17821  0.00124834
          25     1.17715     1.17817  0.00119811
          26     1.18563     1.17845  0.00118635
          27     1.18142     1.17856  0.00114686
          28     1.18252      1.1787  0.00111414
          29     1.17998     1.17875  0.00107594
          30     1.17561     1.17864   0.0010447
          31     1.18278     1.17878  0.00101919
          32     1.18097     1.17885 0.000989197
          33     1.16758      1.1785  0.00101767
          34     1.18855      1.1788  0.00103055
          35     1.17023     1.17855  0.00103022
          36     1.18698     1.17879  0.00102817
          37     1.17414     1.17866  0.00100785
          38      1.1897     1.17895  0.00102308
          39     1.17003     1.17872  0.00102246
          40     1.18885     1.17898  0.00102822
          41     1.16281     1.17858  0.00107753
          42      1.1824     1.17867  0.00105548
          43      1.1774     1.17865  0.00103107
          44     1.17646      1.1786  0.00100859
          45     1.17869      1.1786 0.000985923
          46      1.1721     1.17846 0.000974527
          47     1.17459     1.17837 0.000957101
          48     1.18448      1.1785 0.000945555
          49     1.18319      1.1786 0.000930986
          50     1.17393      1.1785 0.000916946
          51     1.17587     1.17845 0.000900265
          52     1.18759     1.17863  0.00090012
          53      1.1742     1.17854  0.00088692
          54     1.18193     1.17861   0.0008726
          55     1.18649     1.17875 0.000868499
          56     1.17187     1.17863 0.000861648
          57     1.17201     1.17851 0.000854331
          58     1.18614     1.17864 0.000849711
          59     1.18138     1.17869 0.000836471
          60     1.17594     1.17864 0.000823685
          61      1.1811     1.17868  0.00081107
          62     1.17221     1.17858 0.000804682
          63     1.18176     1.17863 0.000793415
          64     1.18568     1.17874 0.000788653
          65     1.17886     1.17874 0.000776428
          66     1.18411     1.17882  0.00076888
          67     1.18763     1.17895 0.000768641
          68     1.16771     1.17879 0.000775099
          69     1.18801     1.17892 0.000775391
          70     1.17333     1.17884 0.000768394
          71     1.18254      1.1789 0.000759281
          72     1.18278     1.17895 0.000750601
          73     1.16804      1.1788 0.000755193
          74     1.18004     1.17882 0.000745106
          75     1.17992     1.17883  0.00073525
          76     1.17577     1.17879 0.000726631
          77     1.17557     1.17875 0.000718353
          78     1.17483      1.1787 0.000710858
          79     1.17453     1.17865 0.000703787
          80      1.1751      1.1786 0.000696349
          81     1.19096     1.17875 0.000704409
          82     1.17208     1.17867 0.000700515
          83     1.16946     1.17856  0.00070087
          84     1.17946     1.17857 0.000692559
          85     1.17595     1.17854 0.000685059
          86     1.18147     1.17858 0.000677903
          87     1.17504     1.17853 0.000671297
          88     1.17394     1.17848 0.000665677
          89     1.17963      1.1785 0.000658281
          90     1.16437     1.17834  0.00066958
          91     1.19086     1.17848 0.000676327
          92     1.17109      1.1784 0.000673737
          93     1.16527     1.17825  0.00068124
          94     1.19533     1.17844 0.000698007
          95     1.17577     1.17841 0.000691193
          96     1.17134     1.17833 0.000687903
          97     1.17829     1.17833 0.000680774
          98     1.18198     1.17837 0.000674821
          99      1.1751     1.17834 0.000668784
         100     1.18434      1.1784 0.000664775
