-3.80214
-3.80052
-3.79955
-3.79761
-3.79826
-3.79664
-3.79372
-3.79469
-3.79857
-3.80245
-3.79954
-3.80084
-3.80343
-3.80279
-3.80473
-3.80408
-3.80408
-3.80375
-3.8044
-3.80375
-3.80278
-3.80278
-3.80375
-3.80471
-3.80243
-3.80341
-3.8018
-3.7976
-3.80019
-3.80213
-3.80311
-3.80311
-3.8044
-3.80311
-3.80278
-3.80343
-3.8031
-3.80342
-3.80245
-3.80374
-3.80244
-3.80276
-3.80082
-3.79888
-3.79985
-3.79921
-3.79791
-3.79694
-3.79662
-3.7963
-3.79727
-3.79792
-3.79662
-3.79759
-3.79759
-3.79889
-3.79986
-3.80115
-3.79792
-3.80018
-3.80147
-3.8018
-3.80147
-3.80276
-3.80114
-3.80017
-3.80179
-3.80342
-3.80245
-3.80309
-3.80277
-3.80083
-3.79985
-3.79855
-3.79855
-3.79725
-3.79659
-3.80015
-3.79951
-3.80179
-3.79953
-3.79953
-3.80051
-3.80213
-3.80115
-3.80082
-3.7992
-3.79887
-3.7995
-3.79885
-3.80208
-3.80209
-3.8021
-3.80309
-3.80472
-3.80472
-3.80601
-3.80666
-3.80503
-3.80729
