2.1115
2.11859
2.11771
2.10727
2.08798
2.06272
2.03487
2.0076
1.98457
1.97111
1.97213
1.98782
2.01243
2.03739
2.05554
2.06356
2.06275
2.05768
2.05343
2.05178
2.04865
2.03667
2.01347
1.98948
1.98476
2.01221
2.06562
2.1279
2.18503
2.2303
2.26191
2.27975
2.28384
2.27415
2.2508
2.21451
2.16749
2.11381
2.0594
2.01061
1.97207
1.94534
1.92896
1.92017
1.91695
1.91883
1.92661
1.94143
1.96347
1.99116
2.02123
2.04985
2.07396
2.09241
2.10637
2.11869
2.13193
2.14679
2.16166
2.17385
2.18127
2.18404
2.18515
2.18882
2.1977
2.21105
2.22465
2.23271
2.22991
2.21351
2.18372
2.14218
2.09105
2.03366
1.97625
1.92854
1.9017
1.90314
1.93104
1.97449
2.01923
2.05323
2.06851
2.06106
2.03075
1.98163
1.92164
1.86215
1.81729
1.80296
1.83244
1.90881
2.02073
2.14595
2.26062
2.34685
2.39483
2.40219
2.37236
2.31359
