-5.91364
-5.91911
-5.91726
-5.90488
-5.88624
-5.85936
-5.82859
-5.80228
-5.78314
-5.77356
-5.77167
-5.78865
-5.81586
-5.84018
-5.86027
-5.86764
-5.86683
-5.86143
-5.85782
-5.85553
-5.85143
-5.83946
-5.81722
-5.79419
-5.7872
-5.81562
-5.86742
-5.9255
-5.98522
-6.03244
-6.06502
-6.08286
-6.08825
-6.07725
-6.05358
-6.01794
-5.97059
-5.91723
-5.86184
-5.81434
-5.77451
-5.74811
-5.72978
-5.71906
-5.71681
-5.71803
-5.72452
-5.73837
-5.76009
-5.78746
-5.8185
-5.84777
-5.87059
-5.89
-5.90396
-5.91758
-5.93179
-5.94794
-5.95957
-5.97403
-5.98275
-5.98584
-5.98662
-5.99158
-5.99884
-6.01122
-6.02645
-6.03612
-6.03236
-6.0166
-5.98649
-5.943
-5.89091
-5.83222
-5.7748
-5.72579
-5.69829
-5.7033
-5.73055
-5.77628
-5.81876
-5.85276
-5.86901
-5.86318
-5.83191
-5.78245
-5.72084
-5.66102
-5.61679
-5.60181
-5.63452
-5.7109
-5.82283
-5.94903
-6.06534
-6.15157
-6.20085
-6.20885
-6.1774
-6.12088
