1.40767
1.41239
1.41181
1.40484
1.39199
1.37515
1.35658
1.3384
1.32304
1.31407
1.31475
1.32521
1.34162
1.35826
1.37036
1.3757
1.37517
1.37179
1.36895
1.36785
1.36577
1.35778
1.34231
1.32632
1.32318
1.34147
1.37708
1.4186
1.45668
1.48687
1.50794
1.51983
1.52256
1.5161
1.50053
1.47634
1.44499
1.40921
1.37293
1.3404
1.31471
1.2969
1.28597
1.28012
1.27797
1.27922
1.28441
1.29429
1.30898
1.32744
1.34749
1.36657
1.38264
1.39494
1.40425
1.41246
1.42129
1.43119
1.44111
1.44923
1.45418
1.45603
1.45676
1.45921
1.46513
1.47403
1.4831
1.48847
1.48661
1.47567
1.45581
1.42812
1.39404
1.35577
1.3175
1.2857
1.2678
1.26876
1.28736
1.31633
1.34615
1.36882
1.379
1.37404
1.35383
1.32108
1.2811
1.24143
1.21152
1.20198
1.22163
1.27254
1.34715
1.43063
1.50708
1.56457
1.59656
1.60146
1.58158
1.54239
