-4.01389
-4.01427
-4.01414
-4.01407
-4.01456
-4.01319
-4.01351
-4.01296
-4.01363
-4.01426
-4.01451
-4.01607
-4.01704
-4.01642
-4.01712
-4.01746
-4.0181
-4.01806
-4.01802
-4.01866
-4.01803
-4.0174
-4.01774
-4.01936
-4.01936
-4.01546
-4.0177
-4.01801
-4.01801
-4.01739
-4.01546
-4.01515
-4.01482
-4.01352
-4.01578
-4.01415
-4.01415
-4.01285
-4.01123
-4.00994
-4.00864
-4.00735
-4.00767
-4.00735
-4.00864
-4.00832
-4.00541
-4.00573
-4.00637
-4.00702
-4.00832
-4.00961
-4.008
-4.00897
-4.00929
-4.01187
-4.01123
-4.01317
-4.01317
-4.01318
-4.01447
-4.01253
-4.0122
-4.01058
-4.0109
-4.01025
-4.01123
-4.00994
-4.00897
-4.00897
-4.01026
-4.008
-4.00541
-4.00445
-4.00607
-4.00607
-4.00315
-4.00411
-4.00411
-4.00411
-4.00444
-4.00509
-4.00379
-4.00218
-4.00283
-4.00315
-4.00413
-4.00316
-4.00154
-4.00284
-4.0064
-4.00768
-4.00735
-4.00864
-4.00767
-4.00735
-4.008
-4.00866
-4.00963
-4.0106
