-6.09747
-6.01487
-5.84025
-5.77962
-5.90437
-6.01956
-6.17743
-6.3746
-6.48471
-6.45151
-6.31516
-6.1836
-6.1384
-6.18625
-6.27508
-6.32296
-6.29132
-6.19412
-6.08459
-6.01778
-6.0086
-6.03566
-6.05958
-6.04955
-5.99398
-5.90141
-5.80789
-5.74309
-5.74038
-5.79335
-5.86211
-5.91564
-5.93883
-5.93129
-5.90456
-5.86126
-5.818
-5.78124
-5.7566
-5.74418
-5.74072
-5.74345
-5.75165
-5.76098
-5.77206
-5.78122
-5.78841
-5.8015
-5.82017
-5.8458
-5.87879
-5.91574
-5.94971
-5.9829
-6.01123
-6.03893
-6.06276
-6.08958
-6.11315
-6.13084
-6.13818
-6.12676
-6.10246
-6.06973
-6.04304
-6.02777
-6.0275
-6.03315
-6.04116
-6.04913
-6.05903
-6.06944
-6.08256
-6.09216
-6.08866
-6.06347
-6.02196
-5.98542
-5.96219
-5.95789
-5.97031
-5.9946
-6.0234
-6.05338
-6.08327
-6.10801
-6.12644
-6.13317
-6.12587
-6.10529
-6.07117
-6.02535
-5.97995
-5.94984
-5.93725
-5.94533
-5.96931
-5.99791
-6.01943
-6.02442
