2.08358
2.0006
1.82611
1.76556
1.88981
2.00636
2.16392
2.36164
2.47107
2.43725
2.30065
2.16753
2.12136
2.16983
2.25796
2.3055
2.27323
2.17606
2.06657
1.99912
1.99058
2.01826
2.04184
2.03018
1.97462
1.88595
1.79018
1.72509
1.72237
1.77596
1.84665
1.90049
1.92401
1.91777
1.88878
1.84711
1.80385
1.76839
1.74537
1.73424
1.73207
1.7361
1.74398
1.75363
1.76342
1.7729
1.783
1.79577
1.8138
1.83878
1.87047
1.90612
1.94171
1.97393
2.00194
2.02706
2.05153
2.07642
2.09998
2.11766
2.1237
2.11422
2.09025
2.05915
2.03214
2.01752
2.01627
2.02321
2.03219
2.04016
2.04877
2.06145
2.07715
2.08771
2.08259
2.0574
2.01882
1.98131
1.95808
1.95378
1.96587
1.98951
2.0196
2.0512
2.08045
2.10486
2.12231
2.13001
2.12433
2.10245
2.06477
2.01767
1.9726
1.94119
1.92958
1.93798
1.96131
1.98926
2.0098
2.01382
