1.38906
1.33373
1.21741
1.17704
1.25987
1.33758
1.44261
1.57443
1.64738
1.62484
1.53376
1.44502
1.41424
1.44655
1.50531
1.537
1.51548
1.45071
1.37771
1.33275
1.32705
1.34551
1.36123
1.35346
1.31642
1.2573
1.19346
1.15006
1.14825
1.18398
1.2311
1.26699
1.28267
1.27851
1.25919
1.23141
1.20257
1.17893
1.16358
1.15616
1.15472
1.1574
1.16265
1.16909
1.17561
1.18193
1.18867
1.19718
1.2092
1.22585
1.24698
1.27075
1.29448
1.31596
1.33463
1.35137
1.36769
1.38428
1.39999
1.41177
1.4158
1.40948
1.3935
1.37277
1.35476
1.34502
1.34418
1.34881
1.35479
1.36011
1.36585
1.3743
1.38477
1.39181
1.38839
1.3716
1.34588
1.32087
1.30539
1.30252
1.31058
1.32634
1.3464
1.36747
1.38697
1.40324
1.41488
1.42001
1.41622
1.40163
1.37651
1.34511
1.31507
1.29413
1.28639
1.29199
1.30754
1.32617
1.33986
1.34255
