2.08188
2.03943
1.97761
1.90688
1.84355
1.80517
1.80122
1.82681
1.86647
1.90304
1.92423
1.92552
1.91038
1.88813
1.86966
1.86336
1.87282
1.8971
1.93272
1.97518
2.02026
2.06461
2.10579
2.14136
2.16875
2.18592
2.19171
2.18519
2.16556
2.13388
2.09505
2.0583
2.03408
2.02906
2.04301
2.06959
2.09975
2.12496
2.13901
2.13874
2.1245
2.1013
2.07836
2.06459
2.06282
2.07067
2.08404
2.09722
2.10369
2.09945
2.0858
2.06911
2.05774
2.05769
2.06925
2.08696
2.10249
2.10825
2.09984
2.07735
2.04686
2.01942
2.00569
2.00928
2.02453
2.04
2.0442
2.03043
1.99867
1.95581
1.91541
1.89581
1.91176
1.96279
2.03336
2.10525
2.166
2.20952
2.23383
2.23937
2.22852
2.20577
2.17708
2.14808
2.12233
2.10113
2.08426
2.07025
2.05654
2.04036
2.02024
1.99721
1.97522
1.95939
1.95326
1.95629
1.96457
1.97356
1.9799
1.98156
