-6.00543
-5.96233
-5.90309
-5.833
-5.76901
-5.73127
-5.72668
-5.75551
-5.79519
-5.83144
-5.85166
-5.85198
-5.83651
-5.81328
-5.79384
-5.78559
-5.79343
-5.81836
-5.85463
-5.89549
-5.94088
-5.98492
-6.02447
-6.06134
-6.08938
-6.10688
-6.11234
-6.10745
-6.08846
-6.05678
-6.01891
-5.98216
-5.9589
-5.95323
-5.96686
-5.99377
-6.02329
-6.04818
-6.06191
-6.06132
-6.04773
-6.02387
-5.99963
-5.98263
-5.97988
-5.99162
-6.00532
-6.01948
-6.0253
-6.02138
-6.00741
-5.99039
-5.97836
-5.97637
-5.98761
-6.00694
-6.02539
-6.03342
-6.02534
-6.00348
-5.97235
-5.94619
-5.93278
-5.93605
-5.94775
-5.9642
-5.96646
-5.95042
-5.91899
-5.87579
-5.83409
-5.81513
-5.82978
-5.88115
-5.95302
-6.02687
-6.09086
-6.13243
-6.15512
-6.16293
-6.15176
-6.12738
-6.0961
-6.06839
-6.04069
-6.01982
-6.00296
-5.98895
-5.97653
-5.96132
-5.94249
-5.91979
-5.89682
-5.88261
-5.87551
-5.87789
-5.88683
-5.89323
-5.90248
-5.90285
