-3.92355
-3.9229
-3.92548
-3.92612
-3.92546
-3.9261
-3.92545
-3.92871
-3.92872
-3.9284
-3.92743
-3.92646
-3.92613
-3.92515
-3.92417
-3.92223
-3.92061
-3.92126
-3.92191
-3.9203
-3.92063
-3.9203
-3.91868
-3.91998
-3.92063
-3.92096
-3.92064
-3.92225
-3.9229
-3.9229
-3.92386
-3.92386
-3.92482
-3.92417
-3.92385
-3.92419
-3.92354
-3.92322
-3.9229
-3.92258
-3.92322
-3.92257
-3.92127
-3.91803
-3.91706
-3.92095
-3.92128
-3.92225
-3.92161
-3.92193
-3.9216
-3.92127
-3.92062
-3.91868
-3.91836
-3.91998
-3.9229
-3.92517
-3.92549
-3.92614
-3.92549
-3.92677
-3.9271
-3.92678
-3.92322
-3.9242
-3.92226
-3.92
-3.92032
-3.91999
-3.91868
-3.91932
-3.91803
-3.91836
-3.91967
-3.92162
-3.92486
-3.92291
-3.92129
-3.92356
-3.92323
-3.92161
-3.91902
-3.92031
-3.91837
-3.91869
-3.91869
-3.91869
-3.91999
-3.92096
-3.92226
-3.92258
-3.92161
-3.92322
-3.92225
-3.92161
-3.92226
-3.91967
-3.92258
-3.92129
