1.38792
1.35962
1.3184
1.27126
1.22903
1.20345
1.20081
1.21787
1.24431
1.2687
1.28282
1.28368
1.27359
1.25875
1.24644
1.24224
1.24855
1.26473
1.28848
1.31679
1.34684
1.37641
1.40386
1.42757
1.44583
1.45728
1.46114
1.4568
1.44371
1.42259
1.3967
1.3722
1.35605
1.3527
1.36201
1.37973
1.39983
1.41664
1.42601
1.42582
1.41633
1.40086
1.38557
1.3764
1.37521
1.38045
1.38936
1.39815
1.40246
1.39963
1.39053
1.37941
1.37183
1.37179
1.3795
1.39131
1.40166
1.4055
1.39989
1.3849
1.36457
1.34628
1.33713
1.33952
1.34969
1.36
1.3628
1.35362
1.33245
1.30387
1.27694
1.26388
1.2745
1.30853
1.35557
1.4035
1.444
1.47301
1.48922
1.49291
1.48568
1.47051
1.45139
1.43205
1.41489
1.40075
1.38951
1.38017
1.37102
1.36024
1.34682
1.33147
1.31681
1.30626
1.30218
1.30419
1.30971
1.31571
1.31993
1.32104
