2.09383
2.07715
2.05132
2.01998
1.98845
1.96277
1.94795
1.94588
1.95438
1.96859
1.9841
1.99959
2.01617
2.03463
2.05306
2.06828
2.07931
2.08871
2.09914
2.11049
2.12076
2.12793
2.13019
2.12682
2.12025
2.11658
2.1225
2.14099
2.16906
2.19972
2.22568
2.2427
2.24994
2.24895
2.24087
2.2243
2.19479
2.14758
2.08246
2.00687
1.93406
1.87831
1.85126
1.85965
1.90216
1.96687
2.0362
2.09637
2.14195
2.17291
2.19001
2.19323
2.18291
2.16152
2.13402
2.1071
2.08801
2.08173
2.08778
2.1004
2.11188
2.11601
2.11053
2.09819
2.08538
2.07851
2.07974
2.08521
2.08721
2.07791
2.05244
2.01168
1.96475
1.92912
1.92346
1.95501
2.01405
2.08224
2.14342
2.18719
2.208
2.20418
2.17839
2.13779
2.09278
2.05366
2.02774
2.01786
2.02385
2.04402
2.07573
2.11515
2.1575
2.19782
2.23122
2.2525
2.2563
2.23914
2.20173
2.1502
