-5.89638
-5.88132
-5.85355
-5.82286
-5.79262
-5.76628
-5.75082
-5.74551
-5.75629
-5.77276
-5.78698
-5.80214
-5.81905
-5.83783
-5.85465
-5.87083
-5.8838
-5.8945
-5.90364
-5.91466
-5.92461
-5.93113
-5.9334
-5.93164
-5.92604
-5.9214
-5.92925
-5.94742
-5.97679
-6.00649
-6.0331
-6.05174
-6.05736
-6.05637
-6.04958
-6.03269
-6.00157
-5.95403
-5.89053
-5.81494
-5.74244
-5.68538
-5.658
-5.6664
-5.70794
-5.77169
-5.84102
-5.90217
-5.94969
-5.9813
-5.99678
-6.00065
-5.98935
-5.97023
-5.94208
-5.9171
-5.89833
-5.89108
-5.89486
-5.90684
-5.91898
-5.92117
-5.91698
-5.90334
-5.88988
-5.88333
-5.88651
-5.89166
-5.89528
-5.88437
-5.85825
-5.81554
-5.76634
-5.73328
-5.72697
-5.75626
-5.81726
-5.88384
-5.94502
-5.99009
-6.01025
-6.00675
-5.98031
-5.93906
-5.89501
-5.85524
-5.83126
-5.82041
-5.82705
-5.8469
-5.87893
-5.91738
-5.95909
-6.00071
-6.03703
-6.05701
-6.06308
-6.04657
-6.0056
-5.95536
