-3.80256
-3.80417
-3.80223
-3.80288
-3.80417
-3.80352
-3.80287
-3.79963
-3.8019
-3.80417
-3.80288
-3.80255
-3.80288
-3.8032
-3.80158
-3.80255
-3.80449
-3.80579
-3.8045
-3.80417
-3.80385
-3.8032
-3.8032
-3.80482
-3.80579
-3.80481
-3.80676
-3.80643
-3.80774
-3.80677
-3.80742
-3.80904
-3.80742
-3.80742
-3.80871
-3.80839
-3.80678
-3.80646
-3.80807
-3.80806
-3.80838
-3.80707
-3.80674
-3.80675
-3.80578
-3.80482
-3.80482
-3.8058
-3.80774
-3.80839
-3.80677
-3.80742
-3.80645
-3.80871
-3.80806
-3.81
-3.81032
-3.80935
-3.80709
-3.80644
-3.8071
-3.80515
-3.80645
-3.80515
-3.8045
-3.80482
-3.80677
-3.80645
-3.80807
-3.80646
-3.80581
-3.80386
-3.80159
-3.80416
-3.80351
-3.80125
-3.80321
-3.8016
-3.8016
-3.8029
-3.80225
-3.80257
-3.80192
-3.80126
-3.80223
-3.80158
-3.80352
-3.80255
-3.8032
-3.80288
-3.8032
-3.80223
-3.80159
-3.80289
-3.8058
-3.80451
-3.80678
-3.80743
-3.80387
-3.80516
