1.39588
1.38476
1.36755
1.34666
1.32563
1.30851
1.29863
1.29725
1.30292
1.31239
1.32273
1.33306
1.34411
1.35642
1.36871
1.37885
1.38621
1.39247
1.39943
1.40699
1.41384
1.41862
1.42013
1.41788
1.4135
1.41105
1.415
1.42733
1.44604
1.46648
1.48379
1.49513
1.49996
1.4993
1.49391
1.48286
1.4632
1.43172
1.3883
1.33792
1.28937
1.25221
1.23417
1.23977
1.26811
1.31125
1.35747
1.39758
1.42796
1.4486
1.46001
1.46215
1.45527
1.44101
1.42268
1.40473
1.39201
1.38782
1.39185
1.40026
1.40792
1.41067
1.40702
1.39879
1.39026
1.38567
1.3865
1.39014
1.39147
1.38528
1.3683
1.34112
1.30983
1.28608
1.28231
1.30334
1.3427
1.38816
1.42894
1.45813
1.472
1.46945
1.45226
1.42519
1.39518
1.36911
1.35182
1.34524
1.34923
1.36268
1.38382
1.4101
1.43833
1.46521
1.48748
1.50167
1.5042
1.49276
1.46782
1.43347
