-3.85198
-3.85133
-3.85101
-3.84907
-3.84777
-3.84518
-3.84616
-3.84648
-3.84681
-3.8481
-3.84842
-3.84842
-3.84939
-3.84874
-3.84972
-3.85004
-3.85102
-3.8494
-3.85231
-3.85458
-3.85231
-3.85036
-3.84939
-3.84776
-3.8484
-3.84873
-3.851
-3.84906
-3.85004
-3.84875
-3.84972
-3.85231
-3.85166
-3.85133
-3.84938
-3.85035
-3.851
-3.84906
-3.84777
-3.84841
-3.84971
-3.84907
-3.8481
-3.8481
-3.84907
-3.84712
-3.84776
-3.84872
-3.84936
-3.85001
-3.85066
-3.85035
-3.84938
-3.85132
-3.85262
-3.85229
-3.85133
-3.85198
-3.8523
-3.85456
-3.85359
-3.85488
-3.85326
-3.85293
-3.85099
-3.85132
-3.85035
-3.84841
-3.85003
-3.851
-3.85197
-3.85261
-3.85261
-3.85358
-3.85326
-3.85585
-3.85488
-3.85585
-3.8539
-3.85423
-3.85553
-3.8536
-3.85296
-3.85199
-3.85263
-3.85101
-3.8523
-3.85295
-3.85294
-3.85229
-3.85294
-3.85294
-3.85294
-3.85165
-3.85457
-3.85425
-3.8536
-3.85457
-3.85521
-3.85488
