2.04842
2.00222
1.97097
1.95741
1.9614
1.9814
2.01437
2.05571
2.09994
2.14175
2.17758
2.20646
2.22985
2.24948
2.26467
2.27158
2.26513
2.24178
2.20078
2.14342
2.07227
1.99151
1.90823
1.83289
1.77683
1.74847
1.74985
1.77587
1.8163
1.8599
1.89804
1.92731
1.94962
1.97054
1.99579
2.02822
2.06739
2.11085
2.15554
2.19755
2.23152
2.25079
2.249
2.22251
2.17221
2.10429
2.02966
1.96224
1.91608
1.89944
1.91039
1.93963
1.97729
2.017
2.05556
2.09075
2.11963
2.13837
2.1442
2.13724
2.12099
2.1011
2.08323
2.07192
2.06979
2.0766
2.0885
2.09894
2.10181
2.0945
2.07873
2.05868
2.03772
2.01686
1.9957
1.97492
1.95773
1.94941
1.95501
1.97641
2.01028
2.04803
2.07872
2.09313
2.08694
2.06164
2.02278
1.97754
1.93245
1.89267
1.86287
1.84783
1.85022
1.86692
1.88904
1.90683
1.91444
1.9104
1.89631
1.87619
