-5.9004
-5.85356
-5.82198
-5.80648
-5.80917
-5.82659
-5.86053
-5.90219
-5.94674
-5.98985
-6.026
-6.05488
-6.07924
-6.09822
-6.11439
-6.12163
-6.11615
-6.09118
-6.05309
-5.998
-5.92458
-5.84187
-5.75761
-5.68065
-5.62524
-5.59719
-5.60085
-5.62493
-5.66634
-5.70864
-5.74777
-5.77962
-5.80127
-5.82187
-5.84517
-5.87857
-5.91839
-5.9599
-6.00331
-6.04596
-6.08123
-6.09986
-6.0971
-6.07061
-6.02128
-5.95141
-5.87741
-5.81095
-5.76544
-5.74945
-5.76106
-5.78998
-5.82667
-5.86833
-5.90818
-5.94304
-5.97095
-5.99035
-5.9965
-5.9918
-5.97458
-5.95598
-5.93649
-5.92486
-5.92078
-5.92792
-5.93885
-5.94735
-5.95184
-5.9455
-5.93069
-5.9113
-5.89033
-5.87045
-5.84897
-5.83077
-5.81261
-5.80526
-5.80891
-5.83064
-5.86581
-5.90162
-5.93168
-5.94512
-5.93957
-5.91265
-5.87509
-5.83049
-5.7854
-5.74497
-5.71581
-5.70076
-5.70316
-5.71857
-5.74361
-5.76108
-5.76804
-5.76497
-5.75152
-5.73107
