1.36561
1.33482
1.31398
1.30494
1.3076
1.32094
1.34291
1.37047
1.39996
1.42783
1.45172
1.47097
1.48657
1.49965
1.50978
1.51439
1.51009
1.49452
1.46718
1.42895
1.38151
1.32767
1.27215
1.22193
1.18455
1.16564
1.16657
1.18391
1.21087
1.23993
1.26536
1.28488
1.29974
1.31369
1.33052
1.35214
1.37826
1.40723
1.43703
1.46503
1.48768
1.50053
1.49934
1.48167
1.44814
1.40286
1.3531
1.30816
1.27739
1.2663
1.2736
1.29309
1.31819
1.34467
1.37038
1.39383
1.41308
1.42558
1.42946
1.42482
1.41399
1.40073
1.38882
1.38128
1.37986
1.3844
1.39233
1.3993
1.40121
1.39633
1.38582
1.37246
1.35848
1.34458
1.33047
1.31661
1.30516
1.29961
1.30334
1.31761
1.34019
1.36535
1.38581
1.39542
1.39129
1.37443
1.34852
1.31836
1.2883
1.26178
1.24191
1.23188
1.23348
1.24461
1.25936
1.27122
1.27629
1.2736
1.26421
1.25079
