2.07716
2.05591
2.04616
2.05189
2.07209
2.10262
2.13864
2.17626
2.21301
2.24772
2.28031
2.31099
2.33972
2.36545
2.38628
2.40054
2.40737
2.40645
2.39836
2.38591
2.3755
2.37408
2.38219
2.39069
2.38731
2.36565
2.3282
2.28414
2.24462
2.21723
2.20314
2.19826
2.19665
2.1939
2.18841
2.1803
2.17014
2.15859
2.14751
2.14007
2.13748
2.13516
2.1268
2.11052
2.08919
2.06662
2.04561
2.02931
2.02304
2.03289
2.06024
2.09736
2.13051
2.14701
2.14041
2.11184
2.0692
2.02496
1.99387
1.98976
2.02069
2.08332
2.1627
2.23942
2.29791
2.33015
2.33553
2.31892
2.28811
2.25086
2.21399
2.18517
2.17227
2.17935
2.20367
2.23745
2.27206
2.30038
2.31699
2.31796
2.30148
2.26939
2.22796
2.1864
2.15315
2.13268
2.12449
2.12494
2.12965
2.13435
2.13578
2.13381
2.13178
2.13427
2.14395
2.16093
2.18382
2.2096
2.23267
2.24541
