-5.70539
-5.68156
-5.67018
-5.67462
-5.69643
-5.72697
-5.76462
-5.79996
-5.83672
-5.86948
-5.90045
-5.93146
-5.96115
-5.98688
-6.00902
-6.02392
-6.03204
-6.03015
-6.02238
-6.00669
-5.99595
-5.99356
-6.0007
-6.01179
-6.00971
-5.99032
-5.95352
-5.90848
-5.86896
-5.83962
-5.82392
-5.81904
-5.81905
-5.8163
-5.81016
-5.80561
-5.79708
-5.78553
-5.77445
-5.76895
-5.76604
-5.76436
-5.75569
-5.74005
-5.71807
-5.6929
-5.67287
-5.65462
-5.64835
-5.65723
-5.68426
-5.72171
-5.75551
-5.77202
-5.76509
-5.73781
-5.69516
-5.65156
-5.61949
-5.61538
-5.64728
-5.71089
-5.79061
-5.86539
-5.92453
-5.95548
-5.96053
-5.94424
-5.91343
-5.87714
-5.83865
-5.80756
-5.79434
-5.80207
-5.82607
-5.8605
-5.89511
-5.92376
-5.94102
-5.94231
-5.92584
-5.89601
-5.8536
-5.813
-5.7791
-5.75928
-5.74851
-5.74928
-5.75496
-5.75739
-5.75752
-5.75749
-5.75385
-5.75666
-5.76795
-5.78559
-5.80815
-5.832
-5.85701
-5.87073
