-3.62824
-3.62564
-3.62402
-3.62273
-3.62435
-3.62435
-3.62597
-3.62371
-3.6237
-3.62176
-3.62014
-3.62047
-3.62144
-3.62144
-3.62273
-3.62338
-3.62467
-3.6237
-3.62402
-3.62078
-3.62045
-3.61948
-3.61851
-3.6211
-3.62241
-3.62467
-3.62531
-3.62434
-3.62433
-3.62239
-3.62077
-3.62078
-3.6224
-3.6224
-3.62175
-3.62532
-3.62694
-3.62694
-3.62693
-3.62888
-3.62856
-3.62921
-3.62889
-3.62953
-3.62888
-3.62629
-3.62726
-3.62531
-3.62531
-3.62433
-3.62401
-3.62435
-3.625
-3.625
-3.62468
-3.62597
-3.62596
-3.6266
-3.62562
-3.62562
-3.62659
-3.62757
-3.6279
-3.62597
-3.62662
-3.62532
-3.625
-3.62532
-3.62531
-3.62628
-3.62466
-3.62239
-3.62207
-3.62271
-3.6224
-3.62305
-3.62305
-3.62338
-3.62403
-3.62436
-3.62436
-3.62662
-3.62564
-3.6266
-3.62595
-3.6266
-3.62401
-3.62434
-3.62531
-3.62304
-3.62175
-3.62369
-3.62207
-3.62239
-3.62401
-3.62466
-3.62433
-3.62239
-3.62434
-3.62532
