1.38477
1.37061
1.36411
1.36793
1.38139
1.40175
1.42576
1.45084
1.47534
1.49848
1.5202
1.54066
1.55981
1.57696
1.59085
1.60036
1.60491
1.6043
1.59891
1.5906
1.58367
1.58272
1.58813
1.59379
1.59154
1.5771
1.55214
1.52276
1.49642
1.47816
1.46876
1.46551
1.46443
1.4626
1.45894
1.45353
1.44676
1.43906
1.43167
1.42671
1.42499
1.42344
1.41787
1.40701
1.39279
1.37774
1.36374
1.35288
1.34869
1.35526
1.37349
1.39824
1.42034
1.43134
1.42694
1.40789
1.37946
1.34997
1.32925
1.32651
1.34713
1.38888
1.4418
1.49295
1.53194
1.55343
1.55702
1.54595
1.52541
1.50057
1.47599
1.45678
1.44818
1.4529
1.46912
1.49163
1.51471
1.53359
1.54466
1.54531
1.53432
1.51293
1.4853
1.4576
1.43543
1.42179
1.41633
1.41663
1.41976
1.4229
1.42385
1.42254
1.42119
1.42285
1.4293
1.44062
1.45588
1.47307
1.48844
1.49694
