-5.87124
-5.85919
-5.84245
-5.82641
-5.82053
-5.82317
-5.84015
-5.86558
-5.89199
-5.91183
-5.91947
-5.9179
-5.91518
-5.91194
-5.91118
-5.9105
-5.91269
-5.91301
-5.91089
-5.90357
-5.89008
-5.8698
-5.84702
-5.82925
-5.82444
-5.82723
-5.83489
-5.84221
-5.85028
-5.85659
-5.86469
-5.87549
-5.8884
-5.90366
-5.91552
-5.92272
-5.92654
-5.9213
-5.9146
-5.90433
-5.89368
-5.88567
-5.87996
-5.88154
-5.89338
-5.90878
-5.92168
-5.92979
-5.9321
-5.9288
-5.91695
-5.89978
-5.88258
-5.86574
-5.85674
-5.86242
-5.87499
-5.88772
-5.89084
-5.88243
-5.86197
-5.84039
-5.82026
-5.80063
-5.79396
-5.78916
-5.79459
-5.81067
-5.83092
-5.85704
-5.87634
-5.88265
-5.87409
-5.85294
-5.83563
-5.82506
-5.83022
-5.844
-5.86087
-5.87854
-5.8945
-5.90775
-5.91017
-5.90025
-5.88053
-5.84092
-5.78641
-5.72503
-5.6682
-5.62914
-5.61624
-5.63427
-5.67182
-5.717
-5.76083
-5.79865
-5.8306
-5.86187
-5.89037
-5.90956
