-3.7727
-3.77237
-3.77269
-3.77139
-3.77139
-3.76815
-3.76848
-3.77075
-3.77366
-3.77561
-3.77431
-3.77205
-3.77269
-3.77204
-3.77107
-3.76848
-3.76881
-3.76816
-3.76719
-3.76622
-3.76719
-3.76848
-3.76879
-3.76847
-3.77073
-3.77074
-3.77041
-3.76945
-3.77074
-3.77074
-3.77074
-3.77041
-3.76977
-3.77107
-3.77107
-3.77042
-3.77139
-3.76847
-3.7688
-3.76912
-3.77041
-3.77235
-3.77106
-3.76944
-3.77106
-3.77236
-3.77139
-3.76944
-3.76783
-3.76783
-3.76653
-3.7662
-3.76911
-3.76976
-3.76878
-3.77008
-3.77008
-3.77106
-3.77139
-3.77236
-3.77106
-3.77267
-3.77396
-3.77072
-3.77429
-3.77267
-3.77267
-3.77364
-3.77105
-3.77267
-3.77398
-3.77527
-3.77592
-3.77299
-3.77331
-3.77105
-3.77202
-3.77202
-3.77073
-3.77009
-3.77009
-3.77204
-3.77107
-3.76945
-3.77301
-3.77301
-3.77236
-3.77235
-3.77299
-3.77396
-3.77331
-3.77428
-3.77397
-3.77365
-3.77495
-3.77721
-3.7785
-3.78012
-3.77915
-3.77333
