2.09854
2.08682
2.06976
2.05502
2.04914
2.05502
2.07168
2.09483
2.11832
2.13622
2.14516
2.14586
2.14248
2.1399
2.14011
2.14202
2.14388
2.14485
2.14371
2.13735
2.12289
2.10132
2.07823
2.06078
2.05371
2.0565
2.06447
2.07276
2.07954
2.08586
2.09395
2.10508
2.11863
2.1326
2.14446
2.1523
2.15515
2.15283
2.1458
2.13521
2.12327
2.11332
2.1089
2.1121
2.12232
2.13642
2.15029
2.16034
2.16427
2.16098
2.15042
2.13357
2.11346
2.09599
2.08796
2.09234
2.1049
2.11666
2.11945
2.11007
2.09091
2.06772
2.0463
2.02991
2.01967
2.0165
2.02192
2.03703
2.05987
2.08436
2.10237
2.10738
2.09817
2.07994
2.06232
2.05401
2.0582
2.07198
2.09013
2.10845
2.12441
2.13571
2.1391
2.1308
2.10752
2.06791
2.01404
1.95267
1.89521
1.85518
1.84294
1.85999
1.89785
1.94335
1.98588
2.02143
2.0521
2.08175
2.11122
2.13623
