1.39903
1.39121
1.37984
1.37001
1.36609
1.37001
1.38112
1.39655
1.41222
1.42415
1.4301
1.43057
1.42832
1.4266
1.42674
1.42801
1.42926
1.4299
1.42914
1.4249
1.41526
1.40088
1.38548
1.37385
1.36914
1.371
1.37631
1.38184
1.38636
1.39057
1.39597
1.40338
1.41242
1.42173
1.42964
1.43487
1.43677
1.43522
1.43054
1.42348
1.41551
1.40888
1.40593
1.40807
1.41488
1.42428
1.43353
1.44023
1.44285
1.44065
1.43362
1.42238
1.40898
1.39732
1.39198
1.39489
1.40327
1.4111
1.41297
1.40671
1.39394
1.37848
1.3642
1.35327
1.34645
1.34433
1.34795
1.35802
1.37324
1.38958
1.40158
1.40492
1.39878
1.38663
1.37488
1.36934
1.37213
1.38132
1.39342
1.40564
1.41627
1.42381
1.42607
1.42053
1.40501
1.37861
1.3427
1.30178
1.26347
1.23679
1.22862
1.23999
1.26523
1.29557
1.32392
1.34762
1.36806
1.38783
1.40748
1.42415
