-3.81099
-3.81261
-3.81098
-3.81195
-3.81486
-3.81258
-3.81064
-3.80967
-3.8087
-3.80806
-3.80838
-3.80644
-3.80709
-3.80903
-3.80968
-3.80838
-3.80838
-3.81097
-3.81388
-3.81518
-3.81388
-3.81453
-3.81291
-3.81421
-3.81421
-3.8113
-3.81032
-3.80741
-3.80741
-3.80741
-3.80903
-3.80806
-3.80612
-3.80483
-3.80612
-3.80482
-3.80385
-3.8032
-3.80546
-3.8074
-3.80773
-3.80708
-3.80547
-3.80579
-3.80353
-3.80352
-3.80449
-3.80287
-3.80288
-3.80061
-3.79996
-3.80158
-3.80028
-3.80189
-3.80189
-3.80253
-3.80448
-3.80577
-3.80611
-3.80644
-3.80709
-3.80644
-3.8045
-3.8045
-3.80514
-3.80871
-3.80773
-3.80579
-3.80449
-3.80319
-3.80546
-3.80514
-3.80482
-3.8058
-3.80418
-3.80612
-3.80612
-3.80546
-3.80481
-3.80481
-3.80577
-3.80578
-3.80578
-3.80514
-3.80547
-3.8058
-3.80709
-3.80742
-3.80806
-3.80709
-3.80579
-3.80481
-3.80546
-3.80417
-3.80482
-3.80385
-3.80579
-3.80579
-3.80676
-3.80837
