-5.92353
-5.92176
-5.89735
-5.86044
-5.82082
-5.78328
-5.76101
-5.75625
-5.76549
-5.78488
-5.81063
-5.83546
-5.86027
-5.88052
-5.89266
-5.89797
-5.9029
-5.91118
-5.92144
-5.93184
-5.94176
-5.9559
-5.96953
-5.98643
-6.00051
-6.00851
-6.01432
-6.01514
-6.01993
-6.03071
-6.04993
-6.06768
-6.0777
-6.07774
-6.07131
-6.05692
-6.04026
-6.0231
-6.01022
-6.00107
-5.99591
-5.99393
-5.99032
-5.98215
-5.96182
-5.93611
-5.90897
-5.88076
-5.855
-5.82375
-5.78786
-5.74883
-5.70617
-5.67272
-5.6516
-5.65136
-5.67504
-5.71805
-5.7726
-5.82938
-5.879
-5.91325
-5.93018
-5.93577
-5.93398
-5.93159
-5.9228
-5.91146
-5.90082
-5.89337
-5.89488
-5.89853
-5.90309
-5.90421
-5.89257
-5.87107
-5.83497
-5.79117
-5.74982
-5.72263
-5.71883
-5.73979
-5.78325
-5.84034
-5.9022
-5.95826
-6.0028
-6.03081
-6.04385
-6.0427
-6.03311
-6.0213
-6.01335
-6.0073
-6.00465
-5.99725
-5.98631
-5.96713
-5.94564
-5.92518
