2.11254
2.10916
2.08637
2.04849
2.00596
1.97069
1.95037
1.94658
1.95679
1.97682
2.00225
2.02901
2.05318
2.07149
2.08299
2.08959
2.09452
2.10021
2.10756
2.11666
2.12787
2.14137
2.15662
2.17223
2.1863
2.19721
2.20399
2.20773
2.21252
2.2233
2.2409
2.25962
2.27158
2.27291
2.2652
2.2521
2.23642
2.2199
2.20476
2.19366
2.18818
2.18685
2.18485
2.17635
2.1583
2.13259
2.10447
2.07789
2.05212
2.02314
1.9879
1.94725
1.90589
1.87083
1.84971
1.84882
1.87056
1.91227
1.96649
2.02294
2.07191
2.10681
2.12568
2.13127
2.12884
2.12288
2.11506
2.10567
2.09633
2.09017
2.08942
2.09339
2.09826
2.09841
2.08839
2.06495
2.02886
1.98571
1.94501
1.91783
1.91306
1.93401
1.97747
2.0352
2.09673
2.15247
2.1957
2.2234
2.23579
2.23561
2.22732
2.21649
2.20789
2.20313
2.19984
2.1934
2.18051
2.16134
2.13888
2.11681
