1.40836
1.40611
1.39091
1.36566
1.33731
1.31379
1.30025
1.29772
1.30453
1.31788
1.33483
1.35268
1.36879
1.38099
1.38866
1.39306
1.39635
1.40014
1.40504
1.41111
1.41858
1.42758
1.43775
1.44815
1.45753
1.46481
1.46933
1.47182
1.47501
1.4822
1.49393
1.50641
1.51439
1.51528
1.51013
1.5014
1.49094
1.47993
1.46984
1.46244
1.45879
1.4579
1.45657
1.4509
1.43887
1.42173
1.40298
1.38526
1.36808
1.34876
1.32526
1.29817
1.27059
1.24722
1.23314
1.23255
1.24704
1.27485
1.31099
1.34863
1.38127
1.40454
1.41712
1.42085
1.41923
1.41525
1.41004
1.40378
1.39755
1.39345
1.39294
1.39559
1.39884
1.39894
1.39226
1.37663
1.35257
1.3238
1.29668
1.27855
1.27537
1.28934
1.31831
1.3568
1.39782
1.43498
1.4638
1.48226
1.49053
1.49041
1.48488
1.47766
1.47193
1.46875
1.46656
1.46227
1.45368
1.44089
1.42592
1.41121
