2.08237
2.0693
2.06216
2.05903
2.05512
2.04408
2.02066
1.98431
1.94129
1.90347
1.88314
1.88634
1.9097
1.94324
1.97664
2.00412
2.0269
2.05136
2.08272
2.11879
2.15161
2.17408
2.18351
2.18074
2.16828
2.14926
2.12655
2.10214
2.0775
2.05461
2.03635
2.02542
2.02271
2.02723
2.0377
2.05375
2.07543
2.10139
2.12803
2.15058
2.16544
2.17175
2.17086
2.16446
2.15297
2.13483
2.10843
2.07493
2.0384
2.00336
1.9731
1.95032
1.93727
1.93441
1.9403
1.9535
1.97354
1.99975
2.0297
2.05976
2.08539
2.10089
2.1015
2.08602
2.05719
2.01997
1.98028
1.94408
1.9165
1.90114
1.89948
1.91031
1.92983
1.95276
1.97411
1.99124
2.00519
2.01999
2.03992
2.06726
2.10221
2.14296
2.18515
2.22313
2.25265
2.2727
2.28573
2.29548
2.30422
2.31139
2.31392
2.30728
2.28676
2.24954
2.19684
2.135
2.07398
2.02396
1.99191
1.98096
