-3.82552
-3.82714
-3.82747
-3.82779
-3.82586
-3.82651
-3.82489
-3.82619
-3.82456
-3.8252
-3.82617
-3.82844
-3.8278
-3.82586
-3.82716
-3.82781
-3.83007
-3.82877
-3.82812
-3.82845
-3.82748
-3.82716
-3.82651
-3.82553
-3.82683
-3.82618
-3.8265
-3.82424
-3.82456
-3.82326
-3.82197
-3.82197
-3.82132
-3.81938
-3.81873
-3.81808
-3.8184
-3.81938
-3.82424
-3.82489
-3.82392
-3.82359
-3.8223
-3.82456
-3.82748
-3.82716
-3.82748
-3.82715
-3.82747
-3.82618
-3.8265
-3.82714
-3.82747
-3.82585
-3.82585
-3.82294
-3.82359
-3.82391
-3.82424
-3.82359
-3.82456
-3.8236
-3.82392
-3.82618
-3.82488
-3.82326
-3.82261
-3.8239
-3.82293
-3.82422
-3.82746
-3.82779
-3.82746
-3.82553
-3.82553
-3.82553
-3.8239
-3.82487
-3.82228
-3.82196
-3.82164
-3.82034
-3.82002
-3.82132
-3.82132
-3.82099
-3.82001
-3.8226
-3.82325
-3.82163
-3.82293
-3.82358
-3.8252
-3.82455
-3.82422
-3.82292
-3.82389
-3.82194
-3.82065
-3.82
