-5.90789
-5.89644
-5.88962
-5.88682
-5.88098
-5.87059
-5.84555
-5.8105
-5.76585
-5.72866
-5.70931
-5.71477
-5.73749
-5.7691
-5.8038
-5.83192
-5.85697
-5.88013
-5.91084
-5.94724
-5.9791
-6.00123
-6.01002
-6.00628
-5.99511
-5.97544
-5.95305
-5.92637
-5.90206
-5.87787
-5.85831
-5.84738
-5.84403
-5.84661
-5.85642
-5.87183
-5.89383
-5.92077
-5.95226
-5.97547
-5.98936
-5.99534
-5.99316
-5.98902
-5.98045
-5.96199
-5.93591
-5.90208
-5.86587
-5.82953
-5.79959
-5.77746
-5.76474
-5.76026
-5.76615
-5.77643
-5.79713
-5.82366
-5.85394
-5.88335
-5.90995
-5.92448
-5.92542
-5.91221
-5.88208
-5.84323
-5.80289
-5.76798
-5.73943
-5.72537
-5.72694
-5.7381
-5.75729
-5.77828
-5.79963
-5.81677
-5.82909
-5.84486
-5.86221
-5.88922
-5.92384
-5.9633
-6.00517
-6.04445
-6.07397
-6.09369
-6.10574
-6.11808
-6.12747
-6.13302
-6.13685
-6.13086
-6.11196
-6.07409
-6.02107
-5.95792
-5.89787
-5.8459
-5.81256
-5.80096
