1.38825
1.37953
1.37477
1.37269
1.37008
1.36272
1.34711
1.32287
1.29419
1.26898
1.25543
1.25756
1.27313
1.2955
1.31776
1.33608
1.35127
1.36757
1.38848
1.41253
1.43441
1.44938
1.45567
1.45383
1.44552
1.43284
1.4177
1.40143
1.385
1.36974
1.35757
1.35028
1.34847
1.35149
1.35846
1.36917
1.38362
1.40093
1.41868
1.43372
1.44363
1.44783
1.44724
1.44297
1.43531
1.42322
1.40562
1.38329
1.35893
1.33557
1.3154
1.30021
1.29151
1.28961
1.29353
1.30233
1.31569
1.33316
1.35313
1.37317
1.39026
1.40059
1.401
1.39068
1.37146
1.34664
1.32019
1.29606
1.27767
1.26743
1.26632
1.27354
1.28655
1.30184
1.31607
1.32749
1.33679
1.34666
1.35995
1.37817
1.40147
1.42864
1.45677
1.48209
1.50177
1.51513
1.52382
1.53032
1.53614
1.54093
1.54261
1.53819
1.52451
1.49969
1.46456
1.42333
1.38265
1.3493
1.32794
1.32064
