-3.70299
-3.70397
-3.70268
-3.69977
-3.70107
-3.70398
-3.70236
-3.70204
-3.70495
-3.70398
-3.7056
-3.7043
-3.70494
-3.7059
-3.70461
-3.70428
-3.70332
-3.70462
-3.70495
-3.70463
-3.70431
-3.70463
-3.7056
-3.70624
-3.70754
-3.70916
-3.70689
-3.70721
-3.70883
-3.70916
-3.7098
-3.70916
-3.71077
-3.70754
-3.70721
-3.70786
-3.70689
-3.70592
-3.70495
-3.70463
-3.7043
-3.7043
-3.70172
-3.70204
-3.70301
-3.70268
-3.70203
-3.70203
-3.70235
-3.70235
-3.7043
-3.70463
-3.70139
-3.70237
-3.70334
-3.70399
-3.70496
-3.704
-3.70334
-3.70269
-3.70398
-3.70463
-3.70366
-3.70398
-3.70527
-3.70366
-3.70139
-3.70074
-3.70172
-3.70009
-3.70171
-3.70301
-3.70301
-3.70301
-3.70236
-3.70171
-3.70106
-3.70463
-3.70365
-3.70269
-3.70269
-3.70204
-3.70204
-3.70172
-3.70366
-3.70398
-3.703
-3.703
-3.70365
-3.70301
-3.70269
-3.7014
-3.70108
-3.70431
-3.70269
-3.70237
-3.7014
-3.70238
-3.70303
-3.70432
