2.10777
2.1282
2.15421
2.17812
2.19434
2.201
2.19876
2.18787
2.16614
2.13031
2.07957
2.01843
1.95642
1.90547
1.8766
1.87579
1.9017
1.94665
1.99962
2.05001
2.09074
2.11949
2.13765
2.1481
2.15228
2.15007
2.14174
2.12923
2.11531
2.10144
2.0879
2.07551
2.06659
2.06377
2.06804
2.07814
2.09139
2.10547
2.11867
2.12961
2.13703
2.13929
2.13402
2.119
2.09432
2.06484
2.0397
2.02817
2.03466
2.05793
2.09448
2.1413
2.1951
2.25062
2.30094
2.33925
2.3606
2.36233
2.34414
2.30962
2.26682
2.22484
2.18768
2.15453
2.12549
2.10317
2.0891
2.08135
2.07693
2.07527
2.07837
2.08775
2.10208
2.11743
2.13005
2.13867
2.1448
2.15071
2.15731
2.16311
2.16509
2.1604
2.14769
2.12753
2.10258
2.07783
2.06012
2.05582
2.06777
2.09328
2.12533
2.15648
2.18228
2.2021
2.21696
2.22647
2.2276
2.21581
2.18822
2.14719
