-5.81076
-5.83217
-5.85689
-5.87789
-5.89541
-5.90497
-5.90112
-5.8899
-5.87109
-5.83429
-5.78517
-5.72273
-5.66136
-5.61138
-5.5812
-5.58008
-5.60502
-5.65127
-5.70457
-5.75464
-5.79505
-5.82412
-5.84325
-5.85435
-5.85982
-5.85923
-5.84863
-5.83644
-5.82414
-5.81059
-5.7977
-5.78466
-5.77737
-5.7713
-5.77525
-5.786
-5.79828
-5.81139
-5.82362
-5.83424
-5.84133
-5.8436
-5.83574
-5.82104
-5.79733
-5.76752
-5.74173
-5.73019
-5.73701
-5.76028
-5.79877
-5.84593
-5.89649
-5.95299
-6.00428
-6.04324
-6.06556
-6.06632
-6.04749
-6.01231
-5.97081
-5.92947
-5.89134
-5.85851
-5.83076
-5.80683
-5.79049
-5.78209
-5.77864
-5.77537
-5.78008
-5.79075
-5.80509
-5.82045
-5.83241
-5.84038
-5.84587
-5.85534
-5.86097
-5.8658
-5.86778
-5.86244
-5.84974
-5.82925
-5.80623
-5.78181
-5.76312
-5.75882
-5.77142
-5.79629
-5.82802
-5.85788
-5.88336
-5.90641
-5.91965
-5.92885
-5.929
-5.91819
-5.89125
-5.85151
