1.40518
1.4188
1.43614
1.45208
1.46289
1.46733
1.46584
1.45858
1.44409
1.4202
1.38638
1.34562
1.30428
1.27031
1.25106
1.25053
1.2678
1.29777
1.33308
1.36667
1.39383
1.41299
1.4251
1.43207
1.43485
1.43338
1.42783
1.41949
1.4102
1.40096
1.39193
1.38367
1.37773
1.37584
1.37869
1.38543
1.39426
1.40365
1.41245
1.41974
1.42469
1.4262
1.42268
1.41266
1.39621
1.37656
1.3598
1.35211
1.35644
1.37195
1.39632
1.42753
1.4634
1.50042
1.53396
1.5595
1.57373
1.57488
1.56276
1.53975
1.51122
1.48323
1.45845
1.43636
1.41699
1.40212
1.39273
1.38757
1.38462
1.38352
1.38558
1.39183
1.40139
1.41162
1.42003
1.42578
1.42987
1.43381
1.43821
1.44207
1.44339
1.44027
1.4318
1.41835
1.40172
1.38522
1.37341
1.37054
1.37851
1.39552
1.41689
1.43765
1.45485
1.46807
1.47797
1.48432
1.48506
1.47721
1.45881
1.43146
