2.08387
2.04406
1.98427
1.90979
1.82741
1.74469
1.66873
1.60517
1.55756
1.52676
1.51146
1.50917
1.51684
1.53087
1.54691
1.56064
1.5691
1.57193
1.57102
1.56911
1.56854
1.57094
1.57749
1.58904
1.60544
1.62515
1.64532
1.66271
1.67469
1.68082
1.68328
1.68573
1.69116
1.70065
1.71327
1.72607
1.7348
1.73531
1.72535
1.7057
1.67987
1.65284
1.62922
1.61183
1.60147
1.59736
1.59762
1.59981
1.6018
1.60264
1.60337
1.60591
1.61069
1.61524
1.61646
1.61408
1.61194
1.61553
1.62863
1.65122
1.6802
1.71119
1.74063
1.76629
1.78682
1.80132
1.80951
1.81249
1.81266
1.81208
1.81028
1.80365
1.78725
1.7573
1.71303
1.65787
1.59989
1.54982
1.51738
1.50746
1.5192
1.54703
1.5828
1.61802
1.64558
1.66067
1.66116
1.64764
1.62393
1.59693
1.57477
1.56353
1.56485
1.57614
1.59288
1.61082
1.62776
1.64418
1.6628
1.68684
