-6.66512
-6.62368
-6.56357
-6.48844
-6.40476
-6.31945
-6.24154
-6.17733
-6.13166
-6.10119
-6.0846
-6.08167
-6.08966
-6.10498
-6.12103
-6.13767
-6.14775
-6.14961
-6.14773
-6.14678
-6.14686
-6.1512
-6.15711
-6.16866
-6.18668
-6.2038
-6.22397
-6.24071
-6.25335
-6.25883
-6.26193
-6.26211
-6.26754
-6.27833
-6.29095
-6.30408
-6.31378
-6.31364
-6.3053
-6.2863
-6.26338
-6.23311
-6.20786
-6.18756
-6.17914
-6.17374
-6.17433
-6.17717
-6.18046
-6.17903
-6.17976
-6.18166
-6.18612
-6.19261
-6.1948
-6.18918
-6.18639
-6.19031
-6.20405
-6.22535
-6.254
-6.28564
-6.31509
-6.34236
-6.36159
-6.37771
-6.38525
-6.39115
-6.39358
-6.39073
-6.38764
-6.38264
-6.36689
-6.33661
-6.29136
-6.23718
-6.17984
-6.12944
-6.09505
-6.08384
-6.09526
-6.12375
-6.15758
-6.19215
-6.2223
-6.23643
-6.23918
-6.22631
-6.20227
-6.17624
-6.15408
-6.14186
-6.14318
-6.15318
-6.1696
-6.18689
-6.20318
-6.21993
-6.23984
-6.26226
