-4.58125
-4.57963
-4.5793
-4.57865
-4.57735
-4.57476
-4.57281
-4.57216
-4.5741
-4.57443
-4.57314
-4.57249
-4.57282
-4.57412
-4.57412
-4.57703
-4.57865
-4.57768
-4.57671
-4.57768
-4.57832
-4.58026
-4.57962
-4.57962
-4.58124
-4.57865
-4.57865
-4.57801
-4.57865
-4.57801
-4.57865
-4.57638
-4.57638
-4.57768
-4.57768
-4.578
-4.57898
-4.57833
-4.57995
-4.58059
-4.58351
-4.58026
-4.57865
-4.57573
-4.57768
-4.57638
-4.57671
-4.57736
-4.57866
-4.57639
-4.57639
-4.57574
-4.57542
-4.57737
-4.57834
-4.5751
-4.57445
-4.57477
-4.57542
-4.57412
-4.5738
-4.57445
-4.57445
-4.57607
-4.57477
-4.57639
-4.57575
-4.57866
-4.58092
-4.57865
-4.57736
-4.57898
-4.57963
-4.57931
-4.57834
-4.57931
-4.57995
-4.57962
-4.57767
-4.57638
-4.57606
-4.57672
-4.57478
-4.57413
-4.57673
-4.57576
-4.57802
-4.57867
-4.57834
-4.5793
-4.5793
-4.57833
-4.57833
-4.57704
-4.57672
-4.57607
-4.57542
-4.57575
-4.57704
-4.57542
