1.38925
1.3627
1.32285
1.2732
1.21827
1.16313
1.11249
1.07011
1.03837
1.01784
1.00764
1.00612
1.01123
1.02058
1.03127
1.04042
1.04607
1.04795
1.04735
1.04607
1.04569
1.04729
1.05166
1.05936
1.0703
1.08343
1.09688
1.10847
1.11646
1.12055
1.12219
1.12382
1.12744
1.13377
1.14218
1.15072
1.15653
1.15687
1.15023
1.13713
1.11991
1.1019
1.08614
1.07455
1.06764
1.0649
1.06508
1.06654
1.06787
1.06843
1.06892
1.07061
1.07379
1.07683
1.07764
1.07605
1.07463
1.07702
1.08575
1.10082
1.12013
1.14079
1.16042
1.17753
1.19121
1.20088
1.20634
1.20833
1.20844
1.20805
1.20685
1.20243
1.1915
1.17153
1.14202
1.10525
1.06659
1.03322
1.01159
1.00498
1.0128
1.03136
1.0552
1.07868
1.09705
1.10712
1.10744
1.09843
1.08262
1.06462
1.04985
1.04235
1.04323
1.05076
1.06192
1.07388
1.08517
1.09612
1.10853
1.12456
