2.12801
2.15205
2.16627
2.1649
2.14284
2.09802
2.03284
1.95513
1.87719
1.81204
1.76792
1.74516
1.73743
1.73631
1.73607
1.73536
1.73635
1.74279
1.75815
1.78431
1.82052
1.86329
1.90718
1.94612
1.97453
1.98817
1.98497
1.96523
1.93109
1.8862
1.83607
1.78794
1.74958
1.727
1.72258
1.73497
1.7609
1.79768
1.84376
1.89738
1.95485
2.00982
2.05526
2.08616
2.10132
2.10338
2.09709
2.08645
2.07183
2.05018
2.01883
1.98054
1.94369
1.91676
1.90297
1.9005
1.90558
1.91452
1.92455
1.93339
1.93826
1.93574
1.92292
1.89927
1.86759
1.83345
1.80311
1.78129
1.76925
1.76358
1.75779
1.74717
1.73282
1.72153
1.72162
1.73786
1.76994
1.81434
1.86721
1.92538
1.98569
2.04351
2.0923
2.12496
2.13646
2.12486
2.09169
2.04195
1.98376
1.92738
1.88216
1.85343
1.84082
1.83961
1.84391
1.84937
1.85397
1.85683
1.85704
1.85431
