-6.29222
-6.31594
-6.33243
-6.33074
-6.31062
-6.26839
-6.20224
-6.12451
-6.04559
-5.98142
-5.9373
-5.91486
-5.90584
-5.90603
-5.90611
-5.90604
-5.90606
-5.91088
-5.92722
-5.95337
-5.98764
-6.02976
-6.07495
-6.11228
-6.14393
-6.1566
-6.15534
-6.13528
-6.10179
-6.05656
-6.00319
-5.95571
-5.91669
-5.89379
-5.88872
-5.90112
-5.92834
-5.96448
-6.01023
-6.06321
-6.11906
-6.17339
-6.21851
-6.25103
-6.26619
-6.26986
-6.26292
-6.25261
-6.23605
-6.21441
-6.17949
-6.14282
-6.10725
-6.08
-6.06815
-6.06471
-6.07108
-6.07841
-6.08844
-6.09728
-6.10312
-6.10158
-6.09103
-6.06737
-6.03536
-6.00024
-5.9699
-5.94614
-5.93378
-5.92585
-5.92103
-5.90976
-5.89509
-5.88315
-5.88549
-5.90205
-5.93316
-5.97951
-6.03173
-6.09056
-6.15022
-6.20708
-6.25651
-6.28854
-6.30003
-6.29134
-6.25979
-6.21005
-6.15217
-6.09805
-6.05024
-6.01957
-6.00535
-6.00446
-6.00908
-6.01487
-6.01818
-6.01942
-6.0219
-6.02046
