-4.16421
-4.16389
-4.16616
-4.16584
-4.16778
-4.17037
-4.1694
-4.16939
-4.16841
-4.16937
-4.16938
-4.16971
-4.16842
-4.16972
-4.17004
-4.17069
-4.16971
-4.16809
-4.16906
-4.16906
-4.16712
-4.16648
-4.16778
-4.16616
-4.1694
-4.16843
-4.17037
-4.17005
-4.17069
-4.17036
-4.16712
-4.16776
-4.16711
-4.16679
-4.16614
-4.16615
-4.16745
-4.1668
-4.16647
-4.16583
-4.16421
-4.16357
-4.16325
-4.16487
-4.16487
-4.16648
-4.16583
-4.16616
-4.16422
-4.16422
-4.16066
-4.16227
-4.16356
-4.16324
-4.16518
-4.16421
-4.16551
-4.16389
-4.16389
-4.16389
-4.16487
-4.16584
-4.1681
-4.1681
-4.16777
-4.1668
-4.16679
-4.16485
-4.16453
-4.16227
-4.16324
-4.16259
-4.16227
-4.16161
-4.16387
-4.1642
-4.16323
-4.16517
-4.16453
-4.16518
-4.16453
-4.16357
-4.16422
-4.16357
-4.16357
-4.16648
-4.1681
-4.16809
-4.16841
-4.17067
-4.16808
-4.16614
-4.16452
-4.16485
-4.16518
-4.1655
-4.16421
-4.16259
-4.16485
-4.16615
