1.41868
1.4347
1.44418
1.44327
1.42856
1.39868
1.35523
1.30342
1.25146
1.20803
1.17861
1.16344
1.15829
1.15754
1.15738
1.1569
1.15756
1.16186
1.1721
1.18954
1.21368
1.24219
1.27145
1.29741
1.31636
1.32544
1.32331
1.31015
1.2874
1.25747
1.22405
1.19196
1.16639
1.15133
1.14839
1.15665
1.17393
1.19845
1.22917
1.26492
1.30323
1.33988
1.37017
1.39077
1.40088
1.40225
1.39806
1.39097
1.38122
1.36679
1.34589
1.32036
1.29579
1.27784
1.26865
1.267
1.27038
1.27634
1.28304
1.28893
1.29217
1.2905
1.28195
1.26618
1.24506
1.2223
1.20207
1.18753
1.1795
1.17572
1.17186
1.16478
1.15522
1.14769
1.14775
1.15857
1.17996
1.20956
1.2448
1.28359
1.32379
1.36234
1.39486
1.41664
1.42431
1.41657
1.39446
1.3613
1.32251
1.28492
1.25477
1.23562
1.22722
1.2264
1.22927
1.23291
1.23598
1.23788
1.23803
1.23621
