2.09232
2.07935
2.06652
2.05853
2.05761
2.06211
2.06714
2.0668
2.05651
2.03432
2.00138
1.96187
1.92168
1.88687
1.86244
1.8522
1.85847
1.88124
1.91702
1.959
1.99955
2.03271
2.05559
2.06807
2.07154
2.06862
2.06328
2.06042
2.06387
2.07365
2.08468
2.08872
2.07839
2.05089
2.00973
1.9629
1.91972
1.88846
1.87641
1.88827
1.92298
1.97236
2.02505
2.07187
2.10813
2.1319
2.14106
2.1329
2.10573
2.06075
2.00317
1.94165
1.88692
1.84924
1.83503
1.84396
1.8697
1.90381
1.93936
1.97241
2.0017
2.02741
2.05003
2.06998
2.08786
2.10444
2.1196
2.13149
2.13703
2.13379
2.12248
2.10699
2.09156
2.07937
2.07344
2.07659
2.08921
2.10772
2.12566
2.13637
2.1352
2.12149
2.09945
2.07771
2.06595
2.06989
2.08704
2.10738
2.1191
2.11456
2.09171
2.05189
1.99708
1.93029
1.8583
1.79335
1.75048
1.74058
1.76589
1.82089
