-6.01009
-5.99713
-5.98494
-5.9776
-5.977
-5.97956
-5.98654
-5.98653
-5.97786
-5.9534
-5.9211
-5.87933
-5.83913
-5.80626
-5.78313
-5.77321
-5.77916
-5.80388
-5.83933
-5.88099
-5.9209
-5.956
-5.97759
-5.98975
-5.99418
-5.98932
-5.98203
-5.97982
-5.9823
-5.99402
-6.00473
-6.0091
-5.99844
-5.96932
-5.92977
-5.88521
-5.84202
-5.80947
-5.79644
-5.80895
-5.84366
-5.89304
-5.94704
-5.99095
-6.02592
-6.05066
-6.06144
-6.05329
-6.02514
-5.98146
-5.92355
-5.86169
-5.80826
-5.77154
-5.7528
-5.76109
-5.7878
-5.82062
-5.8578
-5.8902
-5.91981
-5.94649
-5.96977
-5.98971
-6.00856
-6.02676
-6.03966
-6.05252
-6.06
-6.05353
-6.04124
-6.02607
-6.01162
-6.00039
-5.99285
-5.99697
-6.00926
-6.02875
-6.0467
-6.05967
-6.05623
-6.04349
-6.01918
-5.99647
-5.98535
-5.98832
-6.00547
-6.02647
-6.03691
-6.03366
-6.01437
-5.97358
-5.922
-5.85262
-5.77965
-5.71502
-5.67246
-5.66192
-5.68529
-5.74192
