-3.91778
-3.91778
-3.91842
-3.91907
-3.91939
-3.91745
-3.9194
-3.91973
-3.92135
-3.91908
-3.91973
-3.91746
-3.91746
-3.9194
-3.92069
-3.92101
-3.92069
-3.92263
-3.92231
-3.922
-3.92135
-3.92329
-3.922
-3.92167
-3.92264
-3.9207
-3.91875
-3.9194
-3.91842
-3.92037
-3.92005
-3.92037
-3.92005
-3.91843
-3.92005
-3.92231
-3.92231
-3.92101
-3.92003
-3.92068
-3.92068
-3.92069
-3.92199
-3.91908
-3.91779
-3.91876
-3.92038
-3.92038
-3.91941
-3.9207
-3.92038
-3.92005
-3.92133
-3.9223
-3.91777
-3.91713
-3.9181
-3.91681
-3.91844
-3.91779
-3.91811
-3.91908
-3.91973
-3.91973
-3.9207
-3.92232
-3.92006
-3.92103
-3.92298
-3.91974
-3.91876
-3.91908
-3.92005
-3.92102
-3.91941
-3.92038
-3.92005
-3.92103
-3.92103
-3.9233
-3.92103
-3.922
-3.91973
-3.91876
-3.9194
-3.91843
-3.91844
-3.91909
-3.9178
-3.9191
-3.92266
-3.92169
-3.92492
-3.92233
-3.92135
-3.92167
-3.92198
-3.92133
-3.9194
-3.92102
