1.39488
1.38624
1.37768
1.37236
1.37174
1.37474
1.37809
1.37787
1.37101
1.35621
1.33425
1.30791
1.28112
1.25791
1.24163
1.2348
1.23898
1.25416
1.27801
1.306
1.33303
1.35514
1.37039
1.37872
1.38102
1.37908
1.37552
1.37361
1.37592
1.38243
1.38979
1.39248
1.38559
1.36726
1.33982
1.3086
1.27981
1.25897
1.25094
1.25885
1.28199
1.3149
1.35003
1.38124
1.40542
1.42127
1.42737
1.42194
1.40382
1.37383
1.33545
1.29443
1.25795
1.23283
1.22336
1.22931
1.24647
1.26921
1.29291
1.31494
1.33447
1.3516
1.36669
1.37999
1.39191
1.40296
1.41307
1.42099
1.42468
1.42253
1.41499
1.40466
1.39438
1.38625
1.38229
1.3844
1.39281
1.40515
1.41711
1.42425
1.42346
1.41432
1.39963
1.38514
1.3773
1.37993
1.39136
1.40492
1.41274
1.40971
1.39448
1.36793
1.33138
1.28686
1.23886
1.19557
1.16699
1.16039
1.17726
1.21393
