2.17135
2.24282
2.29907
2.33344
2.34678
2.34546
2.33737
2.32816
2.31986
2.31137
2.30015
2.28408
2.26201
2.23355
2.19778
2.15432
2.10665
2.06378
2.0352
2.02254
2.01727
2.00771
1.9875
1.95935
1.934
1.92504
1.94212
1.9856
2.04594
2.10792
2.1573
2.18641
2.19605
2.19311
2.18594
2.17962
2.17438
2.16792
2.15962
2.15164
2.14634
2.14324
2.13993
2.13588
2.13412
2.13896
2.15172
2.16924
2.18691
2.202
2.21487
2.2274
2.2404
2.25224
2.25911
2.25718
2.2448
2.22434
2.20167
2.18349
2.1736
2.17189
2.17646
2.18583
2.19905
2.21522
2.23289
2.25023
2.26528
2.27545
2.27661
2.26361
2.23259
2.18445
2.12614
2.06846
2.02185
1.99339
1.98559
1.99617
2.01872
2.04514
2.06916
2.09003
2.11267
2.14183
2.17454
2.2004
2.20917
2.19704
2.1674
2.12897
2.0922
2.06528
2.05154
2.04924
2.0541
2.06267
2.07463
2.09176
