-5.8181
-5.8886
-5.94583
-5.97858
-5.99191
-5.99253
-5.98346
-5.97393
-5.96499
-5.95844
-5.94658
-5.93051
-5.90778
-5.87867
-5.84388
-5.80042
-5.75145
-5.70922
-5.68096
-5.66701
-5.66304
-5.65479
-5.63523
-5.60675
-5.57977
-5.5695
-5.58756
-5.63234
-5.69269
-5.75436
-5.80277
-5.83122
-5.84184
-5.83727
-5.83171
-5.82443
-5.81757
-5.80981
-5.80313
-5.7945
-5.79018
-5.78805
-5.78474
-5.77907
-5.77893
-5.78474
-5.79879
-5.81826
-5.83593
-5.8494
-5.86292
-5.87545
-5.88877
-5.89705
-5.90361
-5.90167
-5.89188
-5.87142
-5.85037
-5.83089
-5.81938
-5.81896
-5.82321
-5.83226
-5.84581
-5.86166
-5.879
-5.89828
-5.9114
-5.92092
-5.92176
-5.90714
-5.87774
-5.8296
-5.77291
-5.71424
-5.66828
-5.63917
-5.63169
-5.64357
-5.66742
-5.69222
-5.7143
-5.73451
-5.75683
-5.7876
-5.81838
-5.84683
-5.85496
-5.84315
-5.81383
-5.7754
-5.73797
-5.7104
-5.69472
-5.69242
-5.69535
-5.70262
-5.71911
-5.73397
