-3.64675
-3.64579
-3.64676
-3.64514
-3.64513
-3.64707
-3.6461
-3.64577
-3.64512
-3.64707
-3.64642
-3.64642
-3.64578
-3.64513
-3.6461
-3.6461
-3.6448
-3.64544
-3.64576
-3.64448
-3.64578
-3.64708
-3.64773
-3.6474
-3.64577
-3.64447
-3.64544
-3.64674
-3.64675
-3.64643
-3.64547
-3.64482
-3.64579
-3.64416
-3.64577
-3.6448
-3.64319
-3.64189
-3.64351
-3.64286
-3.64383
-3.64481
-3.64481
-3.64319
-3.64481
-3.64578
-3.64707
-3.64902
-3.64902
-3.6474
-3.64804
-3.64804
-3.64837
-3.64481
-3.64449
-3.64449
-3.64708
-3.64708
-3.64869
-3.6474
-3.64578
-3.64708
-3.64675
-3.64643
-3.64675
-3.64643
-3.64611
-3.64805
-3.64612
-3.64547
-3.64515
-3.64354
-3.64515
-3.64515
-3.64676
-3.64579
-3.64643
-3.64578
-3.6461
-3.6474
-3.6487
-3.64708
-3.64514
-3.64448
-3.64416
-3.64578
-3.64384
-3.64643
-3.64579
-3.64611
-3.64643
-3.64642
-3.64577
-3.64512
-3.64318
-3.64318
-3.64124
-3.63995
-3.64448
-3.64221
