1.44756
1.49521
1.53271
1.55563
1.56452
1.56364
1.55824
1.55211
1.54658
1.54091
1.53344
1.52272
1.508
1.48903
1.46519
1.43621
1.40443
1.37585
1.3568
1.34836
1.34484
1.33847
1.325
1.30623
1.28933
1.28336
1.29475
1.32374
1.36396
1.40528
1.4382
1.4576
1.46404
1.46208
1.45729
1.45308
1.44959
1.44528
1.43975
1.43443
1.4309
1.42883
1.42662
1.42392
1.42275
1.42597
1.43448
1.44616
1.45794
1.468
1.47658
1.48493
1.4936
1.50149
1.50608
1.50478
1.49653
1.48289
1.46778
1.45566
1.44906
1.44792
1.45097
1.45722
1.46604
1.47682
1.48859
1.50015
1.51019
1.51697
1.51774
1.50907
1.48839
1.4563
1.41743
1.37897
1.3479
1.32893
1.32373
1.33078
1.34582
1.36343
1.37944
1.39335
1.40845
1.42789
1.44969
1.46693
1.47278
1.46469
1.44493
1.41931
1.3948
1.37685
1.3677
1.36616
1.3694
1.37511
1.38309
1.39451
