2.12103
2.14327
2.15847
2.16271
2.15927
2.15711
2.16487
2.18477
2.21178
2.23814
2.25893
2.27491
2.29094
2.31268
2.34256
2.3775
2.41009
2.43287
2.44178
2.43508
2.41029
2.36393
2.29705
2.22135
2.15736
2.12166
2.11705
2.13498
2.16326
2.19134
2.2143
2.23417
2.25506
2.2744
2.28186
2.26746
2.22773
2.16639
2.09237
2.01748
1.95395
1.91153
1.89527
1.90557
1.93967
1.99342
2.06094
2.13357
2.19995
2.24933
2.27615
2.28415
2.28602
2.29359
2.30476
2.306
2.28704
2.24737
2.19349
2.13444
2.07941
2.03596
2.00836
1.99699
1.99917
2.01151
2.03146
2.05755
2.08797
2.11953
2.14805
2.17007
2.18399
2.19018
2.19082
2.18966
2.1907
2.1963
2.20611
2.21733
2.22558
2.22596
2.21451
2.19018
2.15677
2.12314
2.10108
2.10096
2.12669
2.17217
2.22396
2.26781
2.29408
2.2994
2.28555
2.25814
2.2251
2.19519
2.17581
2.17077
