-5.7545
-5.77869
-5.79356
-5.79747
-5.79468
-5.79348
-5.80124
-5.82082
-5.84622
-5.8716
-5.89142
-5.90772
-5.92602
-5.9471
-5.97763
-6.01226
-6.04583
-6.06602
-6.07234
-6.06726
-6.04312
-5.99838
-5.9302
-5.85708
-5.79145
-5.75704
-5.75374
-5.77167
-5.79802
-5.82739
-5.85068
-5.87022
-5.89112
-5.91046
-5.91825
-5.90613
-5.86671
-5.80634
-5.73361
-5.65904
-5.5968
-5.55308
-5.53618
-5.54453
-5.57702
-5.62979
-5.69894
-5.77125
-5.83666
-5.88735
-5.91643
-5.92636
-5.92758
-5.93256
-5.94342
-5.945
-5.92797
-5.88668
-5.83344
-5.77503
-5.71935
-5.67298
-5.64571
-5.63239
-5.63491
-5.64562
-5.66655
-5.69588
-5.72792
-5.75948
-5.79028
-5.81359
-5.82621
-5.83305
-5.83434
-5.83318
-5.8326
-5.83754
-5.84477
-5.85761
-5.86425
-5.86593
-5.85156
-5.82917
-5.79381
-5.75888
-5.73617
-5.73734
-5.76048
-5.80662
-5.85971
-5.90033
-5.92886
-5.93354
-5.91871
-5.89001
-5.85794
-5.83093
-5.80993
-5.80554
