-3.63347
-3.63542
-3.63509
-3.63477
-3.63541
-3.63637
-3.63637
-3.63605
-3.63443
-3.63347
-3.63249
-3.63281
-3.63508
-3.63443
-3.63508
-3.63476
-3.63573
-3.63315
-3.63056
-3.63218
-3.63283
-3.63445
-3.63315
-3.63572
-3.63409
-3.63538
-3.63669
-3.63669
-3.63476
-3.63606
-3.63638
-3.63605
-3.63605
-3.63606
-3.63639
-3.63866
-3.63898
-3.63995
-3.64124
-3.64155
-3.64285
-3.64155
-3.6409
-3.63896
-3.63734
-3.63638
-3.638
-3.63768
-3.63672
-3.63802
-3.64028
-3.64222
-3.64156
-3.63897
-3.63866
-3.63899
-3.64093
-3.63931
-3.63995
-3.64059
-3.63994
-3.63703
-3.63735
-3.63541
-3.63573
-3.63412
-3.63509
-3.63833
-3.63995
-3.63995
-3.64222
-3.64352
-3.64222
-3.64287
-3.64352
-3.64351
-3.64189
-3.64124
-3.63866
-3.64028
-3.63867
-3.63997
-3.63705
-3.63899
-3.63704
-3.63574
-3.63509
-3.63638
-3.63379
-3.63445
-3.63575
-3.63252
-3.63479
-3.63414
-3.63317
-3.63187
-3.63283
-3.63574
-3.63412
-3.63477
