1.41402
1.42885
1.43898
1.4418
1.43952
1.43808
1.44325
1.45651
1.47452
1.49209
1.50595
1.5166
1.52729
1.54178
1.5617
1.585
1.60673
1.62192
1.62786
1.62339
1.60686
1.57596
1.53137
1.4809
1.43824
1.41444
1.41137
1.42332
1.44217
1.46089
1.4762
1.48945
1.50338
1.51627
1.52124
1.51164
1.48515
1.44426
1.39492
1.34499
1.30263
1.27435
1.26352
1.27038
1.29312
1.32895
1.37396
1.42238
1.46663
1.49955
1.51744
1.52276
1.52401
1.52906
1.53651
1.53734
1.52469
1.49825
1.46233
1.42296
1.38628
1.3573
1.33891
1.33132
1.33278
1.341
1.35431
1.3717
1.39198
1.41302
1.43204
1.44671
1.45599
1.46012
1.46055
1.45978
1.46047
1.4642
1.47074
1.47822
1.48372
1.48397
1.47634
1.46012
1.43785
1.41542
1.40072
1.40064
1.41779
1.44811
1.48264
1.51187
1.52938
1.53293
1.5237
1.50543
1.4834
1.46346
1.45054
1.44718
