2.10821
2.12398
2.13727
2.13896
2.12319
2.08898
2.04124
1.98964
1.94505
1.91586
1.90677
1.91825
1.94547
1.97874
2.0075
2.02581
2.03639
2.04918
2.07199
2.10304
2.13469
2.15944
2.17174
2.16883
2.15293
2.13168
2.11508
2.11085
2.12288
2.1516
2.19399
2.24386
2.29306
2.33155
2.34922
2.34028
2.3055
2.25041
2.18216
2.10832
2.03785
1.9827
1.95562
1.96303
1.99857
2.04558
2.08722
2.11522
2.1311
2.14121
2.15077
2.16163
2.17315
2.18323
2.18862
2.18588
2.17238
2.14723
2.11213
2.0722
2.03579
2.01303
2.01335
2.04199
2.09719
2.16981
2.24677
2.31549
2.36633
2.39328
2.39393
2.36935
2.32409
2.26556
2.20257
2.14342
2.09459
2.06005
2.03977
2.02925
2.02194
2.01388
2.00657
2.00639
2.02058
2.05196
2.09626
2.14388
2.18427
2.21001
2.21813
2.20918
2.18627
2.15644
2.13264
2.12886
2.15058
2.19155
2.2392
2.28055
