-5.81459
-5.83135
-5.84302
-5.84277
-5.82506
-5.79635
-5.74634
-5.69506
-5.64916
-5.61965
-5.61283
-5.62334
-5.64959
-5.68255
-5.71293
-5.7348
-5.7444
-5.75719
-5.78032
-5.80976
-5.84206
-5.86747
-5.87911
-5.87912
-5.86128
-5.84196
-5.82762
-5.82404
-5.83574
-5.86156
-5.9007
-5.9522
-6.00141
-6.03861
-6.05304
-6.04507
-6.01255
-5.95649
-5.88759
-5.81439
-5.74651
-5.69199
-5.66588
-5.67492
-5.71111
-5.75911
-5.80205
-5.83069
-5.84721
-5.85312
-5.86008
-5.86997
-5.88279
-5.89125
-5.89729
-5.89325
-5.88105
-5.85461
-5.81821
-5.77893
-5.7438
-5.72233
-5.72394
-5.75323
-5.80585
-5.88009
-5.95771
-6.02579
-6.07501
-6.10358
-6.10519
-6.07964
-6.03082
-5.97002
-5.908
-5.84495
-5.79743
-5.76223
-5.73872
-5.72853
-5.72089
-5.71154
-5.70552
-5.70534
-5.7205
-5.75252
-5.79618
-5.8451
-5.88518
-5.91253
-5.92163
-5.91333
-5.89138
-5.86349
-5.83936
-5.83752
-5.85827
-5.8973
-5.94626
-5.98729
