-3.70639
-3.70737
-3.70575
-3.70381
-3.70187
-3.70737
-3.7051
-3.70542
-3.70412
-3.70379
-3.70606
-3.70509
-3.70413
-3.70381
-3.70543
-3.70899
-3.70801
-3.70801
-3.70833
-3.70672
-3.70737
-3.70802
-3.70738
-3.71029
-3.70834
-3.71028
-3.71254
-3.71319
-3.71287
-3.70995
-3.70672
-3.70834
-3.70835
-3.70706
-3.70382
-3.70479
-3.70705
-3.70608
-3.70543
-3.70607
-3.70866
-3.7093
-3.71026
-3.71189
-3.71255
-3.71353
-3.71483
-3.71547
-3.71611
-3.7119
-3.70931
-3.70834
-3.70964
-3.70802
-3.70867
-3.70737
-3.70867
-3.70738
-3.70608
-3.70673
-3.70801
-3.7093
-3.7106
-3.71124
-3.70866
-3.71028
-3.71094
-3.71029
-3.70868
-3.7103
-3.71127
-3.71029
-3.70673
-3.70446
-3.70542
-3.70154
-3.70283
-3.70218
-3.69895
-3.69928
-3.69896
-3.69766
-3.69895
-3.69894
-3.69991
-3.70056
-3.69992
-3.70122
-3.70091
-3.70252
-3.7035
-3.70414
-3.70511
-3.70705
-3.70672
-3.70866
-3.70769
-3.70576
-3.70706
-3.70674
