1.40547
1.41599
1.42485
1.42597
1.41546
1.39265
1.36083
1.32643
1.2967
1.27724
1.27118
1.27883
1.29698
1.31916
1.33833
1.35054
1.35759
1.36612
1.38132
1.40203
1.42313
1.43963
1.44782
1.44589
1.43529
1.42112
1.41005
1.40723
1.41525
1.4344
1.46266
1.49591
1.52871
1.55437
1.56615
1.56018
1.537
1.50027
1.45477
1.40554
1.35857
1.3218
1.30375
1.30869
1.33238
1.36372
1.39148
1.41015
1.42073
1.42748
1.43385
1.44109
1.44877
1.45549
1.45908
1.45725
1.44825
1.43149
1.40809
1.38147
1.35719
1.34202
1.34223
1.36133
1.39813
1.44654
1.49785
1.54366
1.57756
1.59552
1.59595
1.57957
1.5494
1.51038
1.46838
1.42894
1.3964
1.37337
1.35984
1.35283
1.34796
1.34259
1.33771
1.33759
1.34706
1.36797
1.39751
1.42925
1.45618
1.47334
1.47875
1.47279
1.45751
1.43763
1.42176
1.41924
1.43372
1.46103
1.4928
1.52037
