2.10759
2.06223
1.87571
1.67717
1.82936
2.11132
2.28025
2.31822
2.24992
2.29221
2.4817
2.61592
2.65061
2.60263
2.49644
2.39164
2.34469
2.3312
2.30287
2.24066
2.14565
2.04667
1.99446
2.00826
2.05876
2.11466
2.16009
2.18358
2.17501
2.12977
2.05465
1.96916
1.89375
1.83407
1.78512
1.7435
1.70848
1.67881
1.65267
1.6291
1.60853
1.59148
1.57878
1.57394
1.58396
1.61485
1.66551
1.72728
1.78904
1.84251
1.88442
1.91611
1.9421
1.96812
1.99954
2.04069
2.09394
2.15692
2.22073
2.27279
2.30169
2.30136
2.27342
2.22771
2.17954
2.14067
2.11034
2.0782
2.03749
1.99226
1.954
1.93292
1.93108
1.9421
1.95712
1.97148
1.98715
2.00909
2.0385
2.06944
2.0928
2.10245
2.09787
2.08275
2.06289
2.04552
2.03785
2.04326
2.05725
2.06952
2.07196
2.06503
2.05657
2.05529
2.06573
2.0872
2.11471
2.14027
2.15485
2.15052
