-5.99782
-5.95354
-5.7683
-5.56976
-5.72282
-6.00458
-6.17383
-6.21311
-6.14271
-6.18529
-6.37622
-6.51626
-6.55125
-6.50552
-6.40221
-6.29899
-6.25238
-6.23957
-6.20833
-6.14515
-6.04884
-5.94723
-5.89468
-5.90915
-5.95772
-6.01395
-6.06133
-6.08547
-6.07723
-6.03069
-5.95361
-5.86552
-5.79075
-5.73204
-5.68147
-5.63856
-5.6003
-5.57129
-5.54514
-5.52222
-5.50035
-5.48622
-5.47319
-5.46932
-5.47933
-5.51022
-5.56283
-5.62428
-5.68507
-5.74243
-5.78532
-5.81506
-5.84169
-5.86577
-5.89686
-5.93671
-5.99062
-6.05554
-6.12034
-6.17434
-6.20389
-6.20033
-6.17077
-6.1244
-6.07719
-6.03864
-6.00767
-5.97456
-5.93353
-5.88602
-5.84938
-5.82667
-5.82387
-5.83457
-5.84992
-5.86493
-5.87897
-5.90027
-5.93033
-5.96193
-5.9869
-5.99332
-5.98971
-5.97232
-5.95181
-5.9354
-5.92903
-5.93638
-5.95039
-5.96266
-5.9638
-5.95525
-5.94646
-5.9442
-5.95497
-5.97871
-6.00428
-6.03276
-6.04573
-6.03945
