-3.89023
-3.89131
-3.89258
-3.89259
-3.89346
-3.89327
-3.89358
-3.89489
-3.89279
-3.89308
-3.89452
-3.90034
-3.90064
-3.90289
-3.90577
-3.90734
-3.90769
-3.90837
-3.90547
-3.90449
-3.90318
-3.90056
-3.90022
-3.90089
-3.89896
-3.89929
-3.90124
-3.90189
-3.90222
-3.90092
-3.89896
-3.89636
-3.897
-3.89798
-3.89636
-3.89506
-3.89183
-3.89247
-3.89247
-3.89312
-3.89183
-3.89474
-3.89441
-3.89538
-3.89537
-3.89538
-3.89732
-3.89701
-3.89604
-3.89993
-3.90089
-3.89895
-3.89959
-3.89765
-3.89732
-3.89602
-3.89667
-3.89862
-3.8996
-3.90155
-3.90221
-3.89897
-3.89734
-3.89668
-3.89765
-3.89797
-3.89733
-3.89637
-3.89604
-3.89376
-3.89537
-3.89375
-3.89279
-3.89247
-3.8928
-3.89345
-3.89182
-3.89118
-3.89183
-3.89248
-3.89411
-3.89087
-3.89184
-3.88957
-3.88892
-3.88989
-3.89118
-3.89313
-3.89314
-3.89314
-3.89184
-3.89022
-3.88989
-3.88891
-3.88924
-3.8915
-3.88957
-3.89249
-3.89088
-3.88894
