1.40506
1.37482
1.25048
1.11811
1.21957
1.40754
1.52017
1.54548
1.49994
1.52814
1.65447
1.74395
1.76707
1.73509
1.6643
1.59443
1.56313
1.55413
1.53525
1.49377
1.43044
1.36445
1.32964
1.33884
1.3725
1.40977
1.44006
1.45572
1.45001
1.41985
1.36976
1.31277
1.2625
1.22271
1.19008
1.16233
1.13899
1.11921
1.10178
1.08607
1.07235
1.06099
1.05252
1.04929
1.05597
1.07656
1.11034
1.15152
1.19269
1.22834
1.25628
1.27741
1.29473
1.31208
1.33302
1.36046
1.39596
1.43794
1.48049
1.51519
1.53446
1.53424
1.51562
1.48514
1.45303
1.42711
1.40689
1.38547
1.35833
1.32817
1.30267
1.28861
1.28739
1.29474
1.30475
1.31432
1.32476
1.33939
1.359
1.37963
1.3952
1.40163
1.39858
1.3885
1.37526
1.36368
1.35857
1.36217
1.3715
1.37968
1.3813
1.37669
1.37105
1.37019
1.37715
1.39147
1.40981
1.42684
1.43657
1.43368
