2.07441
2.03063
1.98454
1.95684
1.95567
1.97068
1.98823
2.00258
2.01397
2.02348
2.02989
2.02913
2.01608
1.98788
1.94637
1.89802
1.8517
1.8163
1.80108
1.81608
1.86467
1.93411
2.00272
2.05674
2.09494
2.12243
2.14478
2.16554
2.18566
2.20381
2.21634
2.21808
2.2043
2.17332
2.12787
2.07438
2.02139
1.97795
1.95119
1.94268
1.94792
1.959
1.96831
1.97194
1.97066
1.96835
1.96878
1.97351
1.98156
1.99027
1.99656
1.99744
1.99085
1.97656
1.95652
1.93482
1.91712
1.90947
1.91551
1.93457
1.96289
1.99638
2.03122
2.06306
2.08749
2.10151
2.10464
2.09896
2.0878
2.07379
2.05836
2.0424
2.02661
2.0121
2.00051
1.99321
1.99037
1.99092
1.99312
1.99577
1.99946
2.00787
2.02692
2.06092
2.10886
2.16367
2.21463
2.25083
2.26394
2.24983
2.20916
2.14697
2.07173
1.99463
1.92814
1.88345
1.86613
1.87346
1.89617
1.92342
