-6.01054
-5.96578
-5.92195
-5.89391
-5.89308
-5.90778
-5.92598
-5.9413
-5.95366
-5.96609
-5.97314
-5.97401
-5.96161
-5.93276
-5.89286
-5.84321
-5.79722
-5.76278
-5.74561
-5.7619
-5.80758
-5.8751
-5.94242
-5.99708
-6.0356
-6.06179
-6.08868
-6.10976
-6.13084
-6.14932
-6.16056
-6.16068
-6.14561
-6.11333
-6.06723
-6.01567
-5.96268
-5.91827
-5.89247
-5.88461
-5.88921
-5.89803
-5.90799
-5.91
-5.90774
-5.9077
-5.91007
-5.91707
-5.92512
-5.93286
-5.93948
-5.93971
-5.93441
-5.92142
-5.90138
-5.87968
-5.86068
-5.85173
-5.85615
-5.87392
-5.90223
-5.93573
-5.97219
-6.00436
-6.02878
-6.04475
-6.04853
-6.0409
-6.02877
-6.0167
-6.0003
-5.98239
-5.96596
-5.94853
-5.93565
-5.92771
-5.92584
-5.92606
-5.92924
-5.93383
-5.93525
-5.94559
-5.96691
-6.00124
-6.0508
-6.10432
-6.15497
-6.18956
-6.20364
-6.19115
-6.15113
-6.09022
-6.0166
-5.93884
-5.87267
-5.82637
-5.80807
-5.81477
-5.8404
-5.86376
