-3.93613
-3.93515
-3.93741
-3.93708
-3.93741
-3.93709
-3.93775
-3.93872
-3.93969
-3.9426
-3.94325
-3.94487
-3.94552
-3.94487
-3.94649
-3.94519
-3.94551
-3.94648
-3.94453
-3.94582
-3.94292
-3.94099
-3.9397
-3.94034
-3.94066
-3.93936
-3.94389
-3.94421
-3.94518
-3.94551
-3.94421
-3.9426
-3.9413
-3.94001
-3.93936
-3.94129
-3.94129
-3.94031
-3.94128
-3.94193
-3.94129
-3.93903
-3.93968
-3.93806
-3.93709
-3.93935
-3.94129
-3.94356
-3.94356
-3.94259
-3.94292
-3.94227
-3.94357
-3.94486
-3.94486
-3.94486
-3.94356
-3.94226
-3.94064
-3.93935
-3.93935
-3.93935
-3.94097
-3.9413
-3.94129
-3.94324
-3.94389
-3.94194
-3.94097
-3.94291
-3.94194
-3.94
-3.93935
-3.93643
-3.93514
-3.93449
-3.93547
-3.93514
-3.93612
-3.93806
-3.93579
-3.93773
-3.93999
-3.94032
-3.94194
-3.94065
-3.94034
-3.93872
-3.9397
-3.94132
-3.94196
-3.94325
-3.94487
-3.94422
-3.94453
-3.94291
-3.94194
-3.9413
-3.94423
-3.94035
