1.38294
1.35375
1.32303
1.30456
1.30378
1.31379
1.32549
1.33506
1.34265
1.34899
1.35326
1.35276
1.34406
1.32526
1.29758
1.26535
1.23447
1.21087
1.20072
1.21072
1.24311
1.28941
1.33515
1.37116
1.39663
1.41495
1.42986
1.44369
1.45711
1.46921
1.47756
1.47872
1.46954
1.44888
1.41858
1.38292
1.3476
1.31864
1.30079
1.29512
1.29861
1.306
1.31221
1.31463
1.31377
1.31223
1.31252
1.31567
1.32104
1.32684
1.33104
1.33163
1.32723
1.3177
1.30435
1.28988
1.27808
1.27298
1.27701
1.28971
1.30859
1.33092
1.35414
1.37537
1.39166
1.40101
1.40309
1.39931
1.39187
1.38253
1.37224
1.3616
1.35107
1.3414
1.33367
1.32881
1.32692
1.32728
1.32875
1.33051
1.33297
1.33858
1.35128
1.37395
1.40591
1.44244
1.47642
1.50056
1.50929
1.49989
1.47277
1.43131
1.38115
1.32975
1.28542
1.25564
1.24409
1.24897
1.26411
1.28228
