2.12105
2.13007
2.12394
2.10244
2.06887
2.03122
2.00029
1.9855
1.9909
2.01376
2.04701
2.08283
2.11431
2.13556
2.14153
2.12962
2.10206
2.06708
2.03707
2.0236
2.03162
2.0568
2.08838
2.11542
2.13272
2.14296
2.15273
2.16484
2.17523
2.17767
2.17104
2.16191
2.15828
2.15983
2.15739
2.14239
2.11456
2.08208
2.05638
2.046
2.05312
2.07379
2.10063
2.12604
2.14452
2.15376
2.1545
2.14946
2.1419
2.13442
2.12833
2.12359
2.11976
2.11694
2.11475
2.11082
2.10186
2.08778
2.07483
2.07317
2.08753
2.11038
2.12683
2.12451
2.09979
2.05964
2.02035
2.00121
2.01409
2.05601
2.10991
2.15465
2.17596
2.17119
2.14751
2.11791
2.09716
2.09755
2.12406
2.17182
2.22849
2.28001
2.31531
2.32787
2.31528
2.27961
2.22769
2.17014
2.11862
2.08124
2.05957
2.04944
2.04525
2.04441
2.04829
2.05928
2.07697
2.09781
2.11758
2.13393
