-5.88489
-5.89651
-5.89037
-5.87016
-5.83788
-5.79958
-5.76734
-5.75287
-5.75666
-5.78049
-5.81408
-5.8486
-5.87976
-5.90036
-5.90795
-5.89443
-5.86557
-5.83058
-5.80153
-5.78676
-5.79414
-5.81932
-5.85253
-5.87892
-5.89687
-5.90452
-5.91816
-5.9306
-5.94165
-5.94247
-5.93616
-5.92638
-5.92243
-5.92495
-5.92478
-5.91107
-5.88163
-5.84817
-5.82149
-5.81208
-5.81921
-5.84214
-5.86737
-5.89181
-5.90803
-5.91467
-5.91606
-5.91166
-5.90215
-5.89436
-5.89248
-5.8887
-5.88488
-5.88367
-5.88116
-5.87723
-5.86698
-5.85452
-5.84188
-5.83828
-5.85362
-5.87712
-5.89359
-5.89321
-5.86719
-5.82638
-5.78643
-5.76825
-5.78082
-5.82404
-5.87828
-5.92141
-5.93981
-5.936
-5.91425
-5.88141
-5.85839
-5.86071
-5.88885
-5.93889
-5.99589
-6.04676
-6.08239
-6.09561
-6.08333
-6.04669
-5.99444
-5.93429
-5.8873
-5.84928
-5.82696
-5.81489
-5.81135
-5.80954
-5.81439
-5.82667
-5.84437
-5.86327
-5.88433
-5.90068
