-3.76384
-3.76643
-3.76643
-3.76772
-3.76901
-3.76836
-3.76706
-3.76737
-3.76576
-3.76674
-3.76706
-3.76577
-3.76545
-3.76481
-3.76643
-3.76481
-3.76351
-3.7635
-3.76446
-3.76316
-3.76251
-3.76252
-3.76415
-3.7635
-3.76415
-3.76155
-3.76544
-3.76576
-3.76642
-3.7648
-3.76512
-3.76447
-3.76415
-3.76512
-3.76739
-3.76869
-3.76706
-3.76608
-3.76511
-3.76608
-3.76608
-3.76835
-3.76674
-3.76577
-3.7635
-3.76091
-3.76156
-3.7622
-3.76026
-3.75993
-3.76414
-3.76511
-3.76511
-3.76673
-3.76641
-3.76641
-3.76512
-3.76674
-3.76705
-3.76511
-3.76608
-3.76674
-3.76675
-3.7687
-3.7674
-3.76674
-3.76608
-3.76705
-3.76673
-3.76803
-3.76837
-3.76676
-3.76385
-3.76481
-3.76675
-3.7635
-3.76122
-3.76316
-3.76479
-3.76706
-3.76739
-3.76676
-3.76708
-3.76773
-3.76806
-3.76708
-3.76675
-3.76415
-3.76868
-3.76804
-3.76739
-3.76545
-3.7661
-3.76513
-3.7661
-3.76739
-3.7674
-3.76546
-3.76675
-3.76675
