1.41403
1.42005
1.41596
1.40163
1.37925
1.35415
1.33352
1.32367
1.32726
1.34251
1.36467
1.38855
1.40954
1.4237
1.42768
1.41975
1.40137
1.37806
1.35805
1.34907
1.35442
1.3712
1.39225
1.41028
1.42181
1.42864
1.43515
1.44323
1.45016
1.45178
1.44736
1.44127
1.43885
1.43989
1.43826
1.42826
1.40971
1.38805
1.37092
1.364
1.36875
1.38253
1.40042
1.41736
1.42968
1.43584
1.43634
1.43297
1.42793
1.42295
1.41889
1.41573
1.41318
1.41129
1.40984
1.40721
1.40124
1.39185
1.38322
1.38211
1.39169
1.40692
1.41789
1.41634
1.39986
1.37309
1.3469
1.33414
1.34273
1.37067
1.40661
1.43643
1.45064
1.44746
1.43167
1.41194
1.39811
1.39837
1.41604
1.44788
1.48566
1.52
1.54354
1.55191
1.54352
1.51974
1.48513
1.44676
1.41241
1.38749
1.37304
1.36629
1.3635
1.36294
1.36552
1.37285
1.38465
1.39854
1.41172
1.42262
