-0.499645   0.343588   0.0949579
-0.295552   -0.498416   0.0698805
-0.499604   0.484562   0.254777
-0.310343   0.319776   0.229875
-0.131909   0.341387   0.0595828
0.00586485   -0.487768   0.0592995
-0.164066   0.496206   0.255992
0.0269155   0.330895   0.221159
0.162747   0.35834   0.0680666
0.338895   -0.490784   0.0785815
0.174346   -0.495334   0.244414
0.322188   0.33304   0.217294
0.49283   -0.359277   0.0645642
-0.329196   -0.171212   0.064175
-0.492784   -0.195686   0.224426
-0.333019   -0.349447   0.223735
-0.147022   -0.331354   0.0640228
0.0105862   -0.179087   0.0582815
-0.173381   -0.154459   0.220531
-0.00959696   -0.348764   0.241633
0.172877   -0.340988   0.0510971
0.347315   -0.183674   0.041453
0.168667   -0.168806   0.227799
0.329386   -0.330626   0.241558
-0.488005   -0.0242126   0.0692609
-0.331634   0.161308   0.0682239
0.476788   0.158534   0.229745
-0.350237   0.0172708   0.229084
-0.161856   0.00808668   0.0609275
0.0229399   0.169749   0.0582205
-0.141512   0.178117   0.232208
0.0239965   0.00973215   0.244112
0.171823   -0.0186211   0.0797928
0.330373   0.170136   0.0728522
0.172521   0.156176   0.238219
0.345352   -0.00947026   0.223994
0.492646   0.327402   0.397647
-0.329993   0.492289   0.395793
-0.478059   0.486487   -0.424007
-0.303546   0.311907   -0.419412
-0.156028   0.335092   0.400051
-0.0033944   -0.494565   0.419525
-0.157688   -0.4889   -0.435643
-0.00689825   0.319802   -0.402514
0.168544   0.345946   0.397966
0.346381   -0.491958   0.425329
0.165384   0.490268   -0.438043
0.320223   0.317723   -0.431652
-0.499302   -0.354152   0.390516
-0.346731   -0.169875   0.390554
-0.485085   -0.162642   -0.431596
-0.337285   -0.329869   -0.445244
-0.17513   -0.329744   0.392309
0.0030627   -0.177456   0.376743
-0.1562   -0.168145   -0.441736
0.00943677   -0.32063   -0.453967
0.166021   -0.328148   0.391982
0.353203   -0.166933   0.394293
0.178312   -0.177396   -0.444256
0.346338   -0.325535   -0.426046
-0.49715   0.0102494   0.396431
-0.324852   0.159477   0.381951
0.498451   0.18513   -0.427039
-0.330328   0.0102126   -0.45852
-0.157957   -0.0029223   0.397272
-0.001305   0.169653   0.392417
-0.165662   0.160243   -0.42756
0.0301241   -0.0345589   -0.45262
0.194064   0.00870287   0.406659
0.320825   0.179626   0.411808
0.150222   0.158832   -0.433568
0.331199   0.0152292   -0.425623
0.498919   0.333947   -0.252338
-0.334061   0.480469   -0.263062
-0.499771   0.474323   -0.0799751
-0.317607   0.321864   -0.0884447
-0.154895   0.354219   -0.255809
0.0252201   -0.498129   -0.268923
-0.135825   -0.49062   -0.10937
0.00474346   0.324376   -0.116725
0.18394   0.343987   -0.253291
0.343532   0.482736   -0.28982
0.160512   -0.497377   -0.0988201
0.317404   0.313051   -0.0808005
-0.49102   -0.353455   -0.262992
-0.322181   -0.170722   -0.278485
-0.497361   -0.175677   -0.110919
-0.318613   -0.347643   -0.0986972
-0.137916   -0.334412   -0.279375
0.00612401   -0.161557   -0.268486
-0.179881   -0.180706   -0.0912527
-2.69313e-05   -0.326191   -0.0998667
0.170766   -0.3365   -0.270335
0.354511   -0.166369   -0.266
0.17918   -0.170164   -0.122632
0.351162   -0.349481   -0.120832
0.48526   0.00494085   -0.250997
-0.319865   0.133353   -0.256792
-0.498195   0.155478   -0.101238
-0.337456   -0.00511516   -0.0891997
-0.159139   -0.0060657   -0.264191
-0.0132441   0.142908   -0.267993
-0.169157   0.151017   -0.107417
0.00323387   -0.0148264   -0.10057
0.167027   0.00146199   -0.277345
0.348952   0.171384   -0.264608
0.155939   0.16071   -0.116845
0.307987   0.00565302   -0.112523
