-3.98495
-3.68386
-3.35212
-2.76779
-2.76623
-2.14
-1.93551
-1.85498
-1.22989
-1.192
-1.18167
-1.19665
-1.50168
-1.31351
-1.16253
-0.482202
-0.601027
-0.42868
0.0703163
0.441383
0.0591664
0.109628
-0.111692
-0.196626
-0.364349
-0.0373272
-0.0544994
-0.0489744
-0.328009
-0.626832
-0.387992
-0.249327
-0.444941
-0.191287
-0.656463
-0.316396
-0.277623
-0.317736
-0.360041
-0.408307
-0.653986
-0.30163
-0.368699
-0.501927
-0.719618
-0.573205
-0.467272
-0.703807
-0.495808
-0.164268
-0.530355
-0.869097
-0.733036
-0.857604
-0.818245
-0.771185
-1.31019
-1.00388
-1.0153
-0.426808
-0.350271
-0.157536
-0.0521264
-0.356141
0.0801687
-0.0958323
0.0155932
-0.0357979
-0.00419391
-0.124195
-0.158802
0.0639459
0.182131
-0.107556
-0.0909202
0.45879
0.4173
-0.565181
-0.586357
-0.41596
-0.402181
-0.506864
-0.382967
-0.110887
0.0705427
0.333545
-0.141237
-0.224725
0.169582
0.0717069
0.262954
0.155431
-0.0441075
-0.168605
-0.474973
-0.49729
-0.206572
-0.342977
-0.158586
-0.819314
-0.589154
-0.789158
-0.759616
-0.565376
-0.767979
-0.866703
-0.78713
-0.664181
-0.282097
-0.185484
-0.114433
-0.371553
-0.622901
0.0406903
-0.193643
-0.427958
-0.38799
-0.503716
-0.424867
-0.271665
-0.0522813
-0.11467
0.299303
0.349249
0.689529
0.517869
0.261804
0.544056
0.677879
0.171667
0.214505
0.198584
0.339956
-0.224924
0.260485
0.512653
0.499156
0.559647
1.03735
1.38215
0.989171
1.0405
0.710781
0.600261
0.735391
1.00275
0.824228
0.729368
0.651767
0.568699
0.936538
0.965231
0.824788
0.7226
0.468809
0.353094
0.845383
0.612865
1.26034
1.29472
1.08061
0.895288
1.05385
0.449867
0.236332
0.261149
0.144438
0.273274
0.08601
0.354098
0.508443
0.64158
0.292509
0.700122
0.699124
0.684822
1.08898
0.768733
0.370789
0.479628
0.457631
0.28393
0.637647
0.664525
0.538221
0.570008
0.960439
0.760279
0.923062
1.2522
1.37967
1.2101
0.945231
0.656774
0.613791
0.596662
1.09824
0.775437
0.399334
0.564491
0.895607
0.80605
0.659887
0.602671
0.327954
0.305686
0.026899
0.534279
0.727546
0.891583
0.983265
0.803445
0.88993
1.28855
1.62758
1.44118
1.15456
1.47241
1.0686
0.821354
0.566793
0.356401
0.344809
0.422031
0.344824
0.670613
0.920995
1.35728
1.38725
1.46377
1.27658
1.14419
1.18211
1.26794
1.08329
0.768083
1.14726
1.38992
1.37755
1.28536
0.653625
0.389927
0.531485
0.332564
0.733617
0.679627
1.25512
0.972234
1.04371
1.22389
1.62251
1.57425
1.21116
0.764822
0.428523
0.611636
0.69026
1.07469
0.987487
0.541132
0.369839
0.391648
0.846012
1.45538
1.35564
1.26116
1.06745
1.14658
0.965076
1.15652
1.24547
1.06805
0.830579
0.904408
0.974412
0.720971
0.715735
0.670493
1.29123
0.927371
1.05772
1.30283
1.35111
1.07895
0.89283
1.09877
1.21143
1.18968
1.26614
1.27234
1.26868
1.53879
0.819988
1.07438
1.10792
1.29199
0.983761
1.0033
0.837413
0.745034
0.739692
0.777595
0.445601
1.31712
0.796163
0.696094
0.879426
0.803444
1.25662
0.788768
0.722145
0.914207
0.341357
0.546478
0.584473
0.7938
0.943935
0.867965
1.09823
1.20641
1.28585
1.10094
1.06475
1.34712
1.27424
1.40053
1.4887
0.990446
1.2287
1.24612
0.861009
0.672575
0.956737
1.18237
1.38895
1.73088
1.98966
1.93637
1.80211
1.25543
0.727307
1.17317
1.00281
1.27067
0.955718
0.868264
1.12405
1.1983
1.04605
0.871762
1.08337
1.0582
1.60047
1.88221
1.9077
1.71287
1.52996
1.54622
1.29388
1.15585
1.16322
1.32469
1.39363
1.18286
0.690043
0.853456
0.985439
0.885935
0.933789
1.18508
1.38819
1.2239
0.984284
0.884754
1.02805
0.766315
0.679138
0.93592
0.892826
1.35474
1.17013
1.07494
1.01685
1.07389
0.949508
0.775287
0.977295
1.1695
1.06534
1.29128
1.49799
1.44778
1.35086
1.69455
1.44526
1.34018
1.18487
1.41772
1.35995
1.18698
0.986094
1.00596
0.82572
0.996311
0.878275
1.1121
0.812505
0.814051
0.930503
0.640209
0.875015
0.73934
0.701412
0.773939
1.13742
0.884948
1.51851
1.17053
1.37381
1.16168
1.13838
0.757721
0.960945
1.12608
0.676624
0.991578
1.39834
1.22498
1.54484
1.60549
1.27931
1.4303
1.18462
1.09297
0.605455
0.538037
1.03198
0.854156
0.926059
0.832596
0.560571
0.394821
0.509611
0.470456
0.944684
0.753927
0.647
0.275184
0.570064
0.54982
0.717879
0.400921
0.586189
0.806334
0.548295
0.602551
0.698749
1.00615
0.63551
0.844756
0.708841
1.09222
1.03771
0.837532
0.493514
0.638173
0.379743
0.349282
0.675293
0.553183
0.405266
0.684532
0.695885
1.17238
0.908955
0.933031
0.734037
0.430046
0.768372
0.765564
1.11711
0.874172
0.858802
0.838691
1.20634
1.26382
1.05383
0.984396
1.01666
1.07919
0.845701
1.27828
1.49746
1.09136
1.00443
0.888182
0.558178
0.922972
1.06886
0.790208
0.838617
0.636502
0.963149
1.14108
1.10855
1.22967
1.28193
1.09463
1.1029
0.563486
0.897906
0.868488
0.848256
0.728941
1.0618
0.545076
0.552228
0.756051
1.1719
1.05216
0.852316
0.811164
1.0631
1.29996
0.803486
0.917392
0.651125
0.75783
0.726175
0.106094
0.120014
0.363171
0.449051
0.425468
0.723476
1.08474
0.437647
0.389171
0.531239
0.703637
0.93114
0.860317
0.833429
0.97353
0.963909
1.06022
1.12183
1.40194
1.60399
1.27852
1.20794
1.57678
1.52208
1.88727
2.19351
1.7285
1.6337
1.08806
1.12528
0.968256
1.03893
0.850719
0.502151
0.95505
1.19583
1.21247
1.54367
1.61106
2.1648
1.82318
1.96723
2.13734
2.39712
2.539
2.05348
2.26649
2.47762
2.15049
1.98061
1.23197
1.62447
2.01885
1.89232
1.78666
1.33613
1.70295
1.81921
2.0133
2.21368
1.68569
1.51616
1.56665
1.82018
1.53013
1.72051
1.65044
1.85476
1.8741
1.82401
1.74695
1.95343
1.83435
1.61855
1.3157
1.29505
1.22487
1.46874
1.5856
1.68551
1.4572
1.52341
1.30894
0.984984
1.2703
1.63932
1.70261
1.78173
1.63309
1.76662
1.76286
1.37328
1.0083
1.18546
1.23182
1.43361
1.32136
1.24198
1.63798
2.10941
1.70595
1.30697
1.67983
1.78032
1.56682
1.35498
1.18882
1.34373
1.33149
1.41811
1.09943
1.12942
1.38309
1.14711
1.23363
0.945903
1.17217
1.30388
1.18559
1.27221
1.21604
1.35082
1.58132
1.90388
1.79265
1.47684
1.53889
1.48338
1.32996
1.21325
1.28485
1.28452
1.06285
1.07004
0.932342
1.33772
1.10813
1.15825
0.947939
0.743948
1.29486
1.35478
0.955836
0.993809
0.644432
0.797459
0.858799
0.695153
0.794542
1.09041
0.92866
0.855648
0.761803
0.893118
1.10682
0.887501
0.654744
1.10999
1.05568
0.884353
0.787399
0.886458
0.929376
1.14366
1.27088
1.48146
1.73754
1.54382
1.43725
1.26249
1.26876
1.01993
1.17307
1.18691
1.12502
0.867402
0.8269
0.815818
0.943119
1.23955
1.26049
1.32204
1.25945
1.39814
1.41263
1.42846
1.14736
1.27908
1.28632
0.984538
1.04339
0.770631
0.952136
0.97085
1.2516
1.2706
0.887231
0.47067
0.634175
0.785168
1.17099
1.4086
1.5663
1.19496
0.780616
1.1988
1.07855
1.31205
1.47248
1.29562
1.49102
1.79611
1.76799
1.64314
1.82001
1.56735
1.73234
1.58868
1.34305
1.63676
1.568
2.13548
1.87007
2.20524
1.53228
1.58283
1.74845
1.75667
1.45296
1.25982
1.27928
0.8527
0.790145
1.28756
1.4114
1.09668
1.62646
1.29789
1.1673
1.29492
1.06348
0.800249
1.31254
0.87546
0.571392
0.587939
0.820333
1.11626
1.50916
1.43657
0.953085
0.953449
1.03695
1.1581
0.886646
1.23394
1.16288
0.757646
0.665205
0.521208
0.838191
0.556086
0.722103
0.874271
0.819632
0.933336
1.28852
1.1618
1.74206
1.45213
1.3167
1.58184
1.62628
1.2118
1.24369
1.26959
1.33469
1.18212
1.00373
0.899239
0.79854
1.18056
1.38014
1.50798
1.20366
1.0844
0.846411
1.018
0.892586
1.38563
1.4857
1.59658
1.41765
1.43232
1.71187
1.59603
1.71488
1.5006
1.69422
1.75801
2.00057
1.88538
1.78731
1.7223
2.47834
1.84449
1.55921
1.19374
1.30887
1.82095
1.95909
2.10771
1.84255
1.46307
1.62414
1.48486
2.3128
2.17449
2.01504
1.63882
1.42722
1.41098
1.14056
1.63415
1.54943
1.56639
1.20448
0.856108
1.03371
0.769688
0.989337
1.08866
1.04001
1.24886
1.13907
0.906963
1.06237
1.45513
1.34075
1.82125
1.84122
1.79623
2.04697
2.10857
1.6666
1.74571
1.93533
2.57486
2.47947
1.79742
1.9579
2.23396
2.31236
2.54468
2.34475
1.70047
1.84713
1.45698
1.29417
1.06916
0.799016
1.06814
0.975981
1.07286
1.17543
1.12178
1.22055
1.70604
1.91368
1.62134
1.6147
1.80577
1.55419
1.5829
1.46287
1.16805
1.24647
1.54131
1.35879
1.26284
1.73187
1.82893
2.00614
1.70312
1.80023
1.62871
1.65039
1.56544
1.97003
2.45398
2.89041
2.79042
2.9412
2.47872
2.82233
1.99116
1.83639
1.46078
1.59812
1.48995
1.64515
1.10512
1.13259
1.11431
1.19731
1.22888
1.28608
1.34464
1.89324
2.43439
2.10898
2.41724
1.98308
1.44953
1.17649
1.29018
1.30674
0.964723
0.879346
1.54496
1.39619
1.30132
1.1299
1.4462
1.44105
1.60401
1.66566
1.38592
1.59179
1.33886
1.22793
1.15137
1.35533
1.09527
1.47276
1.48696
0.979278
1.1871
1.60137
1.5984
1.16562
1.20778
1.18381
1.31781
1.22338
1.48889
1.50529
1.5697
0.900209
1.8086
1.49662
1.51645
1.50743
1.25436
1.41188
1.38611
1.4732
1.50411
1.57809
1.67185
1.42497
1.38436
1.67135
1.20558
1.22685
1.14822
1.02286
1.29546
1.41439
1.26294
1.16479
