-6.44644
-6.40181
-6.3506
-6.23367
-6.23702
-6.12198
-6.08492
-6.06169
-5.93381
-5.94295
-5.94384
-5.94318
-6.01988
-5.97064
-5.95761
-5.82155
-5.84151
-5.80995
-5.70108
-5.64131
-5.73502
-5.7252
-5.77253
-5.76972
-5.79172
-5.71282
-5.71841
-5.71746
-5.76733
-5.82635
-5.78792
-5.76709
-5.79384
-5.73674
-5.82864
-5.74731
-5.75719
-5.77414
-5.77687
-5.77541
-5.83373
-5.77303
-5.79506
-5.8075
-5.84358
-5.80133
-5.77151
-5.81018
-5.79021
-5.70931
-5.77221
-5.86346
-5.83067
-5.87619
-5.86785
-5.87015
-5.97997
-5.92075
-5.92817
-5.77817
-5.79022
-5.73841
-5.71893
-5.81727
-5.70937
-5.73932
-5.72336
-5.72553
-5.71756
-5.74022
-5.75806
-5.72179
-5.71259
-5.75613
-5.74765
-5.64787
-5.64329
-5.85495
-5.86495
-5.81037
-5.81763
-5.81613
-5.76579
-5.71288
-5.69618
-5.63549
-5.72956
-5.77148
-5.68923
-5.723
-5.67419
-5.67614
-5.71861
-5.75064
-5.81936
-5.84508
-5.77588
-5.8056
-5.75968
-5.93161
-5.87591
-5.90704
-5.90046
-5.86428
-5.89804
-5.91299
-5.88509
-5.86279
-5.77698
-5.75319
-5.74707
-5.79877
-5.83498
-5.69859
-5.76307
-5.80955
-5.79362
-5.82017
-5.80277
-5.78191
-5.73156
-5.77212
-5.69203
-5.66569
-5.59472
-5.6468
-5.68983
-5.64412
-5.62631
-5.72029
-5.71079
-5.72052
-5.6773
-5.82648
-5.70445
-5.63738
-5.63698
-5.62096
-5.53433
-5.44228
-5.53711
-5.50382
-5.61218
-5.63044
-5.59434
-5.53659
-5.58082
-5.60106
-5.62266
-5.6459
-5.56724
-5.55315
-5.56835
-5.57514
-5.62449
-5.67608
-5.56595
-5.63087
-5.50317
-5.50026
-5.52844
-5.55545
-5.51324
-5.65359
-5.6894
-5.67217
-5.71615
-5.69249
-5.74157
-5.69043
-5.64775
-5.60371
-5.68817
-5.61131
-5.59701
-5.58396
-5.48256
-5.56919
-5.64629
-5.6465
-5.64137
-5.67204
-5.59424
-5.59686
-5.62979
-5.63634
-5.54078
-5.58543
-5.55327
-5.46453
-5.43626
-5.48832
-5.55656
-5.61113
-5.6248
-5.62566
-5.52257
-5.58688
-5.66482
-5.62231
-5.55289
-5.55304
-5.60609
-5.62725
-5.68993
-5.68517
-5.7464
-5.6535
-5.61024
-5.57486
-5.54559
-5.60665
-5.59423
-5.48423
-5.42595
-5.46315
-5.52505
-5.4402
-5.54745
-5.60892
-5.669
-5.70698
-5.72392
-5.70052
-5.73023
-5.67582
-5.6126
-5.51732
-5.47688
-5.43606
-5.49107
-5.52837
-5.51687
-5.49333
-5.53668
-5.62615
-5.54448
-5.47108
-5.45851
-5.49147
-5.61312
-5.6619
-5.61972
-5.68485
-5.58462
-5.56976
-5.43533
-5.51256
-5.50784
-5.46953
-5.39939
-5.42769
-5.50245
-5.59423
-5.67208
-5.63752
-5.62072
-5.54547
-5.56149
-5.65036
-5.66754
-5.66365
-5.54905
-5.42014
-5.46612
-5.48556
-5.53007
-5.51234
-5.5524
-5.50735
-5.48767
-5.52421
-5.57173
-5.54607
-5.53012
-5.59309
-5.57171
-5.59366
-5.44694
-5.53399
-5.49931
-5.43172
-5.44438
-5.49904
-5.53596
-5.49457
-5.49549
-5.4682
-5.45195
-5.43654
-5.45619
-5.40103
-5.58183
-5.50957
-5.52127
-5.46218
-5.51787
-5.51323
-5.54617
-5.56292
-5.56785
-5.55147
-5.64698
-5.42853
-5.55853
-5.57983
-5.54942
-5.58479
-5.47329
-5.57646
-5.60837
-5.55554
-5.66477
-5.61926
-5.62023
-5.57988
-5.5433
-5.56638
-5.53179
-5.47215
-5.46539
-5.50593
-5.5234
-5.44619
-5.45934
-5.42556
-5.4267
-5.54006
-5.49812
-5.50423
-5.60134
-5.62874
-5.55871
-5.50417
-5.43282
-5.33589
-5.26446
-5.29817
-5.33036
-5.45045
-5.56942
-5.46461
-5.5028
-5.43292
-5.49766
-5.54388
-5.47335
-5.48942
-5.50887
-5.54793
-5.4905
-5.47979
-5.38996
-5.35236
-5.34688
-5.39687
-5.41586
-5.42021
-5.49284
-5.51893
-5.49837
-5.46865
-5.4342
-5.48437
-5.59752
-5.60316
-5.59031
-5.59137
-5.60157
-5.55661
-5.48961
-5.53622
-5.57657
-5.5865
-5.53003
-5.5916
-5.6372
-5.57709
-5.60628
-5.48209
-5.52696
-5.55292
-5.54858
-5.53268
-5.56373
-5.60475
-5.53385
-5.50524
-5.51515
-5.47791
-5.43584
-5.43811
-5.45244
-5.37431
-5.42904
-5.47536
-5.50751
-5.45453
-5.44822
-5.50971
-5.53543
-5.54533
-5.56659
-5.52994
-5.55999
-5.49663
-5.57182
-5.57374
-5.55126
-5.63635
-5.59879
-5.60985
-5.61239
-5.59278
-5.52438
-5.57139
-5.43051
-5.51155
-5.46265
-5.52749
-5.54041
-5.60681
-5.5538
-5.51706
-5.63276
-5.5601
-5.46824
-5.47633
-5.41309
-5.38746
-5.47279
-5.46187
-5.51771
-5.52747
-5.65369
-5.67149
-5.57299
-5.60419
-5.58717
-5.58834
-5.64507
-5.68039
-5.64242
-5.68322
-5.59797
-5.63536
-5.6488
-5.72306
-5.67215
-5.65855
-5.61673
-5.6896
-5.62136
-5.56555
-5.61471
-5.61194
-5.62821
-5.55586
-5.64356
-5.60209
-5.60812
-5.52841
-5.52366
-5.54242
-5.62973
-5.61085
-5.65867
-5.65636
-5.59047
-5.63588
-5.67555
-5.61568
-5.606
-5.53778
-5.58571
-5.56756
-5.61791
-5.67202
-5.60189
-5.60982
-5.53526
-5.56432
-5.55654
-5.57217
-5.49245
-5.49926
-5.56379
-5.58413
-5.58003
-5.54889
-5.58861
-5.498
-5.44976
-5.5567
-5.56249
-5.57735
-5.64638
-5.55453
-5.5247
-5.59183
-5.58437
-5.61979
-5.55926
-5.51597
-5.52482
-5.52248
-5.50917
-5.54369
-5.53462
-5.66322
-5.6149
-5.6149
-5.58931
-5.61616
-5.55124
-5.6549
-5.65084
-5.59152
-5.49243
-5.52226
-5.56853
-5.57109
-5.52087
-5.4552
-5.58635
-5.56023
-5.62462
-5.60695
-5.59356
-5.71513
-5.72351
-5.65531
-5.65663
-5.64347
-5.58973
-5.51324
-5.6485
-5.66654
-5.63494
-5.58597
-5.54239
-5.55801
-5.55494
-5.54442
-5.53329
-5.50802
-5.49164
-5.44515
-5.40955
-5.49018
-5.50739
-5.4175
-5.43882
-5.3544
-5.28563
-5.40196
-5.44439
-5.55367
-5.54838
-5.58146
-5.55349
-5.58385
-5.65002
-5.5447
-5.47563
-5.47752
-5.40539
-5.39478
-5.28772
-5.38641
-5.35484
-5.28597
-5.23909
-5.19677
-5.31006
-5.25926
-5.22027
-5.29724
-5.33969
-5.49282
-5.40463
-5.32554
-5.34006
-5.37426
-5.48253
-5.40269
-5.39188
-5.31592
-5.2837
-5.38079
-5.40872
-5.41211
-5.35986
-5.3861
-5.36343
-5.38097
-5.33676
-5.32759
-5.33519
-5.34255
-5.27621
-5.29378
-5.37213
-5.4335
-5.44016
-5.46127
-5.41347
-5.39005
-5.38159
-5.42559
-5.39537
-5.44672
-5.51782
-5.44086
-5.37322
-5.37656
-5.37293
-5.4177
-5.40032
-5.40724
-5.47899
-5.54481
-5.51711
-5.51055
-5.45837
-5.47574
-5.50005
-5.40474
-5.30373
-5.40259
-5.48182
-5.39174
-5.34367
-5.37865
-5.4486
-5.49379
-5.46442
-5.47074
-5.45308
-5.52538
-5.50906
-5.45493
-5.48749
-5.47328
-5.56656
-5.52128
-5.49228
-5.51788
-5.47369
-5.48602
-5.45766
-5.43443
-5.37235
-5.41279
-5.46517
-5.43434
-5.44266
-5.47349
-5.47704
-5.45291
-5.45057
-5.49711
-5.5031
-5.51797
-5.44215
-5.48525
-5.50975
-5.53674
-5.58657
-5.45883
-5.43695
-5.51799
-5.52891
-5.59192
-5.55924
-5.56323
-5.59274
-5.57259
-5.48358
-5.49981
-5.52573
-5.55519
-5.54505
-5.51036
-5.56415
-5.60605
-5.49959
-5.49941
-5.5263
-5.55417
-5.54153
-5.54712
-5.47957
-5.44762
-5.40771
-5.36274
-5.40477
-5.42916
-5.46447
-5.47285
-5.5104
-5.50038
-5.47422
-5.48651
-5.55638
-5.55447
-5.55289
-5.52267
-5.44981
-5.4621
-5.45854
-5.46241
-5.44447
-5.43708
-5.4256
-5.49359
-5.4522
-5.49144
-5.53008
-5.51482
-5.58077
-5.539
-5.53572
-5.49167
-5.49387
-5.54709
-5.62326
-5.59205
-5.56255
-5.47283
-5.45594
-5.40849
-5.48991
-5.56828
-5.48944
-5.51122
-5.43709
-5.39363
-5.43803
-5.40089
-5.30325
-5.30542
-5.33728
-5.294
-5.36737
-5.34008
-5.3894
-5.43104
-5.3823
-5.38258
-5.25592
-5.31046
-5.23595
-5.39345
-5.3836
-5.3538
-5.35116
-5.41081
-5.43796
-5.45427
-5.53747
-5.5347
-5.42779
-5.39928
-5.47909
-5.35372
-5.4365
-5.46294
-5.43587
-5.47467
-5.55951
-5.4559
-5.5607
-5.6216
-5.62161
-5.57945
-5.50294
-5.39689
-5.41549
-5.52636
-5.5383
-5.52787
-5.47724
-5.52098
-5.45733
-5.46927
-5.55424
-5.5745
-5.59379
-5.54068
-5.60987
-5.57798
-5.57196
-5.5865
-5.57269
-5.48412
-5.50192
-5.39057
-5.46175
-5.46579
-5.40107
-5.38852
-5.49542
-5.50666
-5.50872
-5.48269
-5.49143
-5.52906
-5.55152
-5.58181
-5.48225
-5.42953
-5.41318
-5.47928
-5.51998
-5.58969
-5.5649
-5.6005
-5.47823
-5.45782
-5.41555
-5.46421
-5.46235
-5.39079
-5.43668
-5.4079
-5.47475
-5.41676
-5.40049
-5.36468
-5.40122
-5.40186
-5.40921
-5.21843
-5.36686
-5.42316
-5.51079
-5.46023
-5.34396
-5.31086
-5.29769
-5.35796
-5.44664
-5.4166
-5.42603
-5.2333
-5.26392
-5.30703
-5.40783
-5.45649
-5.47008
-5.53047
-5.4113
-5.43659
-5.42842
-5.50212
-5.57482
-5.51641
-5.57408
-5.54906
-5.51291
-5.51758
-5.4598
-5.4909
-5.54432
-5.52918
-5.44
-5.48298
-5.37952
-5.35607
-5.34082
-5.29366
-5.28031
-5.37574
-5.38964
-5.35688
-5.22447
-5.24719
-5.40273
-5.35001
-5.28494
-5.25169
-5.1825
-5.23019
-5.38065
-5.34645
-5.4344
-5.45834
-5.51381
-5.59024
-5.54827
-5.55418
-5.53685
-5.49835
-5.52415
-5.52327
-5.42753
-5.37749
-5.4503
-5.45535
-5.39199
-5.4345
-5.41445
-5.44369
-5.49941
-5.49015
-5.39843
-5.44164
-5.45935
-5.35872
-5.336
-5.29123
-5.38362
-5.376
-5.43892
-5.44277
-5.47376
-5.37502
-5.27504
-5.17452
-5.18518
-5.13931
-5.24339
-5.17591
-5.33744
-5.39406
-5.46817
-5.44627
-5.44797
-5.39673
-5.52854
-5.51305
-5.49792
-5.50632
-5.53214
-5.52108
-5.49947
-5.38282
-5.259
-5.33212
-5.26903
-5.34733
-5.47579
-5.53254
-5.53037
-5.51287
-5.60271
-5.61848
-5.45476
-5.48851
-5.49858
-5.53133
-5.45432
-5.45279
-5.4202
-5.39301
-5.46375
-5.41333
-5.47819
-5.50161
-5.51671
-5.44952
-5.49211
-5.43185
-5.42232
-5.5246
-5.4836
-5.37471
-5.37979
-5.47403
-5.45962
-5.50385
-5.47166
-5.47655
-5.41023
-5.42803
-5.38736
-5.54129
-5.33326
-5.41929
-5.41722
-5.42858
-5.49443
-5.4483
-5.47585
-5.43982
-5.43651
-5.41558
-5.39771
-5.43399
-5.45284
-5.40856
-5.51328
-5.50784
-5.50476
-5.54559
-5.48109
-5.46912
-5.50336
-5.51905
