2.08316
2.02543
1.92781
1.79179
1.62126
1.42366
1.2112
1.00098
0.813127
0.666636
0.574218
0.538723
0.553139
0.603889
0.675318
0.753273
0.82712
0.890158
0.939117
0.973306
0.99387
1.00311
1.00398
0.999582
0.99275
0.985906
0.981017
0.97949
0.982067
0.988866
0.999406
1.01267
1.02736
1.04205
1.05548
1.06688
1.07615
1.08391
1.09104
1.09826
1.10562
1.11238
1.11734
1.11936
1.11786
1.11309
1.10602
1.09822
1.09134
1.08695
1.0861
1.08937
1.09684
1.10824
1.12289
1.13985
1.15795
1.17573
1.1918
1.20494
1.21401
1.218
1.21608
1.20748
1.19207
1.17052
1.14426
1.11521
1.08522
1.05581
1.02834
1.00438
0.986298
0.977355
0.9809
0.998094
1.02616
1.05899
1.08994
1.11411
1.12917
1.13497
1.13302
1.12585
1.11636
1.10682
1.09851
1.09156
1.08536
1.07922
1.07279
1.06615
1.05958
1.05312
1.04644
1.03907
1.03083
1.02225
1.01437
1.00834
1.00504
1.00492
1.00811
1.01447
1.02367
1.03522
1.04851
1.06289
1.07756
1.09175
1.10454
1.1151
1.1228
1.12742
1.12922
1.12871
1.12655
1.1232
1.11918
1.11513
1.11197
1.11055
1.1114
1.11462
1.11966
1.12538
1.13019
1.13222
1.12997
1.12255
1.11014
1.09432
1.07778
1.06388
1.05564
1.05469
1.06061
1.07094
1.08198
1.0903
1.09382
1.09229
1.08718
1.0807
1.07489
1.07093
1.06891
1.0679
1.06644
1.06293
1.05609
1.04551
1.03178
1.0166
1.00227
0.991249
0.985944
0.988212
0.999086
1.01844
1.04481
1.07574
1.10824
1.13945
1.16697
1.18895
1.20425
1.21234
1.21336
1.20805
1.19761
1.1834
1.16672
1.14864
1.13015
1.11213
1.09528
1.07985
1.06578
1.05326
1.04318
1.03708
1.03628
1.04105
1.05017
1.06119
1.07127
1.07791
1.07946
1.07541
1.06647
1.05427
1.0409
1.02857
1.019
1.01329
1.01183
1.01439
1.02041
1.02938
1.04135
1.05701
1.07709
1.10128
1.12745
1.15205
1.17157
1.1835
1.18664
1.18083
1.16666
1.14543
1.11894
1.08967
1.06062
1.03495
1.01547
1.0039
1.00059
1.00478
1.0152
1.0305
1.04962
1.07156
1.09501
1.11835
1.1397
1.15716
1.16913
1.17453
1.17291
1.16452
1.15002
1.13049
1.10718
1.0815
1.05513
1.03004
1.00832
0.992165
0.983586
0.984262
0.99519
1.01622
1.04576
1.08076
1.11735
1.15158
1.18017
1.20094
1.21262
1.21516
1.20968
1.19867
1.18516
1.17184
1.15997
1.14896
1.13664
1.12028
1.09797
1.06965
1.03763
1.00613
0.980292
0.964694
0.962034
0.972275
0.992635
1.01827
1.04381
1.0647
1.07807
1.08316
1.08124
1.07491
1.06709
1.06028
1.05593
1.05424
1.0545
1.05558
1.05655
1.05726
1.05833
1.06101
1.06666
1.07636
1.09055
1.10867
1.12899
1.14872
1.16484
1.17503
1.17826
1.17503
1.16683
1.15562
1.14359
1.13274
1.12479
1.1208
1.12097
1.12463
1.1304
1.13636
1.14029
1.14002
1.13381
1.12077
1.10109
1.07621
1.04867
1.02171
0.998787
0.982861
0.975733
0.977353
0.985587
0.99697
1.00795
1.01632
1.02191
1.02627
1.03174
1.0404
1.05326
1.06997
1.08929
1.1096
1.12946
1.14782
1.16381
1.17659
1.18541
1.18993
1.19057
1.18861
1.18582
1.18377
1.18291
1.18226
1.1799
1.17373
1.16233
1.14519
1.12271
1.09583
1.06568
1.03368
1.00136
0.97038
0.942511
0.919761
0.904554
0.899515
0.906667
0.926569
0.957661
0.996731
1.03974
1.08268
1.122
1.1549
1.1791
1.19307
1.1962
1.18905
1.17334
1.15197
1.12863
1.10721
1.09141
1.084
1.08595
1.09576
1.10993
1.12444
1.136
1.14265
1.14373
1.13994
1.13297
1.12533
1.11963
1.11777
1.11996
1.12466
1.12924
1.13106
1.12837
1.12061
1.10844
1.09314
1.076
1.05792
1.03947
1.0211
1.00315
0.986427
0.972225
0.962181
0.957757
0.960009
0.969188
0.984845
1.00602
1.03142
1.0597
1.08949
1.11935
1.14773
1.1729
1.19304
1.20641
1.21162
1.208
1.19562
1.17542
1.14923
1.11955
1.08936
1.06178
1.03954
1.02445
1.01723
1.01755
1.02429
1.03591
1.05099
1.06834
1.08682
1.10511
1.12156
1.13427
1.14147
1.14218
1.13647
1.1254
1.11067
1.09386
1.07611
1.05804
1.04038
1.0244
1.0121
1.00614
1.00916
1.02279
1.04634
1.07628
1.10687
1.13196
1.14694
1.14999
1.14232
1.1274
1.1097
1.09361
1.08233
1.07752
1.07932
1.08679
1.09821
1.11143
1.12414
1.13408
1.1396
1.13987
1.13522
1.12705
1.11758
1.10923
1.10411
1.10323
1.10623
1.11136
1.1162
1.11833
1.1161
1.10904
1.09785
1.08406
1.06924
1.05459
1.04095
1.02901
1.01938
1.01272
1.0097
1.01098
1.01706
1.02793
1.04269
1.05936
1.07515
1.08733
1.09407
1.09498
1.09128
1.08526
1.07951
1.07595
1.07535
1.07733
1.08067
1.08394
1.08587
1.0856
1.08274
1.07741
1.07025
1.06243
1.05555
1.05187
1.05384
1.06346
1.08105
1.10461
1.13038
1.15414
1.17283
1.18513
1.19132
1.1925
1.18992
1.18426
1.17564
1.16383
1.14878
1.13096
1.11163
1.09276
1.07649
1.06491
1.05948
1.06059
1.06753
1.07836
1.09015
1.09951
1.10298
1.0979
1.08284
1.05834
1.02711
0.993686
0.963454
0.941467
0.931217
0.933877
0.948185
0.970984
0.998415
1.02693
1.05388
1.07778
1.09817
1.11532
1.12981
1.14222
1.15271
1.16104
1.16672
1.16933
1.16877
1.16546
1.16022
1.1542
1.14849
1.14384
1.14047
1.13829
1.13701
1.1362
1.13509
1.13256
1.1273
1.11799
1.10368
1.08407
1.05981
1.03263
1.00535
0.981562
0.964941
0.958415
0.963463
0.979506
1.00398
1.03318
1.06317
1.09065
1.11323
1.12917
1.13741
1.13718
1.1284
1.11188
1.08949
1.06414
1.03944
1.01904
1.00593
1.00192
1.00715
1.02032
1.03902
1.06021
1.08091
1.09853
1.11147
1.11933
1.12293
1.12366
1.12256
1.11968
1.11434
1.10664
1.0995
1.09913
1.11145
1.13612
1.16572
1.19149
1.2085
1.21624
1.21697
1.21361
1.2086
1.20336
1.1982
1.19261
1.18589
1.17739
1.1667
1.15389
1.13943
1.12401
1.10809
1.09142
1.07297
1.05166
1.02718
1.00084
0.975574
0.955211
0.943351
0.942162
0.951563
0.969354
0.99175
1.01439
1.03335
1.04587
1.05075
1.04846
1.04088
1.03082
1.0212
1.01429
1.01124
1.01224
1.01695
1.025
1.03606
1.05001
1.06678
1.08609
1.10725
1.12904
1.14982
1.16765
1.1807
1.18772
1.18807
1.18213
1.1712
1.15714
1.14202
1.12791
1.11661
1.10942
1.10689
1.10848
1.11243
1.11605
1.1161
1.10974
1.09534
1.07309
1.04514
1.01513
0.987315
0.965555
0.952662
0.94992
0.956879
0.971734
0.991977
1.01518
1.03949
1.06396
1.08813
1.11145
1.13288
1.15099
1.16433
1.17205
1.17406
1.17087
1.16319
1.15172
1.13712
1.1202
1.10195
1.08371
1.06747
1.05564
1.05052
1.05378
1.0655
1.08405
1.10633
1.12861
1.14725
1.15929
1.1626
1.15605
1.13993
1.11608
1.08768
1.05875
1.03337
1.01497
1.00582
1.00679
1.01745
1.03632
1.06108
1.08903
1.11734
1.14322
1.16403
1.17748
1.18205
1.17726
1.16356
1.14238
1.11579
1.08645
1.05728
1.0314
1.01187
1.00145
1.00165
1.01199
1.02977
1.05071
1.07035
1.08528
1.09372
1.09567
1.09232
1.0855
1.07717
1.06912
1.0628
1.05929
1.05928
1.06324
1.07117
1.08251
1.09605
1.10995
1.12224
1.13128
1.13593
1.13583
1.1312
1.12253
1.11052
1.09595
1.07994
1.06409
1.05044
1.04105
1.03744
1.04017
1.04862
1.06113
1.07536
1.0889
1.09973
1.10687
1.11043
1.11146
1.11154
1.11214
1.11436
1.11857
1.12447
1.13114
1.13726
1.14144
1.14282
1.14111
1.13667
1.13052
1.12384
1.11754
1.11183
1.10607
1.09892
1.08874
1.07423
1.05494
1.03174
1.00676
0.983098
0.96409
0.952402
0.949335
0.954656
0.966963
0.984291
1.00477
1.02687
1.04931
1.07088
1.09024
1.10603
1.11707
1.12274
1.12328
1.11973
1.11363
1.10662
1.10026
1.09564
1.09351
1.0942
1.09746
1.10262
1.10878
1.11494
1.1204
1.12472
1.12759
1.12866
1.12741
1.12333
1.11589
1.10497
1.09126
1.07661
1.06393
1.0563
1.05577
1.06227
1.0736
1.08656
1.09806
1.10579
1.10846
1.1057
1.0979
1.08623
1.07242
1.05868
1.04718
1.03967
1.03687
1.03868
1.04427
1.05241
1.06206
1.07248
1.0833
1.09433
1.10523
1.11526
1.12331
1.12813
1.12841
1.12304
1.11142
1.09387
1.07182
1.04796
1.02584
1.00879
0.998778
0.996199
1.00034
1.01008
1.02436
1.04205
1.06165
1.08131
1.0991
1.11342
1.12336
1.12885
1.13042
1.12901
1.12542
1.12001
1.11266
1.10321
1.09183
1.07926
1.0669
1.05649
1.04978
1.04829
1.05267
1.06266
1.07693
1.09338
1.10966
1.12367
1.1339
1.13963
1.14108
1.13911
1.1346
1.12829
1.12059
1.11176
1.10198
1.09158
1.08083
1.07021
1.06047
1.05264
1.04739
1.04446
1.04251
1.04029
1.03817
1.03861
1.0446
1.05695
1.07326
1.08937
1.10125
1.10635
1.10385
1.09451
1.08054
1.06515
1.05205
1.04451
1.04449
1.05239
1.06707
1.08638
1.10761
1.12812
1.14572
1.1589
1.16688
1.16952
1.16709
1.16034
1.15008
1.13726
1.12277
1.10743
1.09203
1.07706
1.06269
1.04868
1.03479
1.02116
1.00884
0.999656
0.99558
0.997828
1.0063
1.01981
1.03666
1.05528
1.07446
1.09325
1.1105
1.12499
1.1355
1.14108
1.14124
1.13593
1.12579
1.11227
1.0976
1.08445
1.07541
1.07215
1.07502
1.08302
