-5.75046
-5.73685
-5.71969
-5.70642
-5.69411
-5.6886
-5.68438
-5.68178
-5.67853
-5.67787
-5.67625
-5.67431
-5.67367
-5.67401
-5.67304
-5.67208
-5.67176
-5.67111
-5.66982
-5.66949
-5.66981
-5.67143
-5.6711
-5.6724
-5.67142
-5.67369
-5.67401
-5.67466
-5.67725
-5.67628
-5.67563
-5.6753
-5.67725
-5.67628
-5.67498
-5.67401
-5.67239
-5.67272
-5.6711
-5.6698
-5.67142
-5.67401
-5.67466
-5.67433
-5.67595
-5.67498
-5.67628
-5.6753
-5.67271
-5.67401
-5.67433
-5.67109
-5.6698
-5.67207
-5.67433
-5.67433
-5.67498
-5.67433
-5.67433
-5.67401
-5.67401
-5.67207
-5.67531
-5.67628
-5.67498
-5.67433
-5.67304
-5.67174
-5.67077
-5.67012
-5.67044
-5.67076
-5.66947
-5.66979
-5.66946
-5.67173
-5.67271
-5.67239
-5.67368
-5.67142
-5.67239
-5.67304
-5.67465
-5.67595
-5.67627
-5.67595
-5.674
-5.67433
-5.67498
-5.67595
-5.67433
-5.67465
-5.67401
-5.67206
-5.67077
-5.67044
-5.6698
-5.67044
-5.67141
-5.67303
-5.67335
-5.67368
-5.67271
-5.67174
-5.67174
-5.67109
-5.67141
-5.66947
-5.66882
-5.66817
-5.66915
-5.66947
-5.67077
-5.67109
-5.67141
-5.67109
-5.67206
-5.67303
-5.67465
-5.67465
-5.67077
-5.67401
-5.67368
-5.67498
-5.67595
-5.67886
-5.67919
-5.67789
-5.67725
-5.67789
-5.67789
-5.67692
-5.67433
-5.67303
-5.67206
-5.67109
-5.66882
-5.66915
-5.67012
-5.67077
-5.67012
-5.67401
-5.67206
-5.67142
-5.67141
-5.67206
-5.67206
-5.67271
-5.67304
-5.67239
-5.67336
-5.67336
-5.67466
-5.67303
-5.67206
-5.67141
-5.67206
-5.67141
-5.66979
-5.67044
-5.67109
-5.67206
-5.67401
-5.67498
-5.6753
-5.67724
-5.67627
-5.67433
-5.6753
-5.67433
-5.67627
-5.67627
-5.67724
-5.67692
-5.67692
-5.674
-5.67303
-5.67303
-5.674
-5.67465
-5.67432
-5.67562
-5.67432
-5.674
-5.67465
-5.6753
-5.67368
-5.67465
-5.67562
-5.67368
-5.67368
-5.67335
-5.67141
-5.67238
-5.67076
-5.6727
-5.66849
-5.6672
-5.6672
-5.66785
-5.66979
-5.6727
-5.6727
-5.67303
-5.67465
-5.67433
-5.67433
-5.67271
-5.6753
-5.67692
-5.67692
-5.67627
-5.67562
-5.67432
-5.67626
-5.67658
-5.67658
-5.67691
-5.67496
-5.67497
-5.67399
-5.67497
-5.67561
-5.67594
-5.67594
-5.67626
-5.67594
-5.67626
-5.67918
-5.67788
-5.67756
-5.67788
-5.67594
-5.67594
-5.67464
-5.67367
-5.674
-5.67497
-5.67464
-5.67302
-5.67561
-5.67302
-5.6727
-5.6727
-5.67335
-5.67335
-5.67367
-5.67271
-5.674
-5.67271
-5.67271
-5.67433
-5.67433
-5.67562
-5.67821
-5.67724
-5.67562
-5.6753
-5.67401
-5.67369
-5.67271
-5.67271
-5.67368
-5.67303
-5.67238
-5.67108
-5.67141
-5.67206
-5.67303
-5.67174
-5.67142
-5.67174
-5.67272
-5.67369
-5.67368
-5.67465
-5.6753
-5.67659
-5.67692
-5.67627
-5.67627
-5.67659
-5.67562
-5.67594
-5.67594
-5.67497
-5.67497
-5.674
-5.674
-5.67303
-5.67433
-5.67401
-5.67401
-5.67401
-5.67401
-5.67627
-5.67724
-5.67562
-5.67432
-5.67497
-5.67399
-5.67303
-5.67238
-5.67044
-5.67335
-5.67303
-5.67335
-5.67303
-5.67238
-5.67206
-5.67238
-5.67303
-5.67335
-5.67302
-5.67075
-5.67172
-5.67075
-5.67237
-5.6727
-5.6727
-5.67205
-5.67108
-5.66946
-5.67011
-5.67108
-5.67431
-5.67593
-5.67626
-5.6782
-5.67626
-5.67659
-5.67562
-5.67659
-5.67918
-5.67983
-5.6795
-5.67691
-5.67691
-5.67917
-5.67853
-5.67853
-5.67756
-5.67885
-5.67724
-5.67562
-5.67368
-5.6727
-5.67205
-5.67141
-5.67205
-5.67205
-5.6727
-5.67464
-5.67367
-5.67399
-5.67367
-5.67496
-5.67496
-5.67431
-5.67755
-5.67659
-5.67691
-5.67691
-5.67821
-5.67691
-5.67562
-5.67433
-5.67465
-5.67594
-5.67497
-5.67626
-5.67464
-5.67528
-5.67496
-5.67496
-5.67529
-5.67658
-5.67464
-5.67529
-5.67497
-5.67368
-5.67497
-5.67497
-5.67432
-5.67237
-5.67334
-5.67399
-5.67334
-5.67173
-5.67205
-5.67206
-5.67238
-5.67302
-5.67302
-5.67335
-5.67043
-5.67076
-5.66914
-5.66914
-5.67043
-5.67011
-5.66913
-5.67172
-5.67172
-5.67107
-5.6714
-5.67107
-5.67172
-5.67302
-5.67269
-5.6714
-5.6714
-5.67173
-5.674
-5.67497
-5.67497
-5.67529
-5.67626
-5.67626
-5.67561
-5.67464
-5.67205
-5.67043
-5.67075
-5.67204
-5.67172
-5.6701
-5.67302
-5.67431
-5.67528
-5.67464
-5.67529
-5.67529
-5.67529
-5.67529
-5.67302
-5.67464
-5.6714
-5.67334
-5.67237
-5.67172
-5.67302
-5.67334
-5.67464
-5.67463
-5.67463
-5.67463
-5.67495
-5.67398
-5.67398
-5.67431
-5.67626
-5.6782
-5.6782
-5.67723
-5.67626
-5.67496
-5.67302
-5.67301
-5.6701
-5.66913
-5.67075
-5.67139
-5.67237
-5.67075
-5.67237
-5.6701
-5.67172
-5.67529
-5.67496
-5.67108
-5.67043
-5.67205
-5.67204
-5.67334
-5.67205
-5.67205
-5.67302
-5.67399
-5.67658
-5.67788
-5.67561
-5.67593
-5.67626
-5.67788
-5.67755
-5.6769
-5.67626
-5.67464
-5.67399
-5.67399
-5.67366
-5.67463
-5.6769
-5.67788
-5.6782
-5.67788
-5.67918
-5.67918
-5.67788
-5.67885
-5.67561
-5.67399
-5.67464
-5.67496
-5.67528
-5.67237
-5.67464
-5.67496
-5.67496
-5.67496
-5.67464
-5.67367
-5.67496
-5.67625
-5.67723
-5.6769
-5.67787
-5.67755
-5.67723
-5.68079
-5.6782
-5.67658
-5.67431
-5.67528
-5.67625
-5.67399
-5.67464
-5.67431
-5.67625
-5.67561
-5.67852
-5.67754
-5.67949
-5.67884
-5.67852
-5.6769
-5.67593
-5.67528
-5.67626
-5.67367
-5.67238
-5.67206
-5.67141
-5.67238
-5.67173
-5.67173
-5.67237
-5.67302
-5.67399
-5.67464
-5.67723
-5.67658
-5.67626
-5.67626
-5.67626
-5.67627
-5.67562
-5.67465
-5.67335
-5.67627
-5.67659
-5.67691
-5.6753
-5.67692
-5.67659
-5.67626
-5.67464
-5.67497
-5.67464
-5.67497
-5.67497
-5.67173
-5.67432
-5.67367
-5.67173
-5.67303
-5.67206
-5.67335
-5.67271
-5.67303
-5.67336
-5.67206
-5.67044
-5.66979
-5.66978
-5.67076
-5.67011
-5.66817
-5.66752
-5.66752
-5.66817
-5.6685
-5.66817
-5.66817
-5.66882
-5.66947
-5.67076
-5.67173
-5.67205
-5.66914
-5.67075
-5.67269
-5.67399
-5.67302
-5.67075
-5.67237
-5.67173
-5.67076
-5.67109
-5.66947
-5.67076
-5.67303
-5.67206
-5.67238
-5.67368
-5.67336
-5.67401
-5.67433
-5.67465
-5.67367
-5.67465
-5.6753
-5.67466
-5.67369
-5.67369
-5.67368
-5.67433
-5.67141
-5.67206
-5.6727
-5.6727
-5.67626
-5.67691
-5.67821
-5.67691
-5.67562
-5.67594
-5.67497
-5.67173
-5.67173
-5.6727
-5.67303
-5.67432
-5.67367
-5.67238
-5.67302
-5.67334
-5.67205
-5.67205
-5.6714
-5.67432
-5.67367
-5.67529
-5.67465
-5.67367
-5.6727
-5.67173
-5.67076
-5.66979
-5.67399
-5.67561
-5.67497
-5.67626
-5.67626
-5.67626
-5.67497
-5.67529
-5.67399
-5.67367
-5.67465
-5.6753
-5.67627
-5.67692
-5.67757
-5.67951
-5.68145
-5.68177
-5.68048
-5.67886
-5.67918
-5.67886
-5.6795
-5.67821
-5.67691
-5.67692
-5.6753
-5.6766
-5.6753
-5.67498
-5.6766
-5.6753
-5.67433
-5.67109
-5.67141
-5.66979
-5.66979
-5.6727
-5.67173
-5.67303
-5.67271
-5.67238
-5.674
-5.67497
-5.674
-5.67465
-5.67562
-5.67465
-5.67562
-5.67691
-5.67724
-5.67626
-5.67659
-5.67465
-5.67627
-5.67594
-5.67594
-5.67432
-5.67367
-5.67496
-5.67496
-5.67561
-5.67724
-5.67497
-5.6753
-5.67724
-5.67757
-5.67627
-5.67725
-5.67595
-5.67595
-5.67465
-5.67335
-5.67238
-5.674
-5.67594
-5.67594
-5.67497
-5.67594
-5.67432
-5.67303
-5.67271
-5.67271
-5.67206
-5.67012
-5.67109
-5.67109
-5.67044
-5.67271
-5.67465
-5.67465
-5.67594
-5.67561
-5.67529
-5.67431
-5.67528
-5.67367
-5.6714
-5.67238
-5.67173
-5.67335
-5.67432
-5.67594
-5.67626
-5.67529
-5.67432
-5.67496
-5.67464
-5.67561
-5.67593
-5.67593
-5.67561
-5.67756
-5.67626
-5.67464
-5.67367
-5.67303
-5.67302
-5.67141
-5.67206
-5.67141
-5.67335
-5.67464
-5.6727
-5.67335
-5.67108
-5.67173
-5.67205
-5.67173
-5.67237
-5.67205
-5.674
-5.67173
-5.67141
-5.67303
-5.67205
-5.6727
-5.67464
-5.67529
-5.67529
-5.67496
-5.67755
-5.67626
-5.67464
-5.67626
-5.674
-5.67432
-5.67432
-5.67367
-5.67432
-5.67335
-5.67367
-5.67432
-5.67173
-5.67432
-5.67432
-5.674
-5.67238
-5.67206
-5.67303
-5.67432
-5.67464
-5.67529
-5.67464
-5.67497
-5.67626
-5.67465
-5.67529
-5.67626
-5.67886
-5.67886
-5.67918
-5.67886
-5.6753
-5.67465
-5.67627
-5.674
-5.67173
-5.67303
-5.67205
-5.67335
-5.67141
-5.67238
-5.67011
-5.67206
-5.674
-5.674
-5.67368
-5.67432
-5.67335
-5.67238
-5.67109
-5.67271
-5.67303
-5.6727
-5.67141
-5.67108
-5.67367
-5.67367
-5.67399
-5.67238
-5.67335
-5.67303
-5.67271
-5.67109
-5.66817
-5.66947
-5.66947
-5.66979
-5.66914
-5.67044
-5.67011
-5.67141
-5.67141
-5.67335
-5.67465
-5.67497
-5.67497
-5.6753
-5.67433
-5.674
-5.67368
-5.67595
-5.67724
-5.67498
-5.67595
-5.67336
-5.67141
-5.67303
-5.67368
-5.67303
-5.67173
-5.67335
-5.67238
-5.67141
-5.67076
-5.67108
-5.67367
-5.67432
-5.67497
-5.67465
-5.674
-5.67465
-5.67724
-5.67756
-5.67659
-5.67627
-5.67562
-5.6753
-5.674
-5.67368
-5.67659
-5.67529
-5.67497
-5.67562
-5.67594
-5.67626
-5.67562
-5.67562
-5.67497
-5.67497
-5.67465
-5.67465
-5.67595
-5.6753
-5.674
-5.67303
-5.67368
-5.67465
-5.67465
-5.67465
-5.67563
-5.67271
-5.67239
-5.67304
-5.67206
-5.67368
-5.67531
-5.6766
-5.67725
-5.6779
-5.67627
-5.6766
-5.67595
-5.67628
-5.67725
-5.67725
-5.6779
-5.6766
-5.6766
-5.67498
-5.67433
-5.67498
-5.67465
-5.674
-5.67465
-5.67659
-5.6753
-5.67465
-5.67465
-5.67627
-5.67725
-5.6753
-5.67401
-5.67336
-5.67563
-5.67562
-5.67627
-5.6766
-5.67627
-5.67692
-5.67627
-5.67627
-5.67498
-5.6753
-5.6753
-5.67304
-5.67271
-5.67368
-5.67239
-5.67271
-5.67303
-5.67271
-5.67174
-5.67109
-5.67336
-5.67401
-5.67401
-5.67401
-5.67433
-5.67433
-5.67207
-5.67207
-5.67271
-5.67336
-5.67562
-5.67498
-5.67336
-5.67433
-5.67401
