-7.83362
-7.76229
-7.6475
-7.49821
-7.31537
-7.11225
-6.89557
-6.68275
-6.49165
-6.34451
-6.25047
-6.21304
-6.22681
-6.2779
-6.34836
-6.42535
-6.49888
-6.56127
-6.60893
-6.6428
-6.66368
-6.67453
-6.67508
-6.67198
-6.66417
-6.65959
-6.65503
-6.65415
-6.65932
-6.66514
-6.67503
-6.68797
-6.7046
-6.71833
-6.73046
-6.74089
-6.74855
-6.75662
-6.76213
-6.76806
-6.77704
-6.78639
-6.79199
-6.79369
-6.79381
-6.78807
-6.78229
-6.77352
-6.76405
-6.76096
-6.76043
-6.76046
-6.76664
-6.78031
-6.79722
-6.81418
-6.83293
-6.85006
-6.86614
-6.87895
-6.88803
-6.89007
-6.89138
-6.88376
-6.86705
-6.84485
-6.8173
-6.78695
-6.75599
-6.72593
-6.69878
-6.67515
-6.65577
-6.64714
-6.65036
-6.66983
-6.69887
-6.73138
-6.76362
-6.78552
-6.80156
-6.808
-6.80767
-6.80179
-6.79263
-6.78276
-6.77252
-6.76589
-6.76034
-6.75517
-6.74712
-6.7408
-6.73359
-6.72518
-6.71721
-6.70951
-6.70063
-6.69269
-6.68578
-6.68137
-6.6784
-6.6786
-6.68081
-6.6862
-6.6954
-6.70631
-6.71993
-6.73236
-6.74639
-6.75992
-6.77369
-6.78457
-6.79357
-6.79851
-6.80063
-6.7998
-6.79861
-6.79624
-6.79383
-6.78978
-6.78274
-6.78456
-6.78508
-6.7896
-6.79561
-6.80425
-6.80937
-6.81011
-6.80721
-6.80044
-6.78803
-6.77124
-6.75211
-6.73691
-6.7277
-6.72578
-6.72944
-6.74008
-6.7521
-6.76107
-6.76395
-6.7663
-6.75924
-6.75212
-6.7463
-6.74299
-6.74097
-6.74062
-6.73948
-6.73532
-6.72945
-6.71887
-6.70644
-6.68964
-6.67433
-6.66266
-6.658
-6.65962
-6.66888
-6.68888
-6.7159
-6.7478
-6.78224
-6.81443
-6.84227
-6.86619
-6.88052
-6.88667
-6.88866
-6.88238
-6.87388
-6.85967
-6.84396
-6.82555
-6.80706
-6.78613
-6.7683
-6.75287
-6.73978
-6.7279
-6.7175
-6.7127
-6.7106
-6.71505
-6.72482
-6.73649
-6.74495
-6.75256
-6.75508
-6.74909
-6.74015
-6.72762
-6.71231
-6.70094
-6.68976
-6.68599
-6.68032
-6.68159
-6.68761
-6.69723
-6.71114
-6.72971
-6.74979
-6.77431
-6.80209
-6.82638
-6.8459
-6.85621
-6.86194
-6.85775
-6.84358
-6.8217
-6.79456
-6.76399
-6.73689
-6.71154
-6.69205
-6.68081
-6.67556
-6.67974
-6.68919
-6.70546
-6.72524
-6.7475
-6.77095
-6.79461
-6.81564
-6.83342
-6.8483
-6.85241
-6.85047
-6.8424
-6.82596
-6.80643
-6.78183
-6.75517
-6.72913
-6.705
-6.68296
-6.66519
-6.6592
-6.65728
-6.66789
-6.68892
-6.7191
-6.75411
-6.79103
-6.82428
-6.85417
-6.87365
-6.88533
-6.88948
-6.88401
-6.87429
-6.86337
-6.84908
-6.83559
-6.82426
-6.81065
-6.79397
-6.77069
-6.74237
-6.71131
-6.67916
-6.65267
-6.63578
-6.63344
-6.64433
-6.66567
-6.69001
-6.71523
-6.73644
-6.75079
-6.75685
-6.75493
-6.74956
-6.74239
-6.73687
-6.73285
-6.73051
-6.73077
-6.73217
-6.73217
-6.7332
-6.73427
-6.73598
-6.74163
-6.75036
-6.76455
-6.7817
-6.80332
-6.82273
-6.83885
-6.84903
-6.85226
-6.8513
-6.84407
-6.83124
-6.81791
-6.80771
-6.79879
-6.79383
-6.79335
-6.79507
-6.80375
-6.80939
-6.81364
-6.81305
-6.80619
-6.79283
-6.77347
-6.74924
-6.72202
-6.69474
-6.66954
-6.65459
-6.64649
-6.64973
-6.65829
-6.66967
-6.68
-6.68741
-6.69137
-6.69638
-6.70282
-6.71471
-6.72919
-6.74623
-6.76749
-6.78586
-6.80604
-6.82344
-6.84039
-6.85577
-6.86524
-6.86943
-6.86748
-6.86552
-6.86499
-6.86229
-6.86144
-6.85981
-6.85876
-6.85097
-6.83795
-6.81887
-6.79541
-6.76788
-6.73709
-6.70573
-6.67341
-6.64308
-6.61715
-6.59343
-6.57854
-6.57318
-6.58163
-6.60153
-6.63198
-6.67429
-6.71633
-6.75959
-6.79891
-6.8331
-6.85601
-6.86869
-6.87053
-6.8637
-6.84928
-6.82694
-6.80489
-6.78185
-6.76669
-6.75896
-6.76091
-6.77104
-6.78651
-6.79908
-6.8113
-6.81762
-6.81741
-6.81491
-6.80793
-6.79964
-6.79201
-6.79112
-6.79395
-6.79801
-6.80097
-6.80312
-6.80042
-6.79299
-6.78147
-6.76616
-6.74935
-6.72835
-6.71023
-6.69023
-6.67229
-6.65686
-6.64233
-6.63131
-6.62948
-6.63173
-6.64026
-6.65624
-6.67709
-6.70314
-6.73271
-6.76218
-6.79075
-6.81914
-6.84463
-6.86703
-6.88137
-6.88658
-6.8833
-6.87188
-6.85168
-6.82484
-6.79419
-6.7614
-6.73221
-6.71029
-6.6965
-6.68895
-6.68765
-6.6973
-6.71022
-6.72627
-6.74298
-6.7621
-6.7804
-6.79685
-6.80956
-6.81449
-6.81683
-6.80787
-6.79875
-6.78304
-6.76558
-6.74913
-6.73138
-6.71502
-6.69903
-6.68673
-6.68077
-6.68412
-6.69677
-6.72032
-6.75059
-6.78313
-6.81016
-6.82515
-6.82722
-6.81858
-6.80236
-6.78272
-6.76662
-6.75243
-6.74665
-6.75007
-6.75818
-6.77057
-6.78218
-6.79651
-6.80418
-6.81132
-6.81516
-6.81018
-6.79813
-6.78801
-6.78127
-6.77615
-6.77657
-6.77828
-6.78341
-6.78922
-6.79233
-6.79269
-6.78692
-6.77346
-6.76
-6.74549
-6.73247
-6.7185
-6.70591
-6.69564
-6.68736
-6.68369
-6.68497
-6.69072
-6.70256
-6.71959
-6.73723
-6.75335
-6.76521
-6.77324
-6.77416
-6.76916
-6.76411
-6.75511
-6.74994
-6.74998
-6.75229
-6.75595
-6.75631
-6.76051
-6.76056
-6.7577
-6.75237
-6.74489
-6.7361
-6.73051
-6.72812
-6.73106
-6.74036
-6.75892
-6.78216
-6.80761
-6.83493
-6.85104
-6.86171
-6.86563
-6.86778
-6.86617
-6.85825
-6.85027
-6.83814
-6.82504
-6.80657
-6.79015
-6.77031
-6.75598
-6.74375
-6.73799
-6.73749
-6.74346
-6.75364
-6.76641
-6.77318
-6.77536
-6.76996
-6.75425
-6.73072
-6.69884
-6.66541
-6.63583
-6.61448
-6.6052
-6.60851
-6.62541
-6.64757
-6.67468
-6.70319
-6.73015
-6.75405
-6.77378
-6.78997
-6.80316
-6.81849
-6.8293
-6.83795
-6.84202
-6.84625
-6.84536
-6.84172
-6.83486
-6.82916
-6.82313
-6.81881
-6.81544
-6.81002
-6.81134
-6.80987
-6.80682
-6.80559
-6.79936
-6.79135
-6.77639
-6.7571
-6.73317
-6.70469
-6.67579
-6.65135
-6.63473
-6.62917
-6.63357
-6.64767
-6.6715
-6.70071
-6.73134
-6.75914
-6.7814
-6.79734
-6.80624
-6.80665
-6.79916
-6.78361
-6.76154
-6.73328
-6.71019
-6.69173
-6.67992
-6.67494
-6.67791
-6.6927
-6.71075
-6.73097
-6.752
-6.768
-6.78223
-6.79236
-6.79499
-6.79604
-6.79624
-6.79303
-6.78835
-6.78097
-6.77415
-6.77281
-6.7861
-6.81142
-6.84038
-6.86518
-6.88218
-6.88993
-6.8913
-6.88502
-6.88066
-6.87606
-6.8709
-6.86887
-6.8628
-6.8556
-6.84361
-6.8295
-6.81537
-6.79898
-6.77983
-6.76315
-6.74568
-6.72469
-6.7015
-6.67452
-6.64795
-6.62823
-6.61669
-6.61421
-6.62361
-6.64076
-6.66607
-6.68806
-6.70864
-6.72052
-6.72442
-6.72116
-6.71261
-6.70158
-6.69099
-6.68828
-6.68686
-6.68721
-6.69322
-6.70126
-6.71232
-6.72498
-6.74206
-6.76009
-6.78093
-6.80369
-6.82512
-6.84392
-6.85762
-6.86529
-6.86758
-6.86358
-6.85298
-6.83762
-6.82088
-6.80709
-6.79546
-6.78892
-6.7851
-6.7854
-6.78935
-6.79135
-6.79269
-6.78505
-6.77032
-6.74968
-6.72044
-6.68946
-6.6584
-6.63696
-6.62245
-6.61971
-6.62958
-6.64347
-6.66501
-6.68789
-6.71188
-6.73796
-6.76311
-6.78545
-6.80753
-6.82661
-6.83898
-6.84767
-6.85097
-6.84811
-6.83946
-6.82831
-6.81177
-6.79647
-6.77789
-6.75965
-6.74179
-6.72931
-6.72549
-6.72874
-6.74112
-6.76128
-6.7813
-6.80391
-6.82449
-6.83686
-6.83887
-6.83329
-6.81588
-6.79203
-6.76233
-6.7321
-6.70575
-6.68897
-6.68176
-6.68273
-6.69242
-6.71226
-6.73541
-6.76206
-6.79005
-6.81593
-6.83609
-6.8476
-6.85314
-6.84835
-6.834
-6.81508
-6.79044
-6.76109
-6.73322
-6.70701
-6.68716
-6.67576
-6.67693
-6.68566
-6.70117
-6.72309
-6.74208
-6.75863
-6.76804
-6.77161
-6.76859
-6.76079
-6.75148
-6.74408
-6.73744
-6.7349
-6.73521
-6.73917
-6.74678
-6.76007
-6.77232
-6.78459
-6.79592
-6.8043
-6.80895
-6.80724
-6.80325
-6.79394
-6.78387
-6.77059
-6.75265
-6.73744
-6.72152
-6.71277
-6.70949
-6.71189
-6.721
-6.73318
-6.74936
-6.76062
-6.77113
-6.7799
-6.78248
-6.78416
-6.78618
-6.78742
-6.78964
-6.79353
-6.80202
-6.8074
-6.8119
-6.8177
-6.81682
-6.81543
-6.81099
-6.80419
-6.79816
-6.79089
-6.78551
-6.78039
-6.77066
-6.76306
-6.74855
-6.72894
-6.70412
-6.67882
-6.65612
-6.63841
-6.62704
-6.62462
-6.6293
-6.64193
-6.66055
-6.67942
-6.70216
-6.72558
-6.74974
-6.76909
-6.78521
-6.79593
-6.79803
-6.79793
-6.796
-6.78763
-6.77835
-6.77328
-6.76769
-6.76686
-6.76561
-6.76984
-6.77273
-6.78083
-6.78894
-6.7944
-6.7984
-6.80191
-6.80201
-6.79979
-6.79442
-6.7886
-6.778
-6.76396
-6.74802
-6.73501
-6.72997
-6.72944
-6.73627
-6.74598
-6.75991
-6.77109
-6.77849
-6.77955
-6.77387
-6.76737
-6.75569
-6.74221
-6.72782
-6.71762
-6.70978
-6.70828
-6.7101
-6.71762
-6.72706
-6.73703
-6.74745
-6.75859
-6.76865
-6.77923
-6.78894
-6.79926
-6.80537
-6.80339
-6.79899
-6.78477
-6.76529
-6.74485
-6.72164
-6.69887
-6.68052
-6.67213
-6.66858
-6.67174
-6.68084
-6.69545
-6.71573
-6.73597
-6.75628
-6.77375
-6.78742
-6.79801
-6.80609
-6.80798
-6.8056
-6.80169
-6.79563
-6.78796
-6.77722
-6.76551
-6.75585
-6.7422
-6.73146
-6.7254
-6.72422
-6.72893
-6.73827
-6.75255
-6.76835
-6.78463
-6.79832
-6.80855
-6.81557
-6.81638
-6.81311
-6.80763
-6.80197
-6.79524
-6.78641
-6.77664
-6.76721
-6.75354
-6.7426
-6.7335
-6.7247
-6.72108
-6.71976
-6.71911
-6.71754
-6.71606
-6.71489
-6.72119
-6.7329
-6.74954
-6.76662
-6.7785
-6.78425
-6.78045
-6.77111
-6.75552
-6.73948
-6.72703
-6.71916
-6.71849
-6.72704
-6.74366
-6.76168
-6.78226
-6.80277
-6.82199
-6.83615
-6.84218
-6.84352
-6.84046
-6.83596
-6.82571
-6.81353
-6.79936
-6.7837
-6.76895
-6.75333
-6.73896
-6.72365
-6.71009
-6.69646
-6.68187
-6.67237
-6.66926
-6.67021
-6.67901
-6.69284
-6.70937
-6.72702
-6.74556
-6.76661
-6.78451
-6.799
-6.8095
-6.81541
-6.81557
-6.808
-6.79786
-6.78498
-6.77095
-6.76007
-6.75039
-6.74551
-6.74935
-6.75703
