1.38877
1.35029
1.28521
1.19453
1.08084
0.949104
0.807464
0.667319
0.542085
0.444424
0.382812
0.359148
0.368759
0.402593
0.450212
0.502182
0.551414
0.593439
0.626078
0.648871
0.66258
0.668738
0.669321
0.666388
0.661834
0.657271
0.654011
0.652993
0.654712
0.659244
0.66627
0.675111
0.684904
0.694703
0.703654
0.711251
0.717436
0.722604
0.727358
0.732176
0.73708
0.741588
0.744891
0.746237
0.745238
0.742058
0.737344
0.732145
0.727561
0.724636
0.724068
0.726247
0.731229
0.738826
0.748595
0.759901
0.771967
0.783818
0.794536
0.803294
0.809343
0.812002
0.810717
0.804989
0.794716
0.780346
0.76284
0.743476
0.723483
0.703873
0.685561
0.66959
0.657532
0.65157
0.653934
0.665396
0.684107
0.705995
0.726625
0.742738
0.752779
0.756646
0.755344
0.750564
0.744238
0.737879
0.732342
0.727708
0.723571
0.719478
0.715196
0.710768
0.706387
0.702078
0.697629
0.692713
0.68722
0.6815
0.676245
0.672227
0.670028
0.669945
0.672071
0.676312
0.682444
0.690147
0.699009
0.70859
0.718376
0.72783
0.73636
0.743402
0.748536
0.751614
0.75281
0.752476
0.751033
0.748801
0.746119
0.743419
0.741311
0.74037
0.740933
0.743082
0.746441
0.750255
0.753457
0.754813
0.753312
0.748363
0.740093
0.729544
0.718521
0.70925
0.703758
0.703125
0.707076
0.713957
0.72132
0.726867
0.729216
0.728193
0.724784
0.720468
0.716593
0.713954
0.712605
0.711937
0.710962
0.708621
0.70406
0.697007
0.687854
0.677736
0.668179
0.660833
0.657296
0.658808
0.666057
0.678961
0.69654
0.717157
0.738823
0.759634
0.777978
0.79263
0.802831
0.808226
0.808907
0.805367
0.798407
0.788934
0.777816
0.765758
0.75343
0.741421
0.730184
0.719898
0.710517
0.70217
0.695453
0.691386
0.690855
0.694034
0.700115
0.707459
0.714178
0.718604
0.719639
0.716943
0.710979
0.702848
0.693935
0.685711
0.679336
0.675529
0.674552
0.676262
0.680276
0.686255
0.694232
0.704675
0.718062
0.734186
0.75163
0.768032
0.781047
0.789003
0.791095
0.787218
0.777776
0.763619
0.745957
0.726447
0.707082
0.689968
0.676977
0.669269
0.667061
0.669852
0.676798
0.686999
0.69975
0.714374
0.730006
0.745566
0.759798
0.771438
0.779417
0.783018
0.781942
0.776347
0.766679
0.753661
0.738122
0.721001
0.703421
0.686693
0.672216
0.661443
0.655724
0.656175
0.66346
0.67748
0.697171
0.720507
0.744902
0.767718
0.786781
0.800628
0.808412
0.810105
0.806456
0.799113
0.790106
0.781228
0.773312
0.765971
0.75776
0.746851
0.731981
0.713102
0.691751
0.670756
0.653528
0.643129
0.641356
0.648183
0.661757
0.678848
0.695872
0.709801
0.718714
0.722108
0.72083
0.716607
0.711395
0.706853
0.703955
0.70283
0.702998
0.703718
0.704368
0.70484
0.705552
0.707338
0.711107
0.717577
0.727036
0.739111
0.752659
0.765815
0.776559
0.783352
0.785506
0.783354
0.777884
0.770414
0.762391
0.755161
0.749863
0.747202
0.747312
0.749756
0.7536
0.757571
0.760193
0.76001
0.755873
0.747178
0.734062
0.717474
0.699112
0.681143
0.665858
0.655241
0.650488
0.651569
0.657058
0.664646
0.671965
0.677549
0.681275
0.684179
0.687827
0.6936
0.702172
0.713311
0.726193
0.739735
0.752972
0.765216
0.77587
0.784393
0.790271
0.793284
0.793716
0.792407
0.790545
0.789177
0.788605
0.788171
0.786601
0.78249
0.774886
0.763461
0.748474
0.730552
0.710455
0.689119
0.667572
0.64692
0.628341
0.613174
0.603036
0.599676
0.604445
0.617712
0.63844
0.664487
0.693162
0.721784
0.748
0.76993
0.786066
0.795379
0.797467
0.792702
0.78223
0.76798
0.752422
0.738143
0.727604
0.722666
0.723969
0.730505
0.739954
0.749626
0.757336
0.761765
0.762488
0.759959
0.75531
0.750217
0.746423
0.745183
0.74664
0.749774
0.752826
0.754043
0.752244
0.747071
0.738963
0.728761
0.717332
0.705277
0.692982
0.680731
0.668767
0.657618
0.64815
0.641454
0.638505
0.640006
0.646125
0.656563
0.670678
0.68761
0.706463
0.726326
0.746231
0.765155
0.781936
0.79536
0.804271
0.807744
0.805336
0.797077
0.783612
0.76615
0.746368
0.726238
0.707856
0.693024
0.682968
0.678156
0.678368
0.682858
0.690605
0.700657
0.712225
0.724545
0.736739
0.747708
0.75618
0.760982
0.761456
0.757645
0.75027
0.740445
0.729241
0.717408
0.70536
0.693589
0.682931
0.674734
0.670757
0.672776
0.681859
0.69756
0.717521
0.737915
0.754638
0.764628
0.76666
0.76155
0.751598
0.739801
0.729073
0.721555
0.718346
0.719548
0.724523
0.732137
0.740956
0.749425
0.756053
0.75973
0.759915
0.756813
0.751368
0.745052
0.739484
0.736071
0.735486
0.737487
0.740909
0.744135
0.745556
0.744069
0.739358
0.731902
0.722709
0.712825
0.703063
0.693969
0.686006
0.679587
0.67515
0.673132
0.67399
0.678039
0.685286
0.695126
0.706237
0.716765
0.724884
0.729377
0.729987
0.72752
0.723508
0.71967
0.717299
0.716898
0.718222
0.720446
0.722625
0.723914
0.723733
0.721826
0.718276
0.713499
0.708286
0.703703
0.701244
0.702557
0.708974
0.720699
0.736403
0.753584
0.769427
0.781889
0.790087
0.794212
0.795001
0.79328
0.789506
0.783759
0.775888
0.765854
0.753974
0.741088
0.728507
0.717659
0.709941
0.706317
0.707059
0.711689
0.718907
0.726767
0.733004
0.735322
0.731934
0.721893
0.705561
0.684738
0.662458
0.642303
0.627645
0.620811
0.622584
0.632123
0.647323
0.66561
0.684617
0.70259
0.718523
0.73211
0.743546
0.753207
0.76148
0.768472
0.774023
0.777815
0.779556
0.779181
0.776973
0.773479
0.769465
0.765659
0.762557
0.760312
0.758859
0.75801
0.757466
0.756724
0.755043
0.751536
0.745329
0.735785
0.72271
0.706541
0.68842
0.670235
0.654375
0.643294
0.638944
0.642308
0.653004
0.669319
0.688789
0.708777
0.727097
0.742151
0.752779
0.758276
0.758118
0.752267
0.741253
0.726326
0.709426
0.692959
0.679357
0.670621
0.667947
0.671435
0.680216
0.692678
0.706809
0.720606
0.732355
0.740977
0.746219
0.748619
0.749106
0.748372
0.74645
0.742896
0.737763
0.732999
0.732755
0.740968
0.757414
0.777147
0.794328
0.805663
0.810829
0.811314
0.809073
0.805733
0.80224
0.798797
0.795074
0.790592
0.784927
0.777801
0.769259
0.759619
0.749341
0.73873
0.727615
0.715315
0.701108
0.684787
0.667229
0.650383
0.636808
0.628901
0.628108
0.634375
0.646236
0.661166
0.676262
0.688899
0.697246
0.700497
0.698971
0.69392
0.687214
0.680801
0.67619
0.674161
0.674828
0.677968
0.68333
0.690704
0.70001
0.711183
0.724063
0.738169
0.752695
0.766548
0.778433
0.787135
0.791815
0.79205
0.788087
0.780802
0.771427
0.761347
0.751941
0.744403
0.739612
0.737925
0.738988
0.741622
0.744031
0.744063
0.73983
0.730229
0.715392
0.696759
0.676756
0.65821
0.643704
0.635108
0.63328
0.637919
0.647822
0.661318
0.676787
0.692995
0.709307
0.725423
0.740968
0.755256
0.767324
0.776221
0.781367
0.782707
0.780582
0.775462
0.767813
0.758083
0.746802
0.734631
0.722473
0.711646
0.703759
0.700349
0.702518
0.710336
0.722698
0.737551
0.752406
0.764834
0.772862
0.775067
0.7707
0.759956
0.744053
0.725118
0.705835
0.688916
0.676647
0.670547
0.671193
0.6783
0.69088
0.707388
0.726019
0.744895
0.762146
0.776018
0.784984
0.788034
0.784837
0.775707
0.761583
0.743859
0.7243
0.704853
0.687599
0.674582
0.667634
0.667765
0.674661
0.686511
0.700472
0.713568
0.723519
0.729145
0.730444
0.728216
0.723669
0.718111
0.712744
0.708533
0.706193
0.706186
0.708824
0.714112
0.721675
0.730703
0.739965
0.748163
0.754185
0.757286
0.75722
0.754132
0.748352
0.740348
0.73063
0.719963
0.709396
0.700291
0.69403
0.691629
0.693443
0.699083
0.707419
0.716907
0.72593
0.73315
0.737915
0.740284
0.740975
0.741029
0.741425
0.742905
0.745712
0.749645
0.754095
0.758172
0.760961
0.761882
0.760739
0.757779
0.753678
0.749228
0.745027
0.741223
0.737382
0.732614
0.725826
0.716153
0.703293
0.687825
0.671175
0.655399
0.642727
0.634935
0.63289
0.636437
0.644642
0.656194
0.669847
0.684579
0.699542
0.713922
0.726824
0.737353
0.744711
0.74849
0.748852
0.746486
0.74242
0.737747
0.733504
0.730424
0.729009
0.729469
0.731643
0.73508
0.739184
0.743294
0.746936
0.749813
0.751725
0.752437
0.751607
0.748886
0.743927
0.736645
0.727506
0.717741
0.70929
0.704203
0.703846
0.708181
0.715733
0.724375
0.732039
0.737191
0.738976
0.737133
0.731934
0.724151
0.714948
0.705783
0.698123
0.693113
0.69125
0.692457
0.696181
0.701605
0.708038
0.714986
0.722198
0.72955
0.736822
0.743509
0.748877
0.752085
0.752275
0.748695
0.740943
0.729248
0.714546
0.698642
0.683897
0.672524
0.665852
0.664133
0.666892
0.673387
0.68291
0.694703
0.707764
0.720874
0.732735
0.74228
0.748907
0.752565
0.753612
0.75267
0.750278
0.746672
0.741776
0.735476
0.727885
0.719506
0.711268
0.704325
0.699856
0.698857
0.701778
0.708437
0.717954
0.728922
0.739773
0.749115
0.755935
0.759751
0.760718
0.759404
0.756398
0.752193
0.747058
0.741171
0.734656
0.727721
0.720553
0.713472
0.706979
0.701758
0.698262
0.696305
0.695006
0.693527
0.69211
0.692409
0.696398
0.704632
0.715509
0.726247
0.734164
0.737564
0.7359
0.729674
0.72036
0.710099
0.701368
0.696341
0.696323
0.701591
0.711379
0.724254
0.738405
0.752079
0.763813
0.772603
0.777921
0.779677
0.778063
0.773558
0.766722
0.758172
0.74851
0.738288
0.728021
0.718043
0.708462
0.699118
0.689859
0.680774
0.672557
0.666437
0.66372
0.665219
0.670869
0.679872
0.691107
0.703522
0.716309
0.728831
0.740336
0.749994
0.756997
0.760719
0.760826
0.757286
0.75053
0.741514
0.731731
0.722965
0.716943
0.714768
0.71668
0.722016
