0.0541779
0.0540096
0.0419544
0.0586191
0.0522871
0.0456472
0.0474525
0.0430697
0.0365852
0.0572547
0.0544248
0.0465037
0.0528588
0.0452134
0.047789
0.0426603
0.0582589
0.0469316
0.0459258
0.0454248
0.0493426
0.0454383
0.0452593
0.0512562
0.0417773
0.0486692
0.0502956
0.0359266
0.0479373
0.0446546
0.0619395
0.0468463
0.0364456
0.0409842
0.0467464
0.0550236
0.0517693
0.0515886
0.0560234
0.0505837
0.0572036
0.0434012
0.0605027
0.0593983
0.0509759
0.0499741
0.0484971
0.0520056
0.0541736
0.0448815
0.0454272
0.0540157
0.0431384
0.0434152
0.0434941
0.0465476
0.0441785
0.0448409
0.0321545
0.0378743
0.0517188
0.0633682
0.041486
0.0464642
0.0571968
0.0415903
0.041828
0.0387185
0.0439361
0.044219
0.0440175
0.0471152
0.0449966
0.047057
0.0379964
0.047498
0.0416905
0.0531507
0.0537522
0.0405132
0.0378971
0.049511
0.0496438
0.0542982
0.0445163
0.0462465
0.0450634
0.0662013
0.0581317
0.0582293
0.0581647
0.0507562
0.0500252
0.0520229
0.0549457
0.0449751
0.0522503
0.0397875
0.0428291
0.0415382
0.0511578
0.0549093
0.0510912
0.06221
0.0481249
0.0516478
0.0625629
0.0474459
0.0465189
0.0423819
0.0513764
0.042401
0.0492704
0.0496322
0.0388683
0.0418862
0.0476474
0.0417138
0.0561434
0.0557736
0.0495193
0.0415039
0.0524958
0.0529587
0.0498559
0.0471003
0.0439049
0.0548616
0.0623967
0.0600324
0.0641645
0.0532436
0.0461206
0.0445922
0.0446097
0.0462766
0.0592634
0.0578403
0.0590472
0.0529467
0.0509619
0.0531898
0.0394992
0.0460406
0.0428271
0.0448854
0.036199
0.0362667
0.0327187
0.0376419
0.0355516
0.0424774
0.0421475
0.0444944
0.0445677
0.0555951
0.051947
0.05522
0.0719714
0.0522832
0.0553692
0.0448919
0.0408381
0.0470135
0.0501319
0.0414272
0.0428511
0.0529252
0.0457543
0.0469437
0.0512652
0.0478216
0.0439769
0.0416977
0.0557092
0.0500612
0.0509399
0.0558995
0.0597568
0.0495486
0.0404075
0.0492595
0.0371027
0.0431463
0.0457231
0.0498505
0.0424622
0.0392561
0.0548121
0.0451008
0.0546642
0.0484718
0.0458416
0.0575539
0.0490647
0.0414191
0.0425179
0.0409863
0.0518794
0.0515202
0.0489163
0.0549873
0.045232
0.0578381
0.0428384
0.0532804
0.0469712
0.0420313
0.0484117
0.0505651
0.0459084
0.0444726
0.0566561
0.0676794
0.0518986
0.0505643
0.0577791
0.055303
0.0519249
0.051339
0.0431217
0.047661
0.0446412
0.0496559
0.0524585
0.0690023
0.0609074
0.0474751
0.059258
0.0483265
0.0470666
0.0494897
0.0453749
0.0507315
0.0461019
0.0454614
0.0579385
0.07921
0.054563
0.060668
0.052359
0.0513786
0.0485326
0.0511565
0.0557099
0.0470972
0.0475202
0.0392042
0.0467385
0.049142
0.0462209
0.0418372
0.0432848
0.0495166
0.0496291
0.0504038
0.0651587
0.0727087
0.053941
0.0438194
0.0379038
0.0481315
0.0425867
0.0477876
0.0571313
0.0487861
0.0499501
0.0501012
0.0622473
0.051181
0.0466947
0.0390183
0.0572418
0.0456852
0.0447979
0.0412283
0.0534997
0.0575043
0.0537097
0.0663639
0.0432298
0.0488079
0.0470791
0.0425317
0.041158
0.0512881
0.0470521
0.0492419
0.047106
0.0418911
0.0384518
0.0426796
0.0472571
0.0476745
0.0398571
0.0488348
0.0533973
0.0495864
0.0456692
0.0502153
0.0543961
0.0568295
0.067117
0.0599357
0.0508752
0.0500408
0.0457876
0.0484297
0.0591748
0.0513205
0.0521964
0.0475532
0.0489261
0.0455799
0.0435814
0.0466059
0.0393598
0.0492551
0.0431392
0.0588453
0.0740613
0.0627109
0.0518739
0.0442768
0.0541167
0.0460465
0.0514313
0.0467117
0.0582047
0.0583107
0.0536294
0.0540464
0.0423617
0.0396683
0.0552455
0.0452879
0.0416651
0.0464474
0.0568088
0.0492896
0.050816
0.0602039
0.0547359
0.0568254
0.0448356
0.034371
0.040401
0.04612
0.0441666
0.0490026
0.0488308
0.0515143
0.0354421
0.0463652
0.0465245
0.043545
0.0367359
0.0481786
0.0430148
0.0414606
0.0366272
0.0548429
0.0424852
0.0466006
0.0391708
0.0349454
0.0564186
0.0566267
0.0585916
0.0410734
0.0403294
0.047654
0.0483925
0.0549471
0.046594
0.0501584
0.0606649
0.0534774
0.0552221
0.0541921
0.0475423
0.0512911
0.0723868
0.0456125
0.0419522
0.0432133
0.0498904
0.0548401
0.0526068
0.0669552
0.0573132
0.0458117
0.0426148
0.0415098
0.0474787
0.0451982
0.0442076
0.0463479
0.0349533
0.0403256
0.0598889
0.0491424
0.0589681
0.0466963
0.0502652
0.0399656
0.0451216
0.0520542
0.0433997
0.0470194
0.037366
0.0460143
0.0553822
0.0527191
0.0379262
0.0488983
0.0611701
0.0599229
0.0535134
0.0601815
0.0535536
0.0552064
0.0565698
0.0451496
0.0377308
0.0428232
0.0406311
0.0481647
0.0506594
0.0317747
0.0460732
0.0540444
0.0414351
0.04007
0.0445046
0.0406816
0.0385572
0.0510204
0.0464153
0.050362
0.0525822
0.052706
0.0416603
0.0391052
0.0529002
0.0524327
0.0447889
0.0435174
0.0546068
0.0554899
0.0612533
0.0471299
0.0490011
0.04666
0.0419506
0.0555993
0.0505973
0.0513252
0.0447826
0.050833
0.0424681
0.0513994
0.0560802
0.0463184
0.0448464
0.0528722
0.0402235
0.0495046
0.0560006
0.0462239
0.0342238
0.0423658
0.0422693
0.0433843
0.0457706
0.0519149
0.0413669
0.0506364
0.0407621
0.0439878
0.0454197
0.0437168
0.0393827
0.0513623
0.0465001
0.0390507
0.049479
0.0407482
0.0410078
0.0429133
0.0407324
0.0557364
0.0544244
0.0430153
0.0474945
0.048021
0.0590612
0.0392435
0.0449561
0.0448105
0.0409842
0.0472127
0.0438135
0.0451934
0.0456574
0.0568648
0.0462514
0.0427998
0.042174
0.0420223
0.0359093
0.0463492
0.0418909
0.0431945
0.0653415
0.0494317
0.0432919
0.0456081
0.0344222
0.0467115
0.0455095
0.0421089
0.0595436
0.0469704
0.0403408
0.0547638
0.0644475
0.0521373
0.0527443
0.0449022
0.0458618
0.0523902
0.0506441
0.0450117
0.0427932
0.0612195
0.0521082
0.0579479
0.0511062
0.0521308
0.0534738
0.0382476
0.043424
0.0645617
0.054779
0.0386431
0.0493327
0.0509443
0.052319
0.0603846
0.0472346
0.0547462
0.0421836
0.0570798
0.0527655
0.0532608
0.0539871
0.0440826
0.0492965
0.0466198
0.0365109
0.0498603
0.0420496
0.0668895
0.0665618
0.0456805
0.0478363
0.043599
0.048511
0.0367217
0.0575262
0.0493622
0.0404039
0.0473049
0.0480699
0.0444284
0.047802
0.066485
0.0544814
0.0450427
0.0422102
0.0484554
0.0486231
0.0422241
0.0498892
0.0348815
0.0360254
0.0457454
0.0416612
0.0453719
0.0422298
0.050654
0.0539858
0.0545112
0.0478908
0.0408339
0.054186
0.0513678
0.0590579
0.060999
0.0426526
0.0492604
0.0465081
0.0603601
0.0513238
0.052887
0.0559029
0.0477253
0.0490407
0.0526716
0.0455312
0.0503608
0.0453611
0.0478768
0.0458143
0.0467925
0.0465032
0.0530759
0.0449848
0.052564
0.0337261
0.0400609
0.0542985
0.0571272
0.0396808
0.0424631
0.0429691
0.0380065
0.0429473
0.036512
0.0440354
0.0406341
0.0547829
0.0433386
0.0371737
0.0444959
0.0524258
0.0377942
0.0487142
0.0595509
0.0576452
0.0577486
0.0582098
0.0678575
0.0628806
0.05181
0.0465273
0.0440051
0.0441468
0.0557438
0.0466409
0.0505702
0.0710961
0.0687842
0.061055
0.0460128
0.0493107
0.0542361
0.0531998
0.0451581
0.0468663
0.0525038
0.0502534
0.0600953
0.0490219
0.060356
0.0418006
0.0466484
0.0419331
0.0581191
0.0398009
0.0340199
0.0403349
0.0403688
0.0471924
0.0473923
0.0442083
0.0447599
0.0481713
0.0469263
0.0525627
0.0441996
0.0499551
0.0497807
0.0461425
0.0521335
0.0486172
0.0557116
0.0630676
0.0434001
0.0475846
0.0391488
0.0469361
0.0439599
0.0423811
0.0514465
0.0528845
0.0484949
0.0407033
0.0437826
0.0706963
0.0489509
0.0423743
0.0527873
0.0589909
0.0569779
0.0603683
0.0418634
0.0486728
0.0580882
0.0541815
0.06052
0.0496777
0.0479968
0.0373161
0.0364234
0.045207
0.0446709
0.0578073
0.0509744
0.0729435
0.0527852
0.052856
0.0422475
0.0478245
0.0461878
0.0456247
0.0428501
0.0393718
0.0415623
0.0445888
0.0443748
0.0453309
0.0392862
0.0392749
0.0438853
0.0577454
0.0559061
0.0510787
0.0469875
0.0569514
0.0635387
0.0498087
0.0494857
0.0443177
0.0428702
0.0469005
0.0605087
0.0737056
0.0562007
0.0680998
0.0475699
0.037224
0.0524588
0.0529905
0.0473309
0.0456622
0.038644
0.0469864
0.0525435
0.0415173
0.0391579
0.0496295
0.0564717
0.0514565
0.051201
0.0462711
0.0382086
0.0410758
0.0462626
0.0486077
0.0511981
0.0461703
0.0354681
0.0445672
0.0407863
0.0438902
0.0441119
0.046127
0.0532985
0.0378994
0.0376269
0.0460111
0.0535077
0.0543881
0.0440095
0.0442642
0.0506013
0.049273
0.0432
0.0471402
0.0495496
0.0468361
0.0420631
0.0473496
0.0830308
0.0484794
0.0500012
0.0491078
0.0475696
0.0586228
0.0555723
0.0758988
0.0413449
0.0476859
0.0490127
0.0447079
0.0442632
0.0448294
0.0454578
0.0389559
0.0487381
0.0459087
0.0461279
0.0427488
0.0378259
0.0393852
0.0465577
0.0488506
0.0485108
0.0395838
0.0438582
0.050859
0.0463197
0.0423951
0.0521875
0.0445718
0.046905
0.0404878
0.0446296
0.0553739
0.054906
0.0383527
0.0438752
0.0388403
0.0374325
0.0605592
0.0528038
0.064433
0.0660668
0.063448
0.0510354
0.0433158
0.0370287
0.0450371
0.0556158
0.0565274
0.0474888
0.0590265
0.0479439
0.0571192
0.0515257
0.0519287
0.0511028
0.0466355
0.0431705
0.045193
0.0425949
0.0418271
0.0627949
0.0520423
0.0416398
0.059092
0.0765227
0.0713802
0.0423376
0.0340278
0.0498505
0.0453245
0.0509535
0.0414163
0.0484063
0.0552859
0.0546394
0.0433375
0.0363975
0.0377964
0.0371991
0.0420264
0.042767
0.0377283
0.0397117
0.0456683
0.0450119
0.0449739
0.0475705
0.0481936
0.0444603
0.0697286
0.0512434
0.0543688
0.049203
0.0577914
0.0385081
0.0493102
0.0402783
0.0424561
0.0605997
0.0523112
0.0528147
0.0486748
0.0486796
0.0539047
0.0411407
0.0417846
0.0570926
0.0520828
0.0403294
0.0385069
0.0658814
0.0619679
0.0535059
0.0537338
0.068647
0.049048
0.0459316
0.0593634
0.0519943
0.0369869
0.0518252
0.0486624
0.0467182
0.0543438
0.0469754
0.0421304
0.0448225
0.0702487
0.0648504
0.0837176
0.0812577
0.0494455
0.0488999
0.0380433
0.0414795
0.0649453
0.0471947
0.0441862
0.0466608
0.0531238
0.0419404
0.0434135
0.0464674
0.0410553
0.0467511
0.0463177
0.0492122
0.0468576
0.0614602
0.0549177
0.04379
0.0406556
0.0430949
0.0391265
0.040339
0.0357171
0.0489169
0.0473944
0.042684
0.0524907
0.0517886
0.0553894
0.0549826
0.0590368
0.0431806
0.049392
0.0427623
0.0385371
0.0385815
0.039433
0.0497235
0.0448061
0.0567582
0.0485252
0.0656973
0.0422289
0.0579861
0.0480355
0.0501836
0.0526466
0.0534635
0.0415844
0.0606238
0.0599248
0.0641806
0.0495519
0.042942
0.0455215
0.0423498
0.0363575
0.052312
0.0419302
0.0383838
0.0445171
0.0538919
0.043229
0.0531416
0.0517152
0.0415333
0.0465651
0.0412951
