-0.300252
-0.362035
-0.357754
-0.418428
-0.358196
-0.458663
-0.413091
-0.401387
-0.353877
-0.402904
-0.40355
-0.401604
-0.383197
-0.295914
-0.36739
-0.428941
-0.383795
-0.408516
-0.31425
-0.372218
-0.367049
-0.398568
-0.405732
-0.439894
-0.460214
-0.454553
-0.462698
-0.456933
-0.41148
-0.40095
-0.390284
-0.336323
-0.366769
-0.345263
-0.411896
-0.408264
-0.398014
-0.340436
-0.338829
-0.35222
-0.391805
-0.386981
-0.358258
-0.39889
-0.407243
-0.347273
-0.429769
-0.511305
-0.432552
-0.348933
-0.428455
-0.435224
-0.373528
-0.366783
-0.342188
-0.450247
-0.437861
-0.46472
-0.482699
-0.462727
-0.40139
-0.364932
-0.421447
-0.49646
-0.419855
-0.360294
-0.378903
-0.383301
-0.444396
-0.441153
-0.433083
-0.456314
-0.530778
-0.492362
-0.484908
-0.449029
-0.451483
-0.44559
-0.436705
-0.394605
-0.387635
-0.353955
-0.407847
-0.365616
-0.435643
-0.457424
-0.367193
-0.347186
-0.457174
-0.515497
-0.438208
-0.454899
-0.438433
-0.437801
-0.454528
-0.45387
-0.460342
-0.419273
-0.335941
-0.364664
-0.35156
-0.338939
-0.343547
-0.361488
-0.463515
-0.470922
-0.39531
-0.421474
-0.439247
-0.429366
-0.37617
-0.42553
-0.452549
-0.390554
-0.380025
-0.488758
-0.439924
-0.422196
-0.367606
-0.403357
-0.413207
-0.380188
-0.430809
-0.4008
-0.413821
-0.36057
-0.364215
-0.322624
-0.285733
-0.38004
-0.33464
-0.320381
-0.366358
-0.420211
-0.36843
-0.365189
-0.337796
-0.360462
-0.368286
-0.344253
-0.370491
-0.423553
-0.437672
-0.448793
-0.41932
-0.469602
-0.460916
-0.483937
-0.506711
-0.357485
-0.391675
-0.402186
-0.430786
-0.370281
-0.34141
-0.363195
-0.399915
-0.40374
-0.369476
-0.432975
-0.426651
-0.424164
-0.414231
-0.453418
-0.368792
-0.405638
-0.392343
-0.395774
-0.402025
-0.395429
-0.425192
-0.439025
-0.508652
-0.498237
-0.447611
-0.387153
-0.370241
-0.353494
-0.415767
-0.406706
-0.365723
-0.393598
-0.432468
-0.457663
-0.448384
-0.458789
-0.428273
-0.449862
-0.427982
-0.423211
-0.432908
-0.424272
-0.450125
-0.431857
-0.350899
-0.395399
-0.35276
-0.373026
-0.444121
-0.451437
-0.374835
-0.399402
-0.470824
-0.421778
-0.434781
-0.416335
-0.38848
-0.449557
-0.419125
-0.475433
-0.547957
-0.455551
-0.435627
-0.341436
-0.338592
-0.363496
-0.444525
-0.408295
-0.435361
-0.486847
-0.427764
-0.459576
-0.42621
-0.370752
-0.428733
-0.435253
-0.535179
-0.361767
-0.356495
-0.387497
-0.4337
-0.412332
-0.402231
-0.358646
-0.36634
-0.370923
-0.355079
-0.390311
-0.428295
-0.394394
-0.417397
-0.433018
-0.385223
-0.393472
-0.448892
-0.387447
-0.392878
-0.400439
-0.385338
-0.46596
-0.506564
-0.430175
-0.42422
-0.394397
-0.443094
-0.422236
-0.346967
-0.417132
-0.471181
-0.456344
-0.388254
-0.43089
-0.38095
-0.392473
-0.360747
-0.374566
-0.357722
-0.348459
-0.348359
-0.405515
-0.41216
-0.399926
-0.442085
-0.353533
-0.36282
-0.316562
-0.321433
-0.332028
-0.325378
-0.354101
-0.334634
-0.450013
-0.308749
-0.347081
-0.379621
-0.383876
-0.362006
-0.294497
-0.338148
-0.421797
-0.354912
-0.406839
-0.345648
-0.347199
-0.354004
-0.386324
-0.411258
-0.433779
-0.433997
-0.498135
-0.516186
-0.427261
-0.362761
-0.437359
-0.372505
-0.396162
-0.458114
-0.429424
-0.407391
-0.37138
-0.419063
-0.382161
-0.419917
-0.416327
-0.356426
-0.360733
-0.266866
-0.275564
-0.354839
-0.348204
-0.373978
-0.423053
-0.399223
-0.379823
-0.336144
-0.318103
-0.362127
-0.362165
-0.369358
-0.37875
-0.372003
-0.392277
-0.429886
-0.412281
-0.394632
-0.379226
-0.47467
-0.490147
-0.426205
-0.407805
-0.42408
-0.351957
-0.382265
-0.359438
-0.334061
-0.408206
-0.445499
-0.427207
-0.425515
-0.459842
-0.450952
-0.439501
-0.469871
-0.447254
-0.394846
-0.425268
-0.369722
-0.355305
-0.359446
-0.400814
-0.413142
-0.445498
-0.42466
-0.419467
-0.487039
-0.423418
-0.372635
-0.386043
-0.395036
-0.410642
-0.408015
-0.377931
-0.360107
-0.386818
-0.414298
-0.457605
-0.471991
-0.413697
-0.421896
-0.457296
-0.440719
-0.474314
-0.433948
-0.501964
-0.44317
-0.365626
-0.369943
-0.424411
-0.516875
-0.51311
-0.486345
-0.429757
-0.421402
-0.451948
-0.379186
-0.398908
-0.337395
-0.415644
-0.412425
-0.350393
-0.322219
-0.298109
-0.311307
-0.313449
-0.277817
-0.402375
-0.390568
-0.354962
-0.349643
-0.336914
-0.396013
-0.392751
-0.393113
-0.366488
-0.406502
-0.3867
-0.326021
-0.408679
-0.353601
-0.351874
-0.419137
-0.425336
-0.489078
-0.507655
-0.562854
-0.482233
-0.394347
-0.428237
-0.341819
-0.42315
-0.368539
-0.331558
-0.364381
-0.367196
-0.386781
-0.445507
-0.39621
-0.39962
-0.410886
-0.421046
-0.476948
-0.39717
-0.334043
-0.43958
-0.410382
-0.390654
-0.37822
-0.42022
-0.344032
-0.361661
-0.432369
-0.321467
-0.37496
-0.441218
-0.466312
-0.410222
-0.509488
-0.452782
-0.464315
-0.461182
-0.50035
-0.520938
-0.405036
-0.414785
-0.392009
-0.423513
-0.411646
-0.449438
-0.44847
-0.463707
-0.478255
-0.513129
-0.50414
-0.517397
-0.481614
-0.463467
-0.481825
-0.405375
-0.423046
-0.345264
-0.400623
-0.385576
-0.422124
-0.393978
-0.40467
-0.459054
-0.38675
-0.462316
-0.425642
-0.512371
-0.455776
-0.525587
-0.51706
-0.597261
-0.528795
-0.527434
-0.486458
-0.46423
-0.483497
-0.566995
-0.499847
-0.460414
-0.384305
-0.395803
-0.422557
-0.421644
-0.424206
-0.432844
-0.482131
-0.449237
-0.436684
-0.401499
-0.434691
-0.404612
-0.332082
-0.347014
-0.360367
-0.424045
-0.44653
-0.449448
-0.403063
-0.364799
-0.350575
-0.38253
-0.409853
-0.465891
-0.428735
-0.436411
-0.333282
-0.3858
-0.422337
-0.395461
-0.390752
-0.385001
-0.35237
-0.299389
-0.417462
-0.346891
-0.364551
-0.423786
-0.423771
-0.408537
-0.365348
-0.383981
-0.365883
-0.439314
-0.394606
-0.41057
-0.376732
-0.406719
-0.497281
-0.44878
-0.348084
-0.338449
-0.359195
-0.384395
-0.381395
-0.32857
-0.392101
-0.441824
-0.455314
-0.49425
-0.443536
-0.410969
-0.403188
-0.430108
-0.475728
-0.37907
-0.374302
-0.47907
-0.54333
-0.500828
-0.488486
-0.462833
-0.490989
-0.434771
-0.417322
-0.376942
-0.343209
-0.389792
-0.402634
-0.317812
-0.351252
-0.399118
-0.321576
-0.491867
-0.492737
-0.462664
-0.426575
-0.382697
-0.404561
-0.386742
-0.400553
-0.366562
-0.369977
-0.405929
-0.416088
-0.414709
-0.41951
-0.393006
-0.385501
-0.373629
-0.412141
-0.371903
-0.375927
-0.378274
-0.349664
-0.393016
-0.404863
-0.379454
-0.41568
-0.438485
-0.369659
-0.432887
-0.435334
-0.463084
-0.410691
-0.348312
-0.454571
-0.473126
-0.428164
-0.385281
-0.337981
-0.344152
-0.415109
-0.385028
-0.400786
-0.433543
-0.394147
-0.416958
-0.400655
-0.430319
-0.404317
-0.480598
-0.432411
-0.44814
-0.399029
-0.523239
-0.503305
-0.490763
-0.430406
-0.475537
-0.45785
-0.449369
-0.442855
-0.393194
-0.404963
-0.405116
-0.436287
-0.388009
-0.388485
-0.368623
-0.385114
-0.383071
-0.410834
-0.504274
-0.587981
-0.551283
-0.559719
-0.522184
-0.447588
-0.368354
-0.433821
-0.460851
-0.436152
-0.358003
-0.407773
-0.359431
-0.395951
-0.399702
-0.470423
-0.467426
-0.431864
-0.428027
-0.44163
-0.439164
-0.380113
-0.427245
-0.386226
-0.37662
-0.371924
-0.36081
-0.351938
-0.35391
-0.423149
-0.403932
-0.439331
-0.428064
-0.402799
-0.387746
-0.348461
-0.41372
-0.450399
-0.427381
-0.396133
-0.400749
-0.351869
-0.439549
-0.46904
-0.390865
-0.353969
-0.345023
-0.383341
-0.376427
-0.364326
-0.380045
-0.377238
-0.43314
-0.434792
-0.385726
-0.357274
-0.318286
-0.398277
-0.349513
-0.414991
-0.382977
-0.438208
-0.43222
-0.353185
-0.317433
-0.315203
-0.40057
-0.395498
-0.465065
-0.41752
-0.405792
-0.429029
-0.506
-0.490758
-0.371964
-0.362042
-0.395858
-0.463727
-0.416086
-0.392535
-0.407936
-0.369916
-0.402884
-0.396179
-0.357584
-0.339723
-0.388188
-0.371228
-0.334101
-0.384065
-0.399738
-0.455659
-0.449124
-0.421838
-0.410246
-0.341104
-0.35718
-0.420914
-0.412967
-0.42136
-0.449718
-0.446428
-0.425825
-0.446862
-0.472495
-0.448304
-0.444661
-0.470382
-0.318132
-0.421011
-0.424895
-0.366198
-0.398761
-0.475775
-0.397368
-0.414737
-0.443151
-0.379289
-0.420596
-0.42993
-0.367639
-0.428096
-0.428994
-0.484332
-0.42924
-0.483925
-0.414861
-0.42273
-0.382694
-0.386255
-0.391852
-0.395116
-0.412508
-0.441453
-0.395546
-0.433008
-0.36698
-0.362687
-0.413361
-0.418982
-0.435618
-0.458111
-0.476875
-0.526377
-0.454954
-0.41521
-0.445906
-0.485674
-0.505993
-0.404416
-0.417899
-0.410291
-0.478332
-0.423341
-0.346995
-0.396572
-0.371922
-0.304433
-0.303896
-0.347011
-0.454122
-0.436145
-0.374357
-0.391199
-0.409293
-0.463318
-0.456217
-0.436002
-0.378245
-0.388972
-0.358661
-0.395127
-0.432313
-0.379703
-0.331008
-0.373265
-0.341595
-0.416063
-0.359994
-0.417341
-0.463685
-0.49389
-0.488241
-0.463042
-0.388851
-0.416672
-0.332331
-0.411882
-0.442566
-0.429352
-0.370899
-0.395143
-0.424496
-0.390837
-0.489334
-0.336032
-0.330159
-0.349745
-0.358461
-0.384702
-0.33262
-0.417478
-0.458717
-0.419405
-0.422665
-0.398198
-0.383138
-0.349783
-0.385742
-0.441385
-0.484524
-0.520041
-0.308357
-0.324389
-0.337303
-0.380689
-0.415223
-0.393817
-0.452856
-0.546693
-0.461427
-0.478147
-0.487529
-0.457661
-0.463374
-0.442163
-0.367724
-0.426642
-0.399086
-0.417277
-0.412025
-0.321186
-0.335673
-0.368257
-0.413854
-0.383987
-0.408421
-0.422138
-0.405785
-0.429942
-0.476398
-0.398662
-0.388343
-0.48013
-0.41082
-0.428057
-0.43158
-0.396186
-0.434661
-0.472955
-0.473082
-0.521013
-0.483707
-0.442401
-0.410064
-0.463932
-0.551622
-0.520489
-0.502717
-0.446634
-0.469789
-0.4655
-0.406895
-0.424749
-0.492078
-0.538088
-0.50786
-0.458544
-0.498805
-0.445994
-0.435538
-0.314009
-0.316772
-0.376704
-0.352357
-0.450168
-0.505528
-0.484021
-0.541803
-0.481843
-0.425077
-0.417465
-0.446265
-0.441506
-0.497039
-0.507892
-0.447847
-0.472145
-0.319087
-0.376655
-0.355964
-0.348139
-0.431905
-0.396555
-0.375736
-0.407481
-0.364741
-0.404484
-0.46245
-0.410378
-0.437696
-0.409495
-0.401275
-0.365985
-0.406672
-0.398465
-0.374596
-0.39197
-0.515603
-0.521799
-0.488615
-0.485103
-0.514127
-0.473058
-0.491317
-0.477949
-0.397798
-0.417443
-0.42237
-0.41628
-0.393074
-0.458298
-0.453939
-0.377873
-0.358192
-0.45388
-0.45313
-0.470678
-0.41537
-0.463446
-0.477381
-0.413616
-0.405201
-0.427145
-0.431483
-0.428544
-0.420384
-0.433225
-0.414207
-0.438892
-0.460622
-0.417045
-0.38236
-0.334369
-0.448519
