0 0.286993 0.00266429
1 -9.15056 9.76655
2 -2.8341 8.1139
3 -10.054 7.23942
4 -7.49398 7.30367
5 2.27056 6.56728
6 7.22544 4.49169
7 15.6227 7.58567
8 12.518 7.26683
9 -20.5547 6.07686
10 -9.14313 6.84316
11 8.52369 5.49332
12 9.18982 8.08112
13 1.49753 5.60111
14 -0.588788 5.59635
15 -3.62237 8.58242
16 13.7371 6.57488
17 -7.73296 7.68675
18 4.98119 8.38685
19 2.11804 7.11846
20 -2.32193 6.82978
21 0.165728 9.90383
22 -3.57627 10.4898
23 3.34793 6.77822
24 -2.65733 7.86426
25 0.633891 5.67682
26 -5.21055 8.37628
27 -6.20006 6.54683
28 -8.14032 8.35778
29 0.58743 4.64161
30 8.10404 8.92226
31 10.4233 7.84567
32 -0.367241 4.58982
33 13.956 9.2687
34 6.86058 8.86328
35 33.2276 7.37659
36 9.63134 5.68247
37 5.62522 6.68605
38 -0.872347 6.5136
39 -7.86669 8.3381
40 0.295641 7.63232
41 -9.82757 5.71293
42 9.96253 6.50225
43 9.16702 5.87699
44 11.7362 8.09092
45 1.81875 7.22921
46 -7.03137 5.43888
47 -10.4373 7.03807
48 1.20203 7.63842
49 -1.17756 6.09646
50 16.8775 4.24009
51 -3.54179 6.89117
52 -3.6872 7.13369
53 -8.80463 7.91722
54 -2.62647 7.72881
55 0.650921 6.59192
56 2.42184 6.6106
57 2.59961 9.15271
58 -2.01181 4.85767
59 9.13561 6.45506
60 3.71334 7.24536
61 -0.619519 6.46743
62 1.64992 5.72592
63 12.0199 6.9402
64 3.45456 7.33464
65 -1.4661 5.18036
66 5.17424 10.2553
67 -0.452419 6.97761
68 4.40251 7.80575
69 -3.99108 6.27584
70 11.3779 8.16088
71 -4.90788 8.98616
72 7.00689 5.9991
73 0.422185 7.44776
74 6.60461 7.29193
75 -1.49463 8.83078
76 -6.56051 8.53269
77 -10.0046 6.20839
78 9.6677 9.2197
79 6.1198 4.87048
80 -6.28079 8.18622
81 -7.03765 8.24079
82 -4.95242 7.31658
83 -5.6634 7.20701
84 -24.9746 8.17492
85 5.87167 8.18086
86 -6.14572 6.06714
87 1.69346 5.24615
88 -6.30282 6.13987
89 16.7224 6.41062
90 6.79301 7.46357
91 2.47491 6.9308
92 -2.97449 4.22062
93 5.5157 6.73773
94 -10.2586 6.49946
95 2.22235 7.52983
96 -11.3868 6.11169
97 -4.49878 7.30285
98 4.27906 6.87307
99 8.7266 8.2889
100 -10.0785 7.3977
101 10.9892 6.59161
102 -8.38825 8.49218
103 -8.79982 6.87552
104 14.0337 5.24147
105 8.51049 5.90105
106 -4.51881 6.51905
107 -2.72336 5.68318
108 1.56833 7.24453
109 2.18641 6.78245
110 -2.51909 7.73193
111 -0.641098 6.69717
112 2.03513 6.65002
113 -7.15151 7.54138
114 -1.28421 7.39609
115 -1.88234 7.50899
116 -1.87893 7.92213
117 3.75975 4.60902
118 0.424426 6.60912
119 8.00438 6.78482
120 4.34563 4.58044
121 -5.55241 5.21992
122 11.6567 7.95384
123 9.84809 8.26826
124 6.63381 8.25909
125 0.40803 7.0447
126 4.79418 5.89384
127 1.11049 8.03058
128 -10.5353 6.5917
129 0.666404 5.04458
130 3.99245 7.88826
131 8.62665 7.47752
132 0.246763 6.96581
133 11.442 7.51145
134 -13.9073 7.40652
135 9.22633 8.60142
136 9.92737 5.80916
137 -10.0259 7.77837
138 5.96576 8.20299
139 -9.19786 9.11403
140 -7.41753 6.34517
141 -3.17985 6.61277
142 6.59452 6.88403
143 13.9928 4.50028
144 4.12589 7.71418
145 -2.78965 7.94511
146 2.00147 8.30667
147 8.87794 5.8119
148 2.02902 7.07908
149 6.81772 6.96685
150 -5.26161 9.642
151 -0.447116 7.31548
152 -2.99749 5.90818
153 14.0002 6.23945
154 2.65091 8.56439
155 13.0904 8.76099
156 7.80026 4.60264
157 -8.96916 6.46089
158 -0.463615 4.89055
159 5.68474 6.37355
160 6.40831 6.49479
161 -9.89941 6.78717
162 -6.96975 7.35961
163 13.17 7.18861
164 16.7686 8.76834
165 23.9715 5.50845
166 4.21989 6.0043
167 0.866582 7.30693
168 -1.71183 7.36021
169 8.75809 6.39076
170 -1.32729 5.67039
171 -6.35807 6.30611
172 7.70978 5.00364
173 5.57027 9.23025
174 4.10853 9.58252
175 -12.7279 7.24293
176 -4.01831 7.60816
177 -3.62281 7.09099
178 3.09879 8.31505
179 -8.86674 6.91376
180 14.2887 7.41511
181 -2.46264 7.83686
182 4.11103 5.47932
183 -16.9878 8.74698
184 -6.05051 6.72815
185 -0.625121 6.81032
186 -5.83998 7.54085
187 4.59902 8.9651
188 12.129 7.61575
189 0.664329 6.69116
190 -1.9434 6.53254
191 7.90355 9.07311
192 -7.9587 7.36366
193 1.96265 8.7268
194 1.4287 8.33394
195 6.81494 6.73639
196 -5.41715 7.33088
197 11.9248 10.0751
198 -6.48101 8.25501
199 0.879656 5.59055
200 1.04797 7.08399
201 -16.2319 8.15431
202 -6.64027 7.01494
203 3.17956 7.82908
204 2.25698 5.70995
205 1.22797 7.23104
206 1.57031 5.77752
207 -8.11287 9.02904
208 -0.0395797 6.20071
209 -0.59743 5.86362
210 -7.63397 6.29067
211 1.897 8.47507
212 5.49827 9.62131
213 7.95696 6.19472
214 12.7727 7.84439
215 2.04608 5.97265
216 7.84174 8.28575
217 4.65207 7.81821
218 -5.54683 7.37596
219 12.1629 8.66384
220 -7.68989 5.81757
221 -2.70129 10.05
222 16.558 7.95925
223 8.07527 8.56102
224 9.7068 9.0902
225 1.6057 7.97275
226 13.2149 6.82274
227 -4.64173 8.17947
228 2.79996 6.04529
229 7.99143 7.47788
230 -1.32302 6.19463
231 6.45167 6.57246
232 18.5217 6.41957
233 -3.15461 5.49545
234 6.99535 7.26248
235 -2.23662 6.35607
236 2.91072 7.73081
237 12.1273 7.22044
238 4.16349 7.20591
239 2.78937 9.37904
240 -2.47616 7.77852
241 -10.5375 9.28166
242 6.10309 6.14531
243 -7.78105 4.95829
244 4.18049 7.65383
245 6.81232 8.17034
246 3.36329 8.93884
247 -9.52785 6.91132
248 -0.703272 8.52737
249 1.01393 7.86963
250 -5.93873 8.49042
251 7.33478 7.65824
252 -6.85311 6.92976
253 3.42282 6.72415
254 7.45219 4.55896
255 2.57649 5.7922
256 -7.62063 5.94306
257 -4.7267 8.19734
258 -1.49392 7.81833
259 15.9286 5.84407
260 6.86092 7.76142
261 1.31813 6.23764
262 20.8052 5.80533
263 -11.1433 6.6011
264 1.98637 9.14022
265 9.12668 7.17285
266 1.70407 5.76305
267 -9.68421 7.38841
268 -15.5982 7.41822
269 5.14097 10.6421
270 2.56978 6.17541
271 -4.58311 7.22418
272 6.18701 6.14686
273 -1.02845 8.76255
274 13.0216 6.20541
275 -6.8771 6.6801
276 -0.106079 8.47053
277 -2.06429 7.8509
278 4.41104 8.53621
279 -9.60343 6.77802
280 3.08056 8.25215
281 7.13474 8.76413
282 -3.93035 5.8042
283 -2.24956 6.22814
284 -0.0108939 7.57143
285 2.63098 7.84994
286 -2.87525 5.50821
287 10.9561 6.58098
288 7.52512 7.16405
289 -14.0447 6.71012
290 0.132784 6.43913
291 -13.411 6.65875
292 -1.43565 5.06874
293 10.7632 7.992
294 -12.8945 9.33988
295 18.7426 6.39664
296 0.182245 7.03629
297 -1.69451 8.64427
298 13.2405 7.08676
299 0.283275 0.00256225
