-0.345454   -0.335268   0.0464257
-0.168773   -0.11435   -0.458251
0.37185   -0.43207   0.368576
-0.415692   0.214162   -0.484772
-0.286676   0.365006   0.477317
-0.0212104   0.431029   0.37693
-0.366642   0.0134458   -0.210018
-0.286448   -0.305662   0.497361
-0.150524   -0.49553   -0.429166
0.311365   -0.266517   0.432721
-0.00360185   -0.397268   -0.0231417
0.201365   0.380571   -0.471845
0.372906   -0.277673   -0.345863
0.412091   0.263115   -0.294839
0.352287   -0.0434599   0.432532
-0.15482   0.0556202   -0.322388
-0.352847   -0.0203083   -0.460182
0.259039   -0.160786   0.231396
-0.0135732   0.131377   -0.409621
-0.0848813   -0.272912   -0.363435
0.280683   -0.418749   -0.228691
0.146641   -0.262507   -0.425327
0.278533   -0.107291   -0.310274
0.242095   -0.241621   -0.122207
0.320208   0.175089   -0.145925
-0.433018   0.47815   -0.498272
-0.417719   -0.301163   -0.151248
-0.356016   0.38926   -0.233456
-0.237981   0.00855384   0.370079
-0.214325   -0.451638   0.381393
-0.400301   -0.413037   0.359336
-0.0174503   0.327551   -0.436168
0.185643   0.023621   -0.462506
-0.379352   -0.417562   -0.317427
0.451168   0.474713   -0.286618
0.116273   0.0333703   -0.282419
0.495281   -0.315573   0.486518
-0.173171   -0.37573   -0.225193
0.445711   0.0569254   -0.271234
-0.269415   0.482917   -0.0814199
0.0950501   -0.44122   -0.201689
-0.0809129   0.438033   -0.157147
-0.166691   -0.434437   0.105239
0.086474   -0.449314   0.147501
-0.167806   0.30534   -0.289262
-0.418846   0.0743081   -0.00197321
0.207513   0.409172   -0.272667
0.353275   0.322695   0.047987
-0.332443   -0.196487   -0.317858
-0.160602   -0.114009   -0.212041
-0.48449   0.241167   -0.104744
0.429674   -0.302696   0.175813
0.0803614   -0.175956   -0.238281
-0.0529528   0.17223   -0.190377
-0.302621   0.100201   0.194321
-0.136719   -0.238733   0.0288073
0.343495   -0.130831   0.0465145
0.427556   -0.118913   -0.144954
-0.0455602   -0.0217097   -0.0897934
-0.399375   -0.154903   0.372384
-0.483745   0.239545   0.136133
-0.215116   0.0958955   -0.0488978
-0.217823   0.277769   -0.0886626
-0.344721   0.323798   0.0435372
-0.334005   0.200928   -0.284585
-0.0950107   0.350475   0.137372
-0.206987   0.17285   -0.476733
0.388165   0.0720927   0.0412224
0.108392   0.251409   -0.276469
0.355858   0.397682   -0.140739
0.110781   0.157013   -0.0814794
0.218709   -0.0187302   -0.0973232
0.357961   -0.365037   -0.0105735
-0.193291   -0.182669   0.345164
-0.283979   -0.0855557   -0.0309908
-0.293167   0.424295   0.218513
0.0579319   0.356993   -0.0186121
0.185395   0.496053   -0.0239563
0.157308   -0.104007   0.402894
-0.476125   0.498932   0.145347
0.0823403   -0.4634   -0.414407
0.206882   0.435979   0.304024
-0.062164   -0.294199   0.208595
-0.450968   0.380698   0.321734
0.456744   -0.0648208   0.22392
-0.317856   0.237899   0.325887
0.369577   0.14454   -0.46241
0.479178   -0.101529   -0.4442
-0.320019   -0.135398   0.177235
-0.0965415   -0.0198153   0.108888
0.020717   -0.0695941   -0.4215
-0.26982   -0.328941   0.220406
0.309515   -0.471924   0.171779
0.138833   -0.363853   0.309406
0.243827   0.105166   0.316477
0.303864   -0.416849   -0.433706
-0.472581   -0.472142   -0.0810242
-0.0247304   0.192468   0.0440232
-0.101894   0.242984   0.318964
-0.484846   0.0809918   0.366921
0.173772   0.0312538   0.149045
0.101052   0.310317   0.207622
0.16439   -0.282586   0.0622282
-0.000982909   0.0578351   0.389018
0.108654   0.228914   0.405969
0.361683   0.25819   0.251859
-0.075232   -0.315483   0.429507
0.39245   0.371816   0.446123
