           1    -5.41242    -5.41242           0
           2    -5.44054    -5.42648   0.0140601
           3    -5.42034    -5.42443  0.00837139
           4    -5.43306    -5.42659  0.00630019
           5     -5.4276    -5.42679  0.00488434
           6    -5.41332    -5.42455  0.00457691
           7    -5.41154    -5.42269  0.00429148
           8    -5.41365    -5.42156  0.00388441
           9    -5.40941    -5.42021  0.00368199
          10    -5.40026    -5.41821  0.00385034
          11    -5.42159    -5.41852  0.00349625
          12    -5.41882    -5.41855  0.00319173
          13    -5.41465    -5.41825  0.00295123
          14    -5.42004    -5.41837   0.0027353
          15    -5.41729     -5.4183  0.00254745
          16    -5.42318    -5.41861  0.00240238
          17    -5.42134    -5.41877  0.00226238
          18     -5.4072    -5.41812  0.00222775
          19    -5.40054     -5.4172  0.00230158
          20    -5.41957    -5.41732  0.00218668
          21    -5.41008    -5.41697  0.00210828
          22    -5.41693    -5.41697  0.00201017
          23    -5.42473    -5.41731   0.0019502
          24    -5.42592    -5.41767  0.00190131
          25    -5.41535    -5.41757  0.00182603
          26    -5.41152    -5.41734  0.00176979
          27    -5.41077     -5.4171  0.00172031
          28    -5.40648    -5.41672  0.00170053
          29    -5.43239    -5.41726  0.00172749
          30    -5.42568    -5.41754  0.00169236
          31    -5.43136    -5.41799  0.00169647
          32    -5.41346    -5.41784  0.00164867
          33    -5.40844    -5.41756  0.00162312
          34    -5.42384    -5.41774  0.00158546
          35    -5.42984    -5.41809  0.00157779
          36    -5.40913    -5.41784  0.00155339
          37    -5.39428     -5.4172  0.00163951
          38     -5.4024    -5.41681  0.00164266
          39    -5.41809    -5.41685  0.00160032
          40    -5.42329    -5.41701   0.0015681
          41    -5.39752    -5.41653  0.00160154
          42     -5.4008    -5.41616  0.00160722
          43     -5.4227    -5.41631  0.00157676
          44    -5.41636    -5.41631  0.00154051
          45    -5.41393    -5.41626  0.00150682
          46    -5.40524    -5.41602  0.00149303
          47    -5.40101     -5.4157   0.0014954
          48    -5.40907    -5.41556  0.00147041
          49    -5.41455    -5.41554  0.00144024
          50    -5.42712    -5.41577  0.00143001
          51    -5.40721     -5.4156  0.00141171
          52     -5.4167    -5.41563  0.00138446
          53    -5.42754    -5.41585  0.00137657
          54     -5.4237      -5.416  0.00135863
          55    -5.39994     -5.4157  0.00136528
          56    -5.40822    -5.41557  0.00134732
          57    -5.40775    -5.41543  0.00133057
          58    -5.40732    -5.41529  0.00131488
          59    -5.41379    -5.41527  0.00129266
          60    -5.40729    -5.41513  0.00127787
          61    -5.40942    -5.41504  0.00126023
          62    -5.41669    -5.41507  0.00124003
          63    -5.41297    -5.41503  0.00122064
          64    -5.42605    -5.41521  0.00121369
          65    -5.41857    -5.41526  0.00119599
          66    -5.40528    -5.41511   0.0011874
          67    -5.41966    -5.41517  0.00117152
          68    -5.42435    -5.41531  0.00116202
          69    -5.42529    -5.41545  0.00115416
          70    -5.40379    -5.41529  0.00114968
          71    -5.42382    -5.41541  0.00113972
          72    -5.40669    -5.41529  0.00113028
          73    -5.40249    -5.41511  0.00112839
          74    -5.42556    -5.41525  0.00112197
          75    -5.41824    -5.41529  0.00110762
          76    -5.41261    -5.41526  0.00109352
          77     -5.4088    -5.41517  0.00108248
          78    -5.40627    -5.41506  0.00107459
          79    -5.40583    -5.41494  0.00106731
          80    -5.41872    -5.41499  0.00105495
          81    -5.42156    -5.41507  0.00104499
          82    -5.40613    -5.41496  0.00103791
          83    -5.43751    -5.41523  0.00106069
          84    -5.42768    -5.41538  0.00105841
          85    -5.40602    -5.41527  0.00105167
          86    -5.40801    -5.41519   0.0010428
          87     -5.4087    -5.41511  0.00103343
          88    -5.40259    -5.41497  0.00103148
          89    -5.42034    -5.41503  0.00102161
          90    -5.40489    -5.41492  0.00101646
          91    -5.42209      -5.415  0.00100831
          92    -5.42636    -5.41512  0.00100491
          93     -5.4162    -5.41513 0.000994117
          94    -5.39676    -5.41494  0.00100271
          95    -5.41357    -5.41492 0.000992201
          96    -5.40501    -5.41482 0.000987228
          97    -5.41744    -5.41485 0.000977372
          98    -5.41353    -5.41483  0.00096744
          99     -5.4142    -5.41483  0.00095764
         100    -5.40605    -5.41474 0.000952068
