           1    -3.26854    -3.26854           0
           2    -3.26953    -3.26903 0.000492984
           3    -3.26893      -3.269 0.000286825
           4    -3.26967    -3.26917 0.000263879
           5    -3.26801    -3.26894 0.000307898
           6    -3.26716    -3.26864 0.000388231
           7    -3.26953    -3.26877 0.000352077
           8    -3.26812    -3.26869 0.000315494
           9    -3.26985    -3.26882 0.000306787
          10    -3.26834    -3.26877 0.000278513
          11    -3.26864    -3.26876 0.000252174
          12    -3.26903    -3.26878 0.000231314
          13    -3.26865    -3.26877 0.000213024
          14    -3.26851    -3.26875 0.000198089
          15    -3.26812    -3.26871 0.000189156
          16    -3.26838    -3.26869 0.000178106
          17    -3.26797    -3.26865 0.000172498
          18    -3.26873    -3.26865 0.000162702
          19    -3.26787    -3.26861 0.000159248
          20    -3.26861    -3.26861 0.000151076
          21    -3.26937    -3.26865  0.00014817
          22    -3.26948    -3.26868 0.000146287
          23    -3.26938    -3.26871 0.000143067
          24    -3.26887    -3.26872 0.000137139
          25    -3.26902    -3.26873 0.000132081
          26    -3.26874    -3.26873   0.0001269
          27    -3.26857    -3.26873 0.000122263
          28    -3.26874    -3.26873 0.000117816
          29    -3.26926    -3.26875 0.000115147
          30    -3.27003    -3.26879  0.00011918
          31    -3.26965    -3.26882 0.000118606
          32      -3.268    -3.26879 0.000117611
          33    -3.26832    -3.26878 0.000114886
          34    -3.26913    -3.26879  0.00011193
          35    -3.26972    -3.26881 0.000111901
          36    -3.26845     -3.2688 0.000109208
          37    -3.26787    -3.26878 0.000109146
          38    -3.26818    -3.26876 0.000107388
          39    -3.26796    -3.26874 0.000106608
          40     -3.2676    -3.26871  0.00010777
          41    -3.26826     -3.2687 0.000105699
          42    -3.26819    -3.26869 0.000103858
          43    -3.26854    -3.26869 0.000101475
          44     -3.2686    -3.26868 9.91616e-05
          45    -3.26903    -3.26869 9.72362e-05
          46    -3.26787    -3.26867 9.67493e-05
          47    -3.26758    -3.26865 9.74724e-05
          48    -3.26864    -3.26865 9.54206e-05
          49    -3.26834    -3.26865 9.36672e-05
          50     -3.2695    -3.26866 9.33426e-05
          51    -3.26908    -3.26867 9.18549e-05
          52    -3.26934    -3.26868  9.0991e-05
          53    -3.26893    -3.26869 8.93758e-05
          54    -3.26926     -3.2687 8.83345e-05
          55    -3.26839    -3.26869 8.68926e-05
          56    -3.26842    -3.26869 8.54611e-05
          57    -3.26904    -3.26869 8.41788e-05
          58    -3.26852    -3.26869 8.27706e-05
          59    -3.26895     -3.2687 8.14775e-05
          60    -3.26899     -3.2687 8.02575e-05
          61    -3.26801    -3.26869 7.97367e-05
          62    -3.26904    -3.26869 7.86498e-05
          63    -3.26889     -3.2687 7.74526e-05
          64    -3.27014    -3.26872 7.95117e-05
          65    -3.26958    -3.26873 7.93784e-05
          66     -3.2682    -3.26873  7.8584e-05
          67    -3.26931    -3.26873  7.7892e-05
          68    -3.26942    -3.26874 7.73982e-05
          69    -3.26944    -3.26875 7.69378e-05
          70    -3.26994    -3.26877  7.7695e-05
          71    -3.26992    -3.26879 7.82901e-05
          72      -3.268    -3.26878 7.79659e-05
          73    -3.26795    -3.26877  7.7716e-05
          74    -3.26934    -3.26877  7.7053e-05
          75    -3.26873    -3.26877 7.60209e-05
          76    -3.26961    -3.26878 7.58166e-05
          77    -3.26759    -3.26877 7.64051e-05
          78    -3.26905    -3.26877 7.55044e-05
          79    -3.26812    -3.26876 7.49935e-05
          80    -3.26928    -3.26877 7.43309e-05
          81    -3.26951    -3.26878 7.39665e-05
          82    -3.26932    -3.26879  7.3354e-05
          83    -3.26858    -3.26878 7.25064e-05
          84    -3.26814    -3.26878 7.20462e-05
          85    -3.26879    -3.26878 7.11937e-05
          86    -3.26866    -3.26877 7.03732e-05
          87    -3.26835    -3.26877 6.97333e-05
          88    -3.26849    -3.26877 6.90081e-05
          89    -3.26814    -3.26876 6.85918e-05
          90    -3.26973    -3.26877 6.86854e-05
          91    -3.26823    -3.26876 6.81836e-05
          92    -3.26973    -3.26877 6.82488e-05
          93    -3.26792    -3.26877 6.81345e-05
          94     -3.2682    -3.26876 6.76769e-05
          95    -3.26886    -3.26876 6.69699e-05
          96    -3.26888    -3.26876 6.62798e-05
          97    -3.26835    -3.26876 6.57292e-05
          98    -3.26828    -3.26875  6.5235e-05
          99    -3.26848    -3.26875 6.46301e-05
         100    -3.26847    -3.26875 6.40422e-05
