           0           0           0
   0.0256496           0           0
   0.0512993           0           0
   0.0769489           0           0
    0.102599           0           0
    0.128248           0           0
    0.153898           0           0
    0.179547           0           0
    0.205197           0           0
    0.230847           0           0
    0.256496           0           0
    0.282146           0           0
    0.307796           0           0
    0.333445           0           0
    0.359095           0           0
    0.384745           0           0
    0.410394           0           0
    0.436044           0           0
    0.461694           0           0
    0.487343           0           0
    0.512993           0           0
    0.538642           0           0
    0.564292           0           0
    0.589942           0           0
    0.615591           0           0
    0.641241           0           0
    0.666891           0           0
     0.69254           0           0
     0.71819           0           0
     0.74384           0           0
    0.769489           0           0
    0.795139           0           0
    0.820788           0           0
    0.846438           0           0
    0.872088  0.00122274  0.00122274
    0.897737   0.0300254  0.00605762
    0.923387    0.278566   0.0148422
    0.949037    0.795865   0.0252949
    0.974686     1.65642   0.0370723
     1.00034      2.5148   0.0415874
     1.02599     3.14458   0.0520951
     1.05164     3.41064   0.0498209
     1.07728      3.3882   0.0470582
     1.10293     3.20807   0.0478181
     1.12858      2.9369   0.0428668
     1.15423     2.52872   0.0396104
     1.17988     2.31479   0.0338231
     1.20553     2.06999   0.0364103
     1.23118     1.85063   0.0333846
     1.25683     1.63227   0.0270489
     1.28248     1.49865   0.0275388
     1.30813     1.30218   0.0248714
     1.33378     1.23668   0.0222792
     1.35943     1.14715   0.0214315
     1.38508     1.08731   0.0224891
     1.41073     1.00548    0.021217
     1.43638      1.0044   0.0219512
     1.46203    0.969771   0.0195814
     1.48768    0.925843   0.0181629
     1.51333    0.891285   0.0196847
     1.53898    0.920914   0.0174629
     1.56463    0.896213    0.019324
     1.59028     0.93483   0.0191755
     1.61593    0.924027   0.0156957
     1.64158    0.933031   0.0162429
     1.66723    0.969216   0.0156114
     1.69288    0.984388   0.0156068
     1.71853     1.07139   0.0174339
     1.74418     1.08377   0.0169309
     1.76983      1.1215   0.0165404
     1.79547      1.1927   0.0200424
     1.82112     1.26718   0.0173127
     1.84677     1.31222   0.0196542
     1.87242     1.36808   0.0209409
     1.89807     1.41421    0.018648
     1.92372     1.48474   0.0174852
     1.94937     1.50487   0.0187463
     1.97502      1.5557   0.0184836
     2.00067     1.60749   0.0183283
     2.02632     1.59517   0.0184106
     2.05197     1.63282   0.0199499
     2.07762     1.59344   0.0175159
     2.10327     1.63202   0.0171311
     2.12892     1.56791   0.0187273
     2.15457     1.54936   0.0140043
     2.18022     1.53384   0.0142505
     2.20587     1.48886   0.0157773
     2.23152     1.44209   0.0165549
     2.25717     1.39129   0.0155355
     2.28282     1.35856   0.0138951
     2.30847     1.34789   0.0159573
     2.33412     1.31146   0.0157892
     2.35977     1.29143    0.013808
     2.38542     1.26478   0.0126955
     2.41107     1.22577   0.0141672
     2.43672     1.20853    0.013808
     2.46237     1.21347    0.013686
     2.48802     1.18625   0.0135034
     2.51366     1.19529   0.0131053
     2.53931       1.183   0.0124559
