           1     1.14369     1.14369           0
           2     1.16178     1.15273  0.00904473
           3     1.14871     1.15139   0.0053912
           4     1.15669     1.15272    0.004036
           5     1.15416     1.15301   0.0031396
           6     1.14521     1.15171  0.00287425
           7     1.14244     1.15038  0.00276661
           8     1.14479     1.14968  0.00249585
           9     1.14081      1.1487  0.00241184
          10     1.13572      1.1474  0.00251767
          11     1.14973     1.14761  0.00228717
          12     1.14763     1.14761  0.00208789
          13      1.1451     1.14742  0.00193026
          14     1.14879     1.14752  0.00178973
          15     1.14722      1.1475  0.00166627
          16     1.15097     1.14771  0.00157369
          17     1.15002     1.14785  0.00148441
          18     1.14008     1.14742  0.00146458
          19     1.13621     1.14683  0.00150569
          20     1.14841     1.14691  0.00143061
          21     1.14158     1.14665  0.00138423
          22     1.14607     1.14663  0.00132008
          23     1.15133     1.14683  0.00127787
          24     1.15246     1.14707  0.00124577
          25     1.14532       1.147  0.00119694
          26     1.14295     1.14684  0.00116046
          27     1.14257     1.14668  0.00112781
          28      1.1396     1.14643  0.00111585
          29     1.15652     1.14678  0.00113151
          30     1.15154     1.14694  0.00110459
          31     1.15557     1.14721  0.00110409
          32     1.14474     1.14714  0.00107182
          33     1.14119     1.14696  0.00105437
          34     1.15091     1.14707  0.00102948
          35     1.15451     1.14729  0.00102199
          36     1.14156     1.14713  0.00100588
          37     1.13204     1.14672  0.00105987
          38     1.13725     1.14647   0.0010613
          39     1.14785     1.14651  0.00103434
          40     1.15157     1.14663  0.00101606
          41     1.13394     1.14632  0.00103816
          42     1.13617     1.14608  0.00104157
          43     1.15054     1.14618  0.00102234
          44     1.14627     1.14619  0.00099884
          45     1.14437     1.14615 0.000977228
          46     1.13935       1.146 0.000967109
          47     1.13672      1.1458  0.00096667
          48     1.14139     1.14571 0.000950769
          49     1.14524      1.1457 0.000931212
          50     1.15285     1.14584 0.000923537
          51     1.13986     1.14573 0.000912822
          52     1.14601     1.14573 0.000895112
          53     1.15351     1.14588 0.000890256
          54     1.15073     1.14597 0.000878222
          55     1.13547     1.14578 0.000882994
          56     1.14097     1.14569 0.000871326
          57     1.14024     1.14559 0.000861229
          58     1.14031      1.1455 0.000851149
          59     1.14432     1.14548 0.000836837
          60     1.13997     1.14539  0.00082789
          61     1.14204     1.14534 0.000816056
          62      1.1462     1.14535 0.000802907
          63     1.14382     1.14533 0.000790433
          64     1.15171     1.14543 0.000784344
          65      1.1471     1.14545 0.000772613
          66     1.13915     1.14536 0.000766779
          67       1.148      1.1454 0.000756279
          68     1.15106     1.14548  0.00074971
          69     1.15167     1.14557 0.000744188
          70     1.13701     1.14545 0.000743609
          71     1.15036     1.14552 0.000736327
          72     1.14023     1.14544 0.000729732
          73     1.13746     1.14533 0.000727926
          74     1.15192     1.14542 0.000723513
          75     1.14744     1.14545 0.000714308
          76     1.14311     1.14542  0.00070552
          77      1.1419     1.14537 0.000697791
          78     1.13925     1.14529 0.000693244
          79     1.13957     1.14522 0.000688232
          80      1.1474     1.14525 0.000680119
          81     1.14914      1.1453 0.000673382
          82     1.13898     1.14522 0.000669567
          83     1.16039      1.1454 0.000686223
          84     1.15413     1.14551 0.000685919
          85     1.13926     1.14543 0.000681777
          86     1.14066     1.14538  0.00067608
          87     1.14134     1.14533 0.000669872
          88     1.13717     1.14524 0.000668681
          89     1.14923     1.14528 0.000662647
          90     1.13787      1.1452 0.000660397
          91     1.15034     1.14526 0.000655541
          92     1.15219     1.14533 0.000652741
          93     1.14662     1.14535 0.000645833
          94     1.13348     1.14522 0.000651275
          95     1.14424     1.14521 0.000644466
          96     1.13852     1.14514 0.000641512
          97     1.14716     1.14516 0.000635206
          98      1.1446     1.14516 0.000628717
          99     1.14491     1.14515 0.000622338
         100     1.13949      1.1451 0.000618681
