           1     1.71553     1.71553           0
           2     1.74267      1.7291   0.0135671
           3     1.72307     1.72709   0.0080868
           4     1.73504     1.72908  0.00605399
           5     1.73124     1.72951  0.00470941
           6     1.71781     1.72756  0.00431137
           7     1.71366     1.72557  0.00414992
           8     1.71719     1.72452  0.00374377
           9     1.71122     1.72305  0.00361776
          10     1.70357      1.7211   0.0037765
          11      1.7246     1.72142  0.00343076
          12     1.72145     1.72142  0.00313184
          13     1.71766     1.72113  0.00289539
          14     1.72318     1.72128   0.0026846
          15     1.72082     1.72125  0.00249941
          16     1.72645     1.72157  0.00236054
          17     1.72502     1.72177  0.00222661
          18     1.71012     1.72113  0.00219687
          19     1.70432     1.72024  0.00225853
          20     1.72261     1.72036  0.00214591
          21     1.71237     1.71998  0.00207635
          22      1.7191     1.71994  0.00198012
          23       1.727     1.72025  0.00191681
          24      1.7287      1.7206  0.00186866
          25     1.71798     1.72049  0.00179541
          26     1.71443     1.72026  0.00174069
          27     1.71385     1.72002  0.00169172
          28      1.7094     1.71964  0.00167377
          29     1.73478     1.72017  0.00169727
          30      1.7273      1.7204  0.00165689
          31     1.73336     1.72082  0.00165613
          32     1.71711     1.72071  0.00160773
          33     1.71178     1.72044  0.00158156
          34     1.72637     1.72061  0.00154422
          35     1.73177     1.72093  0.00153299
          36     1.71233     1.72069  0.00150881
          37     1.69806     1.72008  0.00158981
          38     1.70587      1.7197  0.00159195
          39     1.72178     1.71976   0.0015515
          40     1.72735     1.71995  0.00152408
          41     1.70092     1.71948  0.00155723
          42     1.70426     1.71912  0.00156236
          43     1.72582     1.71928  0.00153351
          44     1.71941     1.71928  0.00149826
          45     1.71655     1.71922  0.00146584
          46     1.70902       1.719  0.00145066
          47     1.70508      1.7187     0.00145
          48     1.71208     1.71856  0.00142615
          49     1.71786     1.71855  0.00139682
          50     1.72927     1.71876   0.0013853
          51     1.70979     1.71859  0.00136923
          52     1.71901      1.7186  0.00134267
          53     1.73027     1.71882  0.00133538
          54     1.72609     1.71895  0.00131733
          55      1.7032     1.71866  0.00132449
          56     1.71145     1.71854  0.00130699
          57     1.71036     1.71839  0.00129184
          58     1.71046     1.71826  0.00127672
          59     1.71649     1.71823  0.00125526
          60     1.70995     1.71809  0.00124184
          61     1.71306     1.71801  0.00122408
          62      1.7193     1.71803  0.00120436
          63     1.71573     1.71799  0.00118565
          64     1.72756     1.71814  0.00117652
          65     1.72065     1.71818  0.00115892
          66     1.70873     1.71803  0.00115017
          67       1.722     1.71809  0.00113442
          68     1.72658     1.71822  0.00112457
          69      1.7275     1.71835  0.00111628
          70     1.70551     1.71817  0.00111541
          71     1.72555     1.71827  0.00110449
          72     1.71034     1.71816   0.0010946
          73     1.70619       1.718  0.00109189
          74     1.72787     1.71813  0.00108527
          75     1.72116     1.71817  0.00107146
          76     1.71466     1.71813  0.00105828
          77     1.71286     1.71806  0.00104669
          78     1.70888     1.71794  0.00103987
          79     1.70936     1.71783  0.00103235
          80      1.7211     1.71787  0.00102018
          81      1.7237     1.71795  0.00101007
          82     1.70847     1.71783  0.00100435
          83     1.74058      1.7181  0.00102934
          84     1.73119     1.71826  0.00102888
          85     1.70889     1.71815  0.00102267
          86       1.711     1.71807  0.00101412
          87     1.71201       1.718  0.00100481
          88     1.70575     1.71786  0.00100302
          89     1.72385     1.71792 0.000993971
          90     1.70681      1.7178 0.000990596
          91     1.72552     1.71789 0.000983312
          92     1.72829       1.718 0.000979112
          93     1.71993     1.71802 0.000968749
          94     1.70022     1.71783 0.000976913
          95     1.71636     1.71781 0.000966699
          96     1.70778     1.71771 0.000962267
          97     1.72074     1.71774 0.000952808
          98      1.7169     1.71773 0.000943075
          99     1.71737     1.71773 0.000933508
         100     1.70923     1.71764 0.000928021
