           1     1.66867     1.66867           0
           2     1.47105     1.56986    0.098807
           3     1.59733     1.57902   0.0577765
           4     1.52777     1.56621   0.0428159
           5     1.62573     1.57811   0.0352372
           6     1.67021     1.59346   0.0326099
           7     1.60191     1.59467   0.0275868
           8     1.61672     1.59743   0.0240493
           9     1.63466     1.60156   0.0216092
          10     1.67699     1.60911   0.0207475
          11     1.65246     1.61305   0.0191761
          12     1.55286     1.60803   0.0182096
          13     1.66346      1.6123   0.0172846
          14     1.61543     1.61252    0.016004
          15     1.65344     1.61525   0.0151466
          16      1.6616     1.61814   0.0144615
          17     1.62785     1.61872   0.0135962
          18     1.64755     1.62032   0.0129183
          19     1.66063     1.62244   0.0124023
          20     1.60609     1.62162   0.0117942
          21     1.61191     1.62116   0.0112281
          22     1.60076     1.62023   0.0107456
          23     1.59186       1.619   0.0103416
          24     1.55445     1.61631   0.0102601
          25     1.68869      1.6192   0.0102582
          26     1.65666     1.62064   0.0099605
          27     1.64131     1.62141  0.00961502
          28     1.69781     1.62414  0.00965872
          29     1.52794     1.62082  0.00989242
          30     1.57275     1.61922  0.00969038
          31     1.51985     1.61601  0.00990553
          32       1.666     1.61758  0.00971736
          33      1.6751     1.61932  0.00957827
          34      1.5613     1.61761  0.00944768
          35     1.56215     1.61603  0.00930961
          36     1.63093     1.61644  0.00905679
          37     1.72185     1.61929  0.00925784
          38     1.72034     1.62195  0.00939513
          39     1.65365     1.62276  0.00918709
          40     1.62188     1.62274  0.00895449
          41     1.70779     1.62482  0.00897636
          42     1.67905     1.62611  0.00885468
          43     1.60213     1.62555  0.00866426
          44     1.60607     1.62511  0.00847663
          45     1.63359     1.62529  0.00828826
          46     1.71723     1.62729   0.0083488
          47     1.66397     1.62807  0.00820644
          48     1.66336     1.62881  0.00806721
          49     1.62869     1.62881  0.00790086
          50     1.53471     1.62692  0.00796669
          51     1.67668      1.6279  0.00786963
          52     1.61668     1.62768  0.00771983
          53     1.53701     1.62597  0.00776362
          54     1.56202     1.62479  0.00770999
          55     1.67993     1.62579  0.00763461
          56     1.69544     1.62704   0.0075995
          57     1.69471     1.62822   0.0075588
          58     1.66282     1.62882  0.00745124
          59     1.69253      1.6299  0.00740304
          60      1.6787     1.63071  0.00732392
          61     1.67002     1.63136  0.00723162
          62     1.65981     1.63182  0.00712882
          63     1.61666     1.63158  0.00701887
          64     1.58351     1.63082  0.00694904
          65     1.61716     1.63061  0.00684452
          66     1.68114     1.63138  0.00678336
          67     1.54749     1.63013  0.00679765
          68     1.57545     1.62932  0.00674505
          69     1.59271     1.62879  0.00666772
          70     1.67138      1.6294  0.00659988
          71     1.57439     1.62863  0.00655222
          72     1.71812     1.62987  0.00657907
          73     1.66314     1.63033   0.0065043
          74     1.57458     1.62957  0.00645989
          75     1.66259     1.63001  0.00638836
          76     1.62584     1.62996  0.00630398
          77     1.70791     1.63097  0.00630341
          78     1.64188     1.63111  0.00622364
          79     1.63814      1.6312    0.006145
          80     1.55496     1.63025  0.00614208
          81     1.58862     1.62973  0.00608751
          82     1.68264     1.63038  0.00604732
          83     1.53568     1.62924  0.00608198
          84     1.61037     1.62901  0.00601334
          85     1.68298     1.62965    0.005976
          86     1.68989     1.63035  0.00594749
          87     1.67606     1.63087  0.00590217
          88     1.67281     1.63135  0.00585414
          89     1.60346     1.63104  0.00579647
          90     1.63037     1.63103  0.00573171
          91     1.61694     1.63087  0.00567048
          92     1.56552     1.63016  0.00565332
          93     1.60466     1.62989  0.00559892
          94     1.73065     1.63096   0.0056418
          95     1.67049     1.63138  0.00559759
          96     1.69084       1.632   0.0055735
          97     1.59598     1.63162  0.00552822
          98     1.63551     1.63166  0.00547167
          99     1.68389     1.63219  0.00544175
         100      1.6942     1.63281  0.00542263
