-0.496558   0.471071   -0.482041
-0.334975   -0.369463   -0.484676
-0.489522   -0.348943   -0.329853
-0.330682   0.477166   -0.314131
-0.154211   0.472938   -0.494087
0.00509184   -0.374763   -0.498009
-0.171894   -0.360506   -0.313066
-0.00769084   0.466958   -0.314539
0.162889   0.468599   -0.48441
0.319665   -0.360193   -0.464317
0.152488   -0.363948   -0.315445
0.323574   0.445238   -0.336924
0.488116   -0.187876   -0.489808
-0.339383   -0.0350137   0.482158
0.482128   -0.0179546   -0.320728
-0.344929   -0.16719   -0.328575
-0.192563   -0.213498   0.494614
-0.0114205   -0.0161053   -0.490707
-0.172343   -0.00199172   -0.316732
-0.00602131   -0.205347   -0.317466
0.172436   -0.191466   -0.490788
0.341875   -0.033037   -0.491685
0.189153   -0.0295676   -0.33328
0.344504   -0.194443   -0.334757
0.492256   0.120956   -0.487635
-0.324602   0.309973   -0.468361
-0.493139   0.297776   -0.324163
-0.348496   0.126767   -0.334516
-0.178604   0.1339   -0.492773
-0.00743402   0.303018   -0.485767
-0.170162   0.290082   -0.321241
0.00476798   0.139248   -0.332197
0.177307   0.13501   -0.498834
0.360285   0.297656   0.496017
0.15893   0.296314   -0.330296
0.336045   0.149241   -0.325577
0.48566   0.449048   -0.176583
-0.338761   -0.34767   -0.162661
-0.48274   -0.353345   0.00348739
-0.338389   0.479332   0.00791296
-0.158829   0.466635   -0.154339
-0.0242354   -0.343423   -0.136586
-0.179564   -0.354385   0.00355185
0.00608201   0.477893   -0.00829905
0.165342   0.455812   -0.161067
0.335058   -0.374909   -0.16372
0.154667   -0.353311   -0.0135572
0.344631   0.485354   0.0179036
0.499961   -0.188571   -0.156943
-0.358979   -0.0104395   -0.138786
0.493109   -0.0357758   0.00978459
-0.330818   -0.194671   0.0147682
-0.197195   -0.18249   -0.166762
0.000447318   -0.0297102   -0.173755
-0.158445   -0.0277314   0.0107538
0.0228234   -0.160248   0.0171089
0.179001   -0.1823   -0.16479
0.345586   -0.0380395   -0.15702
0.167001   -0.0191785   -0.0225587
0.321526   -0.204247   -0.00365417
0.485233   0.145701   -0.163524
-0.336647   0.296175   -0.161413
0.492396   0.303545   0.00372313
-0.32436   0.133812   0.0168876
-0.179938   0.139632   -0.148551
-0.0164604   0.288041   -0.151821
-0.166333   0.316566   0.0151462
-0.0223568   0.154135   0.00601857
0.157018   0.141161   -0.159224
0.33259   0.285355   -0.145864
0.154251   0.311173   -0.000511069
0.328386   0.139732   0.0148201
-0.484598   0.498563   0.184319
-0.321067   -0.354767   0.160054
0.475503   -0.379372   0.355693
-0.313465   0.479653   0.361489
-0.157761   0.490889   0.182213
0.00694413   -0.357349   0.186292
-0.175804   -0.35812   0.340312
0.00300716   0.475742   0.354983
0.169023   0.472807   0.162687
0.319452   -0.357727   0.171518
0.173932   -0.369359   0.334012
0.321162   0.458835   0.336167
0.480935   -0.200661   0.168589
-0.32549   -0.0326727   0.185043
0.490503   -0.0233356   0.340127
-0.3531   -0.202417   0.328807
-0.1571   -0.183518   0.177084
0.00240182   -0.00930738   0.164081
-0.151729   -0.027169   0.328917
-0.00418707   -0.201491   0.357704
0.160501   -0.195502   0.18134
0.319021   -0.0231066   0.180007
0.152369   -0.0347183   0.347455
0.33204   -0.189401   0.337413
-0.497036   0.122036   0.162772
-0.34531   0.323026   0.165139
-0.480681   0.321757   0.320455
-0.34731   0.139563   0.334928
-0.163172   0.145838   0.195979
-0.000708611   0.32673   0.165691
-0.176978   0.297779   0.354152
0.00927398   0.129586   0.344593
0.161024   0.141236   0.186395
0.341384   0.295167   0.169872
0.154252   0.301678   0.36251
0.326038   0.140719   0.341317
