           1    -7.56394    -7.56394           0
           2    -7.53357    -7.54875   0.0151847
           3    -7.53317    -7.54356   0.0101906
           4    -7.55812     -7.5472  0.00807307
           5    -7.54434    -7.54663  0.00627936
           6    -7.54812    -7.54688  0.00513314
           7    -7.53973    -7.54586  0.00445673
           8    -7.56751    -7.54856  0.00471406
           9       -7.56    -7.54983  0.00434743
          10    -7.53643    -7.54849  0.00411315
          11    -7.56523    -7.55001  0.00401951
          12    -7.54532    -7.54962  0.00369007
          13    -7.55501    -7.55004  0.00341956
          14    -7.54735    -7.54985  0.00317172
          15    -7.53915    -7.54913  0.00303758
          16     -7.5275    -7.54778  0.00314674
          17    -7.53728    -7.54716  0.00301964
          18     -7.5504    -7.54734  0.00285263
          19    -7.56416    -7.54823  0.00283984
          20    -7.54152    -7.54789  0.00271493
          21    -7.54963    -7.54797  0.00258374
          22    -7.54242    -7.54772   0.0024764
          23    -7.55451    -7.54802  0.00238462
          24    -7.56055    -7.54854  0.00234208
          25    -7.54375    -7.54835   0.0022546
          26    -7.54196     -7.5481  0.00218003
          27     -7.5353    -7.54763  0.00215064
          28    -7.53713    -7.54725  0.00210606
          29    -7.54169    -7.54706  0.00204117
          30    -7.56192    -7.54756  0.00203321
          31      -7.552     -7.5477  0.00197173
          32    -7.56734    -7.54831  0.00200534
          33    -7.55654    -7.54856  0.00195952
          34    -7.54446    -7.54844  0.00190484
          35    -7.54853    -7.54845  0.00184962
          36    -7.52342    -7.54775  0.00192721
          37    -7.55718      -7.548  0.00189163
          38    -7.54735    -7.54799  0.00184126
          39    -7.54354    -7.54787  0.00179704
          40    -7.55104    -7.54795  0.00175333
          41    -7.55863    -7.54821  0.00172976
          42    -7.54982    -7.54825  0.00168851
          43    -7.52443     -7.5477  0.00173937
          44    -7.55982    -7.54797  0.00172155
          45    -7.54898      -7.548  0.00168301
          46    -7.54353     -7.5479  0.00164888
          47    -7.55762    -7.54811  0.00162662
          48    -7.53731    -7.54788  0.00160817
          49    -7.56398    -7.54821  0.00160892
          50    -7.52878    -7.54782  0.00162359
          51    -7.58551    -7.54856  0.00175463
          52    -7.53758    -7.54835  0.00173345
          53    -7.54094    -7.54821  0.00170616
          54    -7.52742    -7.54782  0.00171794
          55      -7.563     -7.5481  0.00170886
          56    -7.52797    -7.54774  0.00171612
          57    -7.55534    -7.54787  0.00169102
          58    -7.55746    -7.54804  0.00166981
          59    -7.54415    -7.54797  0.00164259
          60    -7.55369    -7.54807  0.00161779
          61    -7.54177    -7.54796   0.0015944
          62    -7.55016      -7.548  0.00156887
          63    -7.53116    -7.54773  0.00156674
          64    -7.55135    -7.54779   0.0015431
          65    -7.55477     -7.5479  0.00152297
          66    -7.56267    -7.54812  0.00151632
          67    -7.53172    -7.54788  0.00151345
          68    -7.55017    -7.54791  0.00149141
          69    -7.55296    -7.54798  0.00147146
          70    -7.54961    -7.54801  0.00145047
          71    -7.54462    -7.54796  0.00143069
          72    -7.54739    -7.54795   0.0014107
          73      -7.565    -7.54818  0.00141072
          74    -7.55596    -7.54829  0.00139549
          75    -7.54068    -7.54819  0.00138049
          76    -7.53883    -7.54806  0.00136776
          77    -7.56528    -7.54829  0.00136826
          78    -7.53381     -7.5481  0.00136331
          79    -7.54311    -7.54804  0.00134742
          80    -7.55541    -7.54813  0.00133365
          81     -7.5512    -7.54817  0.00131763
          82    -7.52996    -7.54795  0.00132028
          83    -7.54396     -7.5479  0.00130516
          84    -7.54407    -7.54785  0.00129033
          85    -7.54712    -7.54784  0.00127509
          86    -7.53954    -7.54775  0.00126387
          87    -7.53935    -7.54765  0.00125299
          88    -7.52513     -7.5474  0.00126484
          89     -7.5326    -7.54723  0.00126155
          90    -7.52939    -7.54703   0.0012631
          91    -7.54842    -7.54705  0.00124923
          92     -7.5362    -7.54693  0.00124119
          93    -7.55331      -7.547  0.00122968
          94     -7.5347    -7.54687  0.00122355
          95    -7.53076     -7.5467  0.00122241
          96    -7.55197    -7.54675  0.00121086
          97     -7.5477    -7.54676  0.00119835
          98    -7.57511    -7.54705  0.00122082
          99    -7.57083    -7.54729  0.00123207
         100    -7.51573    -7.54698  0.00125985
