           1      7.5004      7.5004           0
           2     7.66018     7.58029   0.0798908
           3     7.66793      7.6095   0.0545974
           4     7.52635     7.58871   0.0438477
           5      7.6019     7.59135   0.0340666
           6     7.58485     7.59027   0.0278364
           7     7.63401     7.59652    0.024342
           8     7.47232     7.58099   0.0261803
           9     7.51901     7.57411   0.0240942
          10     7.64469     7.58116   0.0226771
          11     7.48712     7.57262   0.0222225
          12     7.59841     7.57477   0.0203999
          13     7.54654     7.57259   0.0188904
          14     7.58834     7.57372   0.0175252
          15     7.63804     7.57801   0.0168691
          16     7.69712     7.58545   0.0174476
          17      7.6447     7.58894   0.0167556
          18       7.564     7.58755   0.0158579
          19     7.49223     7.58253   0.0158168
          20     7.61767     7.58429   0.0151077
          21     7.58018     7.58409   0.0143716
          22     7.60865     7.58521   0.0137481
          23     7.54759     7.58357   0.0132383
          24     7.51435     7.58069   0.0129988
          25     7.60436     7.58164   0.0125039
          26     7.61922     7.58308      0.0121
          27     7.65738     7.58583   0.0119639
          28     7.65225     7.58821   0.0117702
          29     7.61886     7.58926   0.0114062
          30     7.50999     7.58662   0.0113318
          31      7.5571     7.58567   0.0110015
          32     7.48017     7.58237   0.0111507
          33      7.5329     7.58087    0.010911
          34     7.60828     7.58168   0.0106159
          35     7.58205     7.58169   0.0103081
          36     7.72028     7.58554    0.010732
          37     7.53271     7.58411   0.0105351
          38     7.59566     7.58442   0.0102586
          39     7.60852     7.58503   0.0100112
          40     7.56653     7.58457  0.00976865
          41     7.52904     7.58322  0.00962321
          42     7.57948     7.58313  0.00939172
          43     7.71526      7.5862  0.00967185
          44     7.52367     7.58478  0.00955575
          45     7.58181     7.58471  0.00934121
          46     7.60842     7.58523  0.00915042
          47     7.53333     7.58412  0.00902144
          48     7.64989     7.58549  0.00893713
          49     7.49691     7.58369  0.00893758
          50     7.68963     7.58581  0.00900969
          51       7.383     7.58183  0.00968528
          52     7.64456     7.58304  0.00957351
          53     7.62375      7.5838  0.00942251
          54     7.69779     7.58591  0.00948424
          55     7.50533     7.58445  0.00942479
          56     7.69682     7.58646  0.00946999
          57     7.54902      7.5858  0.00932552
          58     7.53073     7.58485  0.00921238
          59     7.60363     7.58517  0.00906048
          60     7.55492     7.58466  0.00892245
          61     7.61473     7.58516  0.00878879
          62      7.5721     7.58495  0.00864843
          63      7.6798     7.58645  0.00864221
          64     7.56583     7.58613   0.0085122
          65     7.54737     7.58553  0.00840141
          66     7.50963     7.58438  0.00835269
          67     7.67421     7.58572  0.00833562
          68      7.5724     7.58553  0.00821446
          69     7.55801     7.58513  0.00810435
          70     7.58479     7.58512  0.00798773
          71     7.60644     7.58542  0.00788015
          72     7.59096      7.5855  0.00777031
          73     7.48976     7.58419  0.00777456
          74     7.54447     7.58365  0.00768754
          75     7.62632     7.58422  0.00760565
          76     7.63651     7.58491  0.00753638
          77     7.48941     7.58367  0.00754055
          78     7.66188     7.58467  0.00751048
          79     7.61184     7.58502  0.00742277
          80     7.54604     7.58453  0.00734557
          81     7.56605      7.5843  0.00725791
          82     7.68996     7.58559  0.00728374
          83     7.60268      7.5858   0.0071984
          84     7.60646     7.58604  0.00711644
          85     7.59293     7.58612  0.00703268
          86     7.62624     7.58659  0.00696606
          87     7.63026     7.58709   0.0069038
          88     7.71076      7.5885  0.00696808
          89     7.66895      7.5894   0.0069484
          90     7.68739     7.59049  0.00695649
          91     7.58237      7.5904   0.0068802
          92     7.64964     7.59104   0.0068354
          93        7.55      7.5906  0.00677589
          94     7.65742     7.59131    0.006741
          95     7.67753     7.59222  0.00673113
          96     7.56183      7.5919  0.00666816
          97     7.58658     7.59185  0.00659929
          98     7.43591     7.59026  0.00672264
          99     7.45437     7.58889  0.00679447
         100     7.76305     7.59063  0.00694801
