           0           0           0
   0.0230664           0           0
   0.0461329           0           0
   0.0691993           0           0
   0.0922657           0           0
    0.115332           0           0
    0.138399           0           0
    0.161465           0           0
    0.184531           0           0
    0.207598           0           0
    0.230664           0           0
    0.253731           0           0
    0.276797           0           0
    0.299864           0           0
     0.32293           0           0
    0.345996           0           0
    0.369063           0           0
    0.392129           0           0
    0.415196           0           0
    0.438262           0           0
    0.461329           0           0
    0.484395           0           0
    0.507461           0           0
    0.530528           0           0
    0.553594           0           0
    0.576661           0           0
    0.599727           0           0
    0.622794           0           0
     0.64586           0           0
    0.668926           0           0
    0.691993           0           0
    0.715059           0           0
    0.738126           0           0
    0.761192           0           0
    0.784259           0           0
    0.807325           0           0
    0.830391           0           0
    0.853458           0           0
    0.876524           0           0
    0.899591  0.00186558  0.00131249
    0.922657   0.0700965  0.00780437
    0.945724    0.372669   0.0176565
     0.96879      1.3577   0.0365831
    0.991856     2.97348   0.0475037
     1.01492     4.81398   0.0521738
     1.03799     6.21249   0.0636967
     1.06106     6.56137   0.0646568
     1.08412     5.93968   0.0558725
     1.10719      4.9282   0.0540284
     1.13026      3.4968   0.0409063
     1.15332     2.43002   0.0301131
     1.17639     1.51948   0.0257704
     1.19945    0.869687   0.0203952
     1.22252    0.490691   0.0169708
     1.24559     0.22687   0.0107366
     1.26865    0.120961   0.0074881
     1.29172   0.0720361  0.00651835
     1.31479   0.0594276  0.00557435
     1.33785   0.0863327   0.0066342
     1.36092    0.153344  0.00790147
     1.38399    0.250905  0.00981662
     1.40705    0.395965   0.0116832
     1.43012    0.602852   0.0160924
     1.45319    0.812494   0.0165248
     1.47625     1.06457   0.0183055
     1.49932     1.23959   0.0200056
     1.52238     1.30626   0.0234626
     1.54545     1.23015   0.0219653
     1.56852     1.08439   0.0155304
     1.59158    0.835252   0.0151483
     1.61465    0.628121   0.0128378
     1.63772    0.406831   0.0109801
     1.66078     0.29988   0.0109426
     1.68385    0.270222   0.0110616
     1.70692    0.347979   0.0129374
     1.72998     0.58113   0.0132853
     1.75305     1.00225   0.0175554
     1.77612     1.59569   0.0159604
     1.79918      2.3314   0.0204208
     1.82225     2.95775   0.0270547
     1.84531     3.44375   0.0273384
     1.86838     3.58216   0.0315534
     1.89145     3.41865   0.0303583
     1.91451     2.90369   0.0244694
     1.93758     2.26483   0.0205148
     1.96065     1.60034   0.0147445
     1.98371     1.08912   0.0149286
     2.00678    0.724468   0.0135903
     2.02985    0.573092   0.0143181
     2.05291    0.610324   0.0128405
     2.07598    0.781191   0.0114302
     2.09905     1.03784    0.013305
     2.12211     1.22134   0.0121442
     2.14518     1.32572   0.0161372
     2.16824      1.3498   0.0142146
     2.19131     1.24412   0.0143041
     2.21438     1.04608   0.0112711
     2.23744    0.875605   0.0109797
     2.26051     0.76986   0.0116704
     2.28358    0.761079   0.0117291
