0.486235   -0.495021   -0.482807
-0.338194   -0.350321   -0.452033
0.492127   -0.335873   -0.320706
-0.344507   0.48243   -0.318367
-0.167114   -0.489881   -0.485503
-0.0043149   -0.331835   0.498494
-0.154249   -0.327095   -0.308288
0.00827   0.498278   -0.342215
0.188393   0.492732   0.483334
0.315371   -0.316064   0.491404
0.148461   -0.320818   -0.330734
0.312626   0.49808   -0.336318
-0.491677   -0.181925   -0.485182
-0.330124   0.00744129   -0.496225
0.495388   -0.0239932   -0.342378
-0.331675   -0.154766   -0.316938
-0.17097   -0.154772   -0.49396
-0.00559832   0.00459529   0.493134
-0.164314   0.00267802   -0.34343
0.00884007   -0.159636   -0.333891
0.148201   -0.1551   0.489039
0.337115   -0.014128   0.496075
0.18042   -0.0100595   -0.327472
0.341229   -0.158652   -0.327571
-0.472793   0.161867   -0.490675
-0.305672   0.346914   -0.497552
0.494273   0.322214   -0.336907
-0.32885   0.1688   -0.334461
-0.180297   0.173525   0.484943
0.0137201   0.321287   0.484872
-0.150386   0.318472   -0.330544
0.0171089   0.152263   -0.348788
0.165704   0.161542   0.496851
0.323981   0.322736   0.479847
0.169719   0.336904   -0.341799
0.327381   0.164516   -0.344113
-0.487803   0.484482   -0.15716
-0.324394   -0.329125   -0.171979
-0.495154   -0.340205   0.0056513
-0.326529   -0.494802   -0.0121315
-0.157993   0.473212   -0.175471
0.0155086   -0.338937   -0.153899
-0.161466   -0.339574   -0.0229704
-0.00247971   0.49069   -0.00434159
0.165499   -0.494521   -0.173275
0.32545   -0.347652   -0.151118
0.160102   -0.315765   0.00887111
0.318683   0.492095   0.00599073
0.498168   -0.182177   -0.140117
-0.331618   0.00992618   -0.182353
-0.492703   0.0304327   -0.00705181
-0.341261   -0.165512   0.0101621
-0.170834   -0.162142   -0.172581
-0.00149561   -0.00974654   -0.173039
-0.165798   0.0036794   -0.0177746
-0.0142466   -0.171023   -0.00323548
0.154749   -0.160659   -0.168584
0.334842   -0.00327589   -0.155857
0.172968   -0.00314659   0.0107289
0.330491   -0.173821   -0.00526607
-0.48625   0.161976   -0.177527
-0.335849   0.324846   -0.151901
0.494275   0.326346   -0.00462323
-0.327837   0.162113   0.00871199
-0.170283   0.15744   -0.17056
-0.00491373   0.320553   -0.170444
-0.176141   0.334956   0.0169905
-0.0162751   0.174515   0.00523808
0.153765   0.154477   -0.143982
0.323427   0.339235   -0.161159
0.172512   0.328038   0.000878856
0.334341   0.169425   -0.00109437
-0.478727   -0.493318   0.155322
-0.32588   -0.317966   0.176078
0.489933   -0.331264   0.326575
-0.328122   -0.477465   0.351821
-0.169429   -0.480994   0.160865
-0.0126032   -0.312708   0.171114
-0.163554   -0.303022   0.338518
-0.0229597   -0.479476   0.345031
0.161757   -0.4869   0.159516
0.335714   -0.317626   0.158318
0.160858   -0.339479   0.320472
0.342212   0.488392   0.311654
-0.483945   -0.170892   0.181372
-0.328848   -0.00422557   0.160081
0.492733   -0.00357658   0.327721
-0.331123   -0.160749   0.3454
-0.175435   -0.17627   0.170732
0.00301754   -0.00884107   0.155187
-0.190384   -0.00392713   0.326959
-0.00189764   -0.147173   0.318618
0.166516   -0.171579   0.172733
0.345454   -0.0063816   0.157418
0.170201   -0.00573467   0.330513
0.326071   -0.162481   0.324567
-0.484604   0.173868   0.170038
-0.31569   0.360596   0.178119
-0.485004   0.341303   0.327207
-0.340194   0.162141   0.320726
-0.167341   0.165161   0.181365
0.00687358   0.352037   0.172493
-0.172408   0.333604   0.328491
-0.00812592   0.158037   0.322396
0.160917   0.151965   0.172095
0.318789   0.315182   0.156559
0.168707   0.335617   0.314795
0.339246   0.160452   0.336289
