           1    -7.54256    -7.54256           0
           2     -7.5442    -7.54338 0.000817987
           3     -7.5434    -7.54338  0.00047231
           4    -7.54487    -7.54376 0.000500116
           5    -7.54146     -7.5433 0.000600167
           6    -7.54462    -7.54352 0.000537388
           7    -7.54527    -7.54377 0.000518719
           8     -7.5417    -7.54351 0.000518127
           9     -7.5407     -7.5432 0.000553285
          10    -7.54314    -7.54319 0.000494902
          11    -7.54243    -7.54312 0.000453007
          12    -7.54291    -7.54311 0.000413919
          13      -7.543     -7.5431 0.000380838
          14     -7.5415    -7.54298   0.0003706
          15    -7.54398    -7.54305 0.000351309
          16    -7.54176    -7.54297 0.000338314
          17    -7.54253    -7.54294 0.000318849
          18    -7.54354    -7.54298 0.000302448
          19    -7.54243    -7.54295  0.00028752
          20     -7.5439      -7.543 0.000276891
          21    -7.54522     -7.5431 0.000283869
          22     -7.5432    -7.54311 0.000270694
          23    -7.54051    -7.54299 0.000282292
          24    -7.54571    -7.54311 0.000293045
          25    -7.54503    -7.54318 0.000291462
          26    -7.54398    -7.54321  0.00028172
          27    -7.54444    -7.54326 0.000274865
          28    -7.54353    -7.54327 0.000265044
          29    -7.54411     -7.5433 0.000257377
          30    -7.54307    -7.54329 0.000248762
          31     -7.5459    -7.54338 0.000254941
          32     -7.5448    -7.54342 0.000250828
          33    -7.54398    -7.54344 0.000243701
          34    -7.54497    -7.54348 0.000240664
          35    -7.54445    -7.54351 0.000235319
          36    -7.54314     -7.5435 0.000228915
          37    -7.54134    -7.54344 0.000230174
          38    -7.54395    -7.54345  0.00022444
          39    -7.54358    -7.54346 0.000218632
          40    -7.53954    -7.54336  0.00023457
          41    -7.54406    -7.54338 0.000229418
          42    -7.54244    -7.54335 0.000224996
          43     -7.5412     -7.5433 0.000225341
          44    -7.54248    -7.54329 0.000220952
          45    -7.54172    -7.54325 0.000218785
          46    -7.54412    -7.54327 0.000214802
          47     -7.5424    -7.54325 0.000210998
          48    -7.54234    -7.54323 0.000207424
          49    -7.54274    -7.54322 0.000203389
          50    -7.54219     -7.5432 0.000200338
          51    -7.54079    -7.54315 0.000201998
          52    -7.54418    -7.54317  0.00019905
          53     -7.5433    -7.54318 0.000195272
          54    -7.54196    -7.54315 0.000192948
          55    -7.54165    -7.54313 0.000191381
          56    -7.54423    -7.54315 0.000188972
          57    -7.54404    -7.54316 0.000186282
          58    -7.54467    -7.54319 0.000184891
          59    -7.54119    -7.54315 0.000184862
          60     -7.5445    -7.54318 0.000183133
          61    -7.54157    -7.54315 0.000182023
          62     -7.5445    -7.54317 0.000180379
          63    -7.54238    -7.54316 0.000177939
          64    -7.54318    -7.54316 0.000175137
          65    -7.54525    -7.54319 0.000175392
          66    -7.54369     -7.5432 0.000172877
          67    -7.54411    -7.54321 0.000170823
          68    -7.54177    -7.54319 0.000169616
          69    -7.54305    -7.54319 0.000167152
          70    -7.54555    -7.54322  0.00016817
          71    -7.54012    -7.54318  0.00017145
          72    -7.54313    -7.54318 0.000169053
          73    -7.54321    -7.54318 0.000166722
          74    -7.54517    -7.54321 0.000166631
          75    -7.54587    -7.54324  0.00016819
          76    -7.54059    -7.54321   0.0001696
          77    -7.54297     -7.5432 0.000167412
          78    -7.54201    -7.54319 0.000165957
          79    -7.54344    -7.54319 0.000163873
          80     -7.5407    -7.54316 0.000164786
          81    -7.54194    -7.54314 0.000163431
          82    -7.54556    -7.54317 0.000164097
          83    -7.54414    -7.54319 0.000162528
          84     -7.5451    -7.54321 0.000162196
          85    -7.54171    -7.54319 0.000161241
          86    -7.54323    -7.54319 0.000159356
          87    -7.54173    -7.54317 0.000158408
          88    -7.54405    -7.54318 0.000156917
          89    -7.54445     -7.5432 0.000155791
          90    -7.54235    -7.54319 0.000154337
          91    -7.54364    -7.54319  0.00015271
          92    -7.54356     -7.5432 0.000151094
          93    -7.54466    -7.54321 0.000150289
          94    -7.54364    -7.54322  0.00014875
          95    -7.54158     -7.5432 0.000148187
          96    -7.54305     -7.5432 0.000146643
          97    -7.54319     -7.5432 0.000145124
          98    -7.54423    -7.54321 0.000144022
          99    -7.54317    -7.54321  0.00014256
         100     -7.5422     -7.5432 0.000141489
