           1     1.17768     1.17768           0
           2     1.17944     1.17856 0.000880615
           3     1.17881     1.17864 0.000514947
           4     1.17998     1.17898  0.00049419
           5     1.17661      1.1785 0.000609533
           6     1.17934     1.17864 0.000516973
           7     1.18004     1.17884 0.000480361
           8     1.17691      1.1786 0.000481121
           9     1.17624     1.17834 0.000499163
          10     1.17894      1.1784 0.000450461
          11     1.17766     1.17833 0.000412896
          12     1.17824     1.17832 0.000377002
          13     1.17856     1.17834 0.000347257
          14     1.17681     1.17823 0.000339509
          15      1.1798     1.17834 0.000332951
          16     1.17716     1.17826 0.000319998
          17     1.17819     1.17826  0.00030062
          18     1.17863     1.17828  0.00028418
          19     1.17776     1.17825 0.000270192
          20     1.17897     1.17829 0.000258801
          21     1.17982     1.17836 0.000256681
          22     1.17798     1.17834 0.000245362
          23     1.17609     1.17825 0.000254111
          24     1.18066     1.17835 0.000263326
          25     1.18003     1.17841 0.000261355
          26     1.17914     1.17844  0.00025265
          27     1.17928     1.17847 0.000245107
          28     1.17838     1.17847 0.000236212
          29     1.17917     1.17849 0.000229189
          30     1.17838     1.17849 0.000221449
          31     1.18087     1.17857  0.00022752
          32     1.17997     1.17861 0.000224634
          33     1.17936     1.17863 0.000218912
          34     1.17982     1.17867 0.000215228
          35      1.1793     1.17869 0.000209763
          36     1.17806     1.17867 0.000204603
          37     1.17703     1.17862 0.000203849
          38     1.17876     1.17863 0.000198442
          39     1.17881     1.17863 0.000193345
          40     1.17488     1.17854 0.000210545
          41     1.17966     1.17857 0.000207143
          42     1.17744     1.17854 0.000203923
          43     1.17677      1.1785  0.00020334
          44     1.17765     1.17848 0.000199592
          45     1.17724     1.17845 0.000197036
          46     1.17897     1.17846 0.000193033
          47     1.17766     1.17845 0.000189643
          48     1.17752     1.17843 0.000186657
          49     1.17808     1.17842 0.000182942
          50     1.17756      1.1784 0.000180068
          51     1.17606     1.17836 0.000182379
          52      1.1792     1.17837 0.000179567
          53     1.17827     1.17837 0.000176157
          54     1.17688     1.17834 0.000175051
          55     1.17702     1.17832 0.000173514
          56     1.17924     1.17834 0.000171179
          57     1.17906     1.17835 0.000168625
          58     1.17938     1.17837 0.000166644
          59     1.17656     1.17834 0.000166627
          60     1.17934     1.17835 0.000164682
          61     1.17655     1.17832  0.00016463
          62     1.17904     1.17833 0.000162371
          63     1.17721     1.17832 0.000160771
          64     1.17786     1.17831 0.000158403
          65     1.17968     1.17833 0.000157367
          66     1.17851     1.17833 0.000154988
          67     1.17896     1.17834 0.000152949
          68     1.17718     1.17833 0.000151657
          69     1.17789     1.17832 0.000149577
          70     1.18031     1.17835 0.000150144
          71     1.17567     1.17831 0.000152724
          72     1.17817     1.17831 0.000150601
          73      1.1779      1.1783 0.000148626
          74     1.17936     1.17832 0.000147302
          75     1.18042     1.17834 0.000148004
          76     1.17622     1.17832 0.000148706
          77     1.17808     1.17831 0.000146793
          78     1.17694      1.1783 0.000145961
          79     1.17826      1.1783 0.000144102
          80     1.17601     1.17827 0.000145127
          81     1.17697     1.17825 0.000144211
          82     1.18043     1.17828 0.000144903
          83     1.17916     1.17829 0.000143544
          84     1.17949      1.1783 0.000142544
          85     1.17722     1.17829  0.00014143
          86     1.17862     1.17829 0.000139829
          87     1.17656     1.17827 0.000139644
          88     1.17905     1.17828 0.000138329
          89     1.17926     1.17829 0.000137209
          90     1.17746     1.17828  0.00013599
          91     1.17832     1.17828 0.000134487
          92     1.17805     1.17828 0.000133042
          93     1.17936     1.17829 0.000132112
          94     1.17836     1.17829 0.000130701
          95      1.1767     1.17828 0.000130396
          96     1.17758     1.17827 0.000129234
          97     1.17808     1.17827  0.00012791
          98     1.17874     1.17827 0.000126689
          99     1.17806     1.17827 0.000125421
         100     1.17698     1.17826 0.000124832
