           0           0           0
   0.0230664           0           0
   0.0461329           0           0
   0.0691993           0           0
   0.0922657           0           0
    0.115332           0           0
    0.138399           0           0
    0.161465           0           0
    0.184531           0           0
    0.207598           0           0
    0.230664           0           0
    0.253731           0           0
    0.276797           0           0
    0.299864           0           0
     0.32293           0           0
    0.345996           0           0
    0.369063           0           0
    0.392129           0           0
    0.415196           0           0
    0.438262           0           0
    0.461329           0           0
    0.484395           0           0
    0.507461           0           0
    0.530528           0           0
    0.553594           0           0
    0.576661           0           0
    0.599727           0           0
    0.622794           0           0
     0.64586           0           0
    0.668926           0           0
    0.691993           0           0
    0.715059           0           0
    0.738126           0           0
    0.761192           0           0
    0.784259           0           0
    0.807325           0           0
    0.830391           0           0
    0.853458           0           0
    0.876524           0           0
    0.899591  0.00093279  0.00093279
    0.922657   0.0585616  0.00645778
    0.945724     0.40309   0.0182099
     0.96879     1.32305    0.031493
    0.991856      3.0504   0.0439492
     1.01492     4.92128   0.0574346
     1.03799     6.10634    0.059828
     1.06106     6.48396   0.0586876
     1.08412     5.97774   0.0586856
     1.10719     4.74877   0.0510324
     1.13026      3.6245   0.0437221
     1.15332     2.37523   0.0346313
     1.17639     1.58698   0.0287177
     1.19945    0.911403   0.0192173
     1.22252    0.467301   0.0141754
     1.24559      0.2352   0.0106537
     1.26865    0.127576  0.00842833
     1.29172   0.0620058  0.00574223
     1.31479    0.055906  0.00471777
     1.33785   0.0876085  0.00650531
     1.36092    0.130322  0.00766458
     1.38399    0.246929   0.0103488
     1.40705    0.418284   0.0119785
     1.43012    0.612539    0.013711
     1.45319    0.847506   0.0176715
     1.47625     1.06107   0.0184454
     1.49932     1.21958   0.0198537
     1.52238     1.28718   0.0206616
     1.54545     1.20364   0.0181264
     1.56852     1.06484   0.0167997
     1.59158    0.848811   0.0140423
     1.61465    0.630171   0.0123852
     1.63772    0.427045   0.0115378
     1.66078    0.311509  0.00885629
     1.68385    0.273725    0.010187
     1.70692    0.340374   0.0106272
     1.72998    0.594152   0.0154134
     1.75305     1.00648    0.016308
     1.77612     1.63131   0.0196709
     1.79918     2.28936   0.0194309
     1.82225     2.96558   0.0242133
     1.84531     3.45116   0.0290467
     1.86838     3.57975   0.0279409
     1.89145     3.36028   0.0278979
     1.91451     2.91935   0.0235357
     1.93758     2.23365   0.0198458
     1.96065     1.61229   0.0170519
     1.98371     1.09223   0.0151317
     2.00678    0.750702   0.0135704
     2.02985    0.579039   0.0114391
     2.05291     0.64194   0.0129051
     2.07598    0.774261   0.0113808
     2.09905     1.04914   0.0103021
     2.12211     1.21114   0.0136576
     2.14518     1.31789   0.0143014
     2.16824     1.33122   0.0131712
     2.19131     1.22321   0.0146356
     2.21438     1.03904     0.01204
     2.23744    0.875758   0.0113764
     2.26051    0.791612   0.0129587
     2.28358    0.792686   0.0125087
