           1     7.62828     7.62828           0
           2     7.60401     7.61614   0.0121346
           3     7.60597     7.61275  0.00778374
           4     7.60028     7.60963  0.00632588
           5     7.61725     7.61116  0.00513158
           6     7.60254     7.60972  0.00442937
           7     7.60601     7.60919  0.00378092
           8     7.62621     7.61132  0.00390506
           9     7.61635     7.61188  0.00348911
          10     7.60124     7.61081   0.0032969
          11     7.61075     7.61081  0.00298217
          12     7.62152      7.6117  0.00286493
          13     7.61303      7.6118  0.00263733
          14     7.62412     7.61268  0.00259546
          15     7.60921     7.61245  0.00242732
          16     7.62476     7.61322  0.00239727
          17     7.60695     7.61285  0.00228186
          18     7.61474     7.61296  0.00215391
          19     7.61829     7.61324  0.00205666
          20     7.60917     7.61303  0.00196169
          21     7.60056     7.61244   0.0019582
          22     7.61071     7.61236  0.00186873
          23     7.62087     7.61273  0.00182358
          24     7.60344     7.61234  0.00178831
          25     7.60666     7.61212  0.00173028
          26      7.6135     7.61217  0.00166324
          27     7.59781     7.61164  0.00168656
          28     7.60846     7.61152  0.00162917
          29     7.61104     7.61151  0.00157208
          30     7.60863     7.61141   0.0015218
          31     7.59275     7.61081  0.00159021
          32     7.59707     7.61038  0.00159844
          33      7.5983     7.61001  0.00159189
          34     7.59635     7.60961  0.00159581
          35     7.61817     7.60986  0.00156871
          36     7.60718     7.60978  0.00152632
          37     7.61154     7.60983  0.00148525
          38     7.59836     7.60953  0.00147679
          39     7.60835      7.6095  0.00143874
          40     7.62479     7.60988  0.00145346
          41     7.60729     7.60982  0.00141898
          42     7.60428     7.60968  0.00139103
          43     7.62482     7.61004  0.00140316
          44     7.62502     7.61038  0.00141253
          45     7.61775     7.61054  0.00139047
          46      7.6099     7.61053  0.00135998
          47     7.61635     7.61065  0.00133649
          48     7.62506     7.61095  0.00134234
          49     7.61569     7.61105  0.00131821
          50     7.61085     7.61104  0.00129158
          51     7.62025     7.61122   0.0012788
          52     7.60489      7.6111  0.00125988
          53     7.60532     7.61099  0.00124068
          54     7.63842      7.6115   0.0013192
          55     7.62138     7.61168  0.00130738
          56     7.61646     7.61177  0.00128665
          57     7.61501     7.61182  0.00126516
          58     7.59769     7.61158  0.00126681
          59     7.60867     7.61153  0.00124613
          60     7.60457     7.61141  0.00123067
          61     7.62002     7.61156  0.00121851
          62     7.60806      7.6115  0.00120002
          63     7.62351     7.61169  0.00119611
          64     7.61082     7.61168  0.00117735
          65     7.59634     7.61144  0.00118287
          66     7.60807     7.61139  0.00116593
          67     7.60042     7.61123     0.00116
          68      7.6052     7.61114  0.00114624
          69     7.61467     7.61119  0.00113067
          70     7.60331     7.61108  0.00112007
          71     7.62317     7.61125  0.00111725
          72     7.59665     7.61104  0.00112013
          73      7.6207     7.61118  0.00111257
          74     7.60773     7.61113  0.00109842
          75     7.61001     7.61111  0.00108378
          76     7.61228     7.61113  0.00106954
          77     7.60701     7.61108  0.00105691
          78     7.60759     7.61103  0.00104423
          79     7.60651     7.61097  0.00103251
          80     7.61244     7.61099  0.00101969
          81     7.61204       7.611   0.0010071
          82     7.60206      7.6109  0.00100071
          83     7.62145     7.61102 0.000996729
          84     7.59631     7.61085  0.00100025
          85     7.61092     7.61085 0.000988413
          86     7.60032     7.61073   0.0009845
          87     7.61273     7.61075  0.00097339
          88     7.60533     7.61069 0.000964235
          89     7.61126     7.61069 0.000953361
          90     7.61756     7.61077 0.000945793
          91     7.60929     7.61075 0.000935482
          92     7.62044     7.61086 0.000931227
          93     7.59981     7.61074 0.000928795
          94      7.6006     7.61063 0.000925172
          95     7.61341     7.61066  0.00091585
          96     7.60551     7.61061  0.00090785
          97     7.61538     7.61066 0.000899787
          98     7.60345     7.61058 0.000893591
          99     7.59812     7.61046 0.000893435
         100      7.6015     7.61037 0.000888982
