           1    -5.50197    -5.50197           0
           2    -5.50184    -5.50191 6.26279e-05
           3    -5.50168    -5.50183 8.34309e-05
           4    -5.50198    -5.50187 7.02479e-05
           5    -5.50195    -5.50189 5.66996e-05
           6    -5.50237    -5.50197  9.3004e-05
           7    -5.50232    -5.50202 9.36833e-05
           8    -5.50189      -5.502 8.27884e-05
           9    -5.50156    -5.50195 8.79603e-05
          10     -5.5013    -5.50189 0.000102199
          11    -5.50186    -5.50188   9.248e-05
          12    -5.50176    -5.50187 8.50099e-05
          13    -5.50153    -5.50185 8.24611e-05
          14    -5.50178    -5.50184 7.65089e-05
          15    -5.50127     -5.5018 8.09425e-05
          16    -5.50169     -5.5018 7.60307e-05
          17    -5.50143    -5.50178 7.45608e-05
          18      -5.502    -5.50179 7.14161e-05
          19    -5.50176    -5.50179 6.75664e-05
          20    -5.50203     -5.5018 6.51982e-05
          21     -5.5025    -5.50183 7.03403e-05
          22    -5.50231    -5.50185 7.05463e-05
          23    -5.50151    -5.50184 6.90724e-05
          24    -5.50214    -5.50185 6.73056e-05
          25     -5.5021    -5.50186 6.53153e-05
          26    -5.50194    -5.50186 6.28203e-05
          27    -5.50225    -5.50188 6.21002e-05
          28    -5.50224    -5.50189 6.11973e-05
          29    -5.50203     -5.5019 5.92515e-05
          30    -5.50178    -5.50189 5.73678e-05
          31    -5.50213     -5.5019 5.59973e-05
          32    -5.50192     -5.5019 5.42222e-05
          33    -5.50171    -5.50189  5.2875e-05
          34    -5.50224    -5.50191 5.22713e-05
          35    -5.50224    -5.50191  5.1665e-05
          36    -5.50218    -5.50192  5.0739e-05
          37     -5.5014    -5.50191  5.1346e-05
          38    -5.50229    -5.50192 5.09774e-05
          39    -5.50185    -5.50192   4.968e-05
          40    -5.50175    -5.50191 4.85998e-05
          41     -5.5015     -5.5019 4.84619e-05
          42    -5.50209    -5.50191 4.75103e-05
          43    -5.50152     -5.5019 4.72394e-05
          44    -5.50192     -5.5019 4.61563e-05
          45    -5.50157    -5.50189 4.57171e-05
          46    -5.50224     -5.5019 4.53498e-05
          47    -5.50183     -5.5019 4.44015e-05
          48    -5.50192     -5.5019 4.34685e-05
          49    -5.50175    -5.50189 4.26737e-05
          50    -5.50173    -5.50189 4.19472e-05
          51    -5.50182    -5.50189 4.11412e-05
          52    -5.50207    -5.50189  4.0494e-05
          53    -5.50212     -5.5019 3.99546e-05
          54    -5.50217     -5.5019 3.95257e-05
          55    -5.50172     -5.5019 3.89454e-05
          56    -5.50209     -5.5019 3.83905e-05
          57    -5.50207    -5.50191 3.78257e-05
          58    -5.50239    -5.50191 3.80822e-05
          59    -5.50172    -5.50191 3.75761e-05
          60    -5.50225    -5.50192 3.73746e-05
          61    -5.50211    -5.50192 3.68943e-05
          62    -5.50255    -5.50193 3.76743e-05
          63    -5.50226    -5.50193 3.74476e-05
          64    -5.50242    -5.50194 3.76261e-05
          65    -5.50266    -5.50195 3.86551e-05
          66    -5.50227    -5.50196 3.83628e-05
          67    -5.50224    -5.50196 3.80201e-05
          68    -5.50169    -5.50196 3.76682e-05
          69    -5.50225    -5.50196 3.73643e-05
          70    -5.50233    -5.50197 3.72079e-05
          71    -5.50154    -5.50196 3.71798e-05
          72    -5.50206    -5.50196 3.66829e-05
          73     -5.5024    -5.50197 3.66597e-05
          74     -5.5029    -5.50198 3.82712e-05
          75    -5.50254    -5.50199 3.84939e-05
          76    -5.50146    -5.50198 3.86102e-05
          77    -5.50197    -5.50198 3.81056e-05
          78    -5.50216    -5.50198 3.76839e-05
          79    -5.50228    -5.50199 3.73867e-05
          80    -5.50178    -5.50199 3.70085e-05
          81    -5.50206    -5.50199  3.6561e-05
          82    -5.50222    -5.50199 3.62281e-05
          83    -5.50207    -5.50199 3.58032e-05
          84    -5.50271      -5.502 3.63877e-05
          85    -5.50158    -5.50199 3.62877e-05
          86     -5.5017    -5.50199 3.60233e-05
          87    -5.50226    -5.50199 3.57442e-05
          88     -5.5021    -5.50199 3.53555e-05
          89    -5.50228      -5.502 3.50994e-05
          90    -5.50198      -5.502 3.47077e-05
          91    -5.50241      -5.502 3.46218e-05
          92     -5.5026    -5.50201  3.4857e-05
          93     -5.5024    -5.50201  3.4733e-05
          94    -5.50237    -5.50202 3.45717e-05
          95    -5.50196    -5.50202 3.42102e-05
          96    -5.50256    -5.50202 3.43276e-05
          97     -5.5022    -5.50202 3.40234e-05
          98    -5.50259    -5.50203 3.41586e-05
          99     -5.5022    -5.50203 3.38562e-05
         100    -5.50231    -5.50203 3.36342e-05
