           1    0.785121    0.785121           0
           2    0.786295    0.785708 0.000587076
           3    0.785872    0.785763 0.000343298
           4    0.786654    0.785985  0.00032946
           5    0.784404    0.785669 0.000406355
           6    0.786229    0.785762 0.000344649
           7    0.786694    0.785895 0.000320241
           8    0.784606    0.785734 0.000320747
           9    0.784157    0.785559 0.000332775
          10    0.785958    0.785599 0.000300307
          11    0.785109    0.785554 0.000275264
          12    0.785492    0.785549 0.000251334
          13    0.785705    0.785561 0.000231505
          14    0.784543    0.785489  0.00022634
          15    0.786535    0.785558 0.000221967
          16    0.784774    0.785509 0.000213332
          17    0.785458    0.785506 0.000200414
          18    0.785754     0.78552 0.000189453
          19    0.785174    0.785502 0.000180128
          20    0.785978    0.785526 0.000172534
          21    0.786544    0.785574 0.000171121
          22    0.785317    0.785562 0.000163574
          23     0.78406    0.785497 0.000169408
          24    0.787109    0.785564 0.000175551
          25    0.786684    0.785609 0.000174237
          26    0.786093    0.785628 0.000168433
          27    0.786189    0.785648 0.000163404
          28     0.78559    0.785646 0.000157474
          29    0.786112    0.785662 0.000152793
          30    0.785588     0.78566 0.000147633
          31    0.787246    0.785711  0.00015168
          32    0.786648     0.78574 0.000149756
          33    0.786242    0.785756 0.000145941
          34    0.786547    0.785779 0.000143485
          35    0.786199    0.785791 0.000139842
          36    0.785371    0.785779 0.000136402
          37    0.784689     0.78575 0.000135899
          38    0.785837    0.785752 0.000132295
          39    0.785876    0.785755 0.000128897
          40    0.783251    0.785693 0.000140363
          41    0.786437    0.785711 0.000138095
          42     0.78496    0.785693 0.000135948
          43    0.784512    0.785665  0.00013556
          44    0.785102    0.785653 0.000133061
          45    0.784827    0.785634 0.000131357
          46    0.785979    0.785642 0.000128689
          47     0.78511     0.78563 0.000126429
          48    0.785011    0.785618 0.000124438
          49    0.785389    0.785613 0.000121961
          50     0.78504    0.785601 0.000120046
          51     0.78404    0.785571 0.000121586
          52    0.786131    0.785582 0.000119711
          53    0.785513     0.78558 0.000117438
          54    0.784587    0.785562 0.000116701
          55     0.78468    0.785546 0.000115676
          56    0.786159    0.785557 0.000114119
          57    0.786038    0.785565 0.000112417
          58    0.786253    0.785577 0.000111096
          59    0.784374    0.785557 0.000111085
          60    0.786228    0.785568 0.000109788
          61    0.784367    0.785548 0.000109753
          62     0.78603    0.785556 0.000108247
          63    0.784805    0.785544 0.000107181
          64    0.785237    0.785539 0.000105602
          65    0.786453    0.785553 0.000104911
          66    0.785673    0.785555 0.000103326
          67    0.785976    0.785561 0.000101966
          68    0.784783     0.78555 0.000101105
          69    0.785258    0.785546 9.97182e-05
          70    0.786873    0.785565 0.000100096
          71    0.783783     0.78554 0.000101816
          72    0.785445    0.785538 0.000100401
          73     0.78527    0.785535 9.90842e-05
          74    0.786241    0.785544 9.82011e-05
          75    0.786946    0.785563 9.86694e-05
          76    0.784144    0.785544 9.91374e-05
          77    0.785389    0.785542 9.78621e-05
          78    0.784628     0.78553  9.7307e-05
          79    0.785504     0.78553  9.6068e-05
          80    0.784007    0.785511 9.67513e-05
          81    0.784649      0.7855 9.61405e-05
          82    0.786955    0.785518 9.66022e-05
          83    0.786109    0.785525 9.56961e-05
          84    0.786326    0.785535 9.50295e-05
          85    0.784814    0.785526 9.42869e-05
          86    0.785747    0.785529 9.32193e-05
          87    0.784372    0.785516 9.30962e-05
          88    0.786033    0.785522 9.22196e-05
          89    0.786175    0.785529 9.14728e-05
          90    0.784975    0.785523 9.06597e-05
          91    0.785546    0.785523 8.96583e-05
          92    0.785368    0.785521 8.86944e-05
          93    0.786239    0.785529 8.80744e-05
          94    0.785573    0.785529 8.71337e-05
          95    0.784469    0.785518 8.69308e-05
          96    0.785055    0.785513 8.61557e-05
          97    0.785384    0.785512 8.52733e-05
          98    0.785827    0.785515 8.44596e-05
          99    0.785375    0.785514 8.36142e-05
         100    0.784652    0.785505 8.32215e-05
