         0.2   -0.381066        0.77        0.63
         0.2   -0.436213    0.866068    0.567599
         0.2   -0.362111     0.88589    0.599943
         0.2   -0.362111     0.88589    0.599943
         0.2   -0.378566     0.94176    0.562326
         0.2   -0.167801    0.978147    0.621437
         0.2   -0.250048    0.905675     0.63913
         0.2   -0.427357    0.879463       0.568
         0.2   -0.203485    0.894975    0.665506
         0.2   -0.203485    0.894975    0.665506
         0.2   -0.203485    0.894975    0.665506
         0.2   -0.422569    0.843794       0.584
         0.2   -0.576505    0.829325    0.494607
         0.2   -0.511479    0.737999    0.531528
         0.2   -0.622692    0.796564    0.458266
         0.2   -0.626684    0.733233    0.426134
         0.2   -0.543677    0.664795    0.456146
         0.2   -0.600483    0.754053    0.461515
         0.2   -0.511897    0.716798    0.525027
         0.2   -0.579343    0.772549    0.484945
         0.2   -0.579343    0.772549    0.484945
         0.2   -0.579343    0.772549    0.484945
         0.2   -0.579343    0.772549    0.484945
         0.2   -0.529801    0.676061    0.483305
         0.2   -0.563288    0.665541    0.433522
         0.2   -0.563288    0.665541    0.433522
         0.2   -0.563288    0.665541    0.433522
         0.2   -0.650348    0.702531    0.368914
         0.2   -0.783752    0.782202    0.272301
         0.2   -0.873367    0.878559     0.23618
         0.2   -0.926612    0.943976    0.190331
         0.2   -0.859574     1.00517    0.260042
         0.2   -0.799587     1.07402    0.265708
         0.2   -0.799587     1.07402    0.265708
         0.2   -0.799587     1.07402    0.265708
         0.2   -0.799587     1.07402    0.265708
         0.2   -0.870984     1.07121    0.208224
         0.2   -0.945677     1.06449    0.123479
         0.2   -0.993324     1.02198   0.0465532
         0.2   -0.946702     1.10931 -0.00949712
         0.2   -0.946702     1.10931 -0.00949712
         0.2   -0.946702     1.10931 -0.00949712
         0.2    -0.95645     1.07488  -0.0879801
         0.2    -0.95645     1.07488  -0.0879801
         0.2   -0.997261    0.982611  -0.0284612
         0.2   -0.996437     1.00372   -0.041461
         0.2    -0.96665    0.906599  -0.0340641
         0.2   -0.898233    0.832262  -0.0820684
         0.2   -0.898233    0.832262  -0.0820684
         0.2   -0.813521    0.754956  -0.0409796
         0.2   -0.870194    0.814565   -0.129591
         0.2   -0.835634    0.784426   -0.138758
         0.2   -0.807374     0.76475   -0.161276
         0.2   -0.768067    0.722707  -0.0798761
         0.2   -0.768067    0.722707  -0.0798761
         0.2   -0.768067    0.722707  -0.0798761
         0.2   -0.670997    0.652937   0.0134015
         0.2    -0.77351    0.729533    0.109876
         0.2   -0.765756    0.733372    0.182164
         0.2   -0.765756    0.733372    0.182164
         0.2   -0.779398    0.781197    0.278941
         0.2   -0.671267    0.705932    0.341661
         0.2   -0.614018     0.65503    0.346184
         0.2   -0.642466    0.691303    0.364796
         0.2   -0.580685    0.608974    0.298467
         0.2   -0.445151    0.529541    0.377573
         0.2   -0.432471    0.534153    0.426882
         0.2   -0.535807    0.606287    0.382643
         0.2   -0.430154    0.525079    0.405929
         0.2   -0.391026    0.503816    0.483195
         0.2   -0.308267    0.407087    0.411428
         0.2   -0.327968    0.429512    0.384172
         0.2   -0.280282    0.380981    0.381083
         0.2   -0.353746    0.454642    0.408199
         0.2   -0.353746    0.454642    0.408199
         0.2   -0.323629    0.412146    0.493512
         0.2   -0.274284    0.356357    0.443793
         0.2   -0.348009     0.44566    0.358121
         0.2   -0.372871     0.45309    0.276507
         0.2   -0.424887    0.507867    0.358068
         0.2   -0.379344    0.464366    0.317159
         0.2   -0.379344    0.464366    0.317159
         0.2   -0.484048    0.533364    0.282203
         0.2   -0.599851    0.610454    0.217414
         0.2   -0.485595     0.53061    0.117886
         0.2   -0.435418    0.493488    0.174334
         0.2   -0.302983    0.398306    0.149817
         0.2   -0.381558    0.454171    0.188022
         0.2   -0.256942    0.361779    0.237267
         0.2   -0.321162    0.409766    0.219015
         0.2   -0.321162    0.409766    0.219015
         0.2   -0.321162    0.409766    0.219015
         0.2    -0.28499    0.387072     0.27913
         0.2    -0.24908    0.356678    0.247712
         0.2   -0.230385    0.338768    0.200798
         0.2   -0.345272    0.431723    0.126708
         0.2   -0.306432    0.398254    0.198661
         0.2   -0.391488    0.461875    0.182302
         0.2   -0.262433      0.3715   0.0947144
         0.2   -0.355459    0.443685   0.0327009
        0.19   -0.308435    0.409419   0.0576767
        0.19   -0.408222    0.480228   0.0221208
        0.19   -0.408222    0.480228   0.0221208
        0.19   -0.463291     0.51637  -0.0759466
        0.19   -0.531414    0.561625  -0.0811576
        0.19    -0.45552    0.510708  -0.0891465
        0.19   -0.538945    0.566177    -0.12329
        0.19   -0.493984    0.536937  -0.0511332
        0.19   -0.477992    0.525198   -0.122821
        0.19   -0.411269    0.481712  -0.0583477
        0.19   -0.411269    0.481712  -0.0583477
        0.19   -0.402091     0.47616   0.0188258
        0.19   -0.302125    0.405592   0.0257778
        0.19   -0.276403    0.384931   -0.057797
        0.19   -0.386015    0.464897   -0.025827
        0.19   -0.386015    0.464897   -0.025827
        0.19   -0.343402    0.433014  -0.0918607
        0.19    -0.30691     0.40744  -0.0683384
        0.19    -0.30691     0.40744  -0.0683384
        0.19   -0.243904    0.356002   -0.103493
        0.19   -0.270585     0.37758   -0.103984
        0.19   -0.306623    0.400145   -0.165003
        0.19   -0.375353    0.449045   -0.201957
        0.19   -0.426443    0.491195   -0.265498
        0.19   -0.511526    0.547736   -0.212494
        0.19   -0.598969    0.614258   -0.254925
        0.19   -0.598969    0.614258   -0.254925
        0.19   -0.672561     0.67597   -0.272887
        0.19   -0.649987    0.653459    -0.24853
        0.19   -0.622057    0.639912   -0.282108
        0.19   -0.509081    0.544905   -0.237183
        0.19   -0.621624    0.625935   -0.203002
        0.19   -0.758716    0.719355   -0.122737
        0.19   -0.779623    0.746075   -0.185342
        0.19   -0.779623    0.746075   -0.185342
        0.19   -0.746288     0.72164   -0.199231
        0.19   -0.772131    0.732109   -0.141094
        0.19   -0.699811    0.677286    -0.13792
        0.19   -0.670062    0.653642  -0.0796006
        0.19   -0.682914     0.66102   0.0142372
        0.19   -0.723941    0.689958   0.0617999
        0.19   -0.723941    0.689958   0.0617999
        0.19   -0.685473    0.663028  -0.0375961
        0.19   -0.660494    0.648975   -0.124207
        0.19   -0.689313    0.675623    -0.19525
        0.19   -0.689313    0.675623    -0.19525
        0.19   -0.682703    0.691133   -0.290747
        0.19   -0.741936    0.778637    -0.33276
        0.19   -0.718324    0.775313   -0.379601
        0.19   -0.758019    0.763402   -0.290472
        0.19   -0.730781    0.745752   -0.306807
        0.19   -0.730781    0.745752   -0.306807
        0.19   -0.727379    0.776572   -0.348843
        0.19   -0.661604    0.795009   -0.425826
        0.19   -0.751143    0.839291   -0.363907
        0.19   -0.631766    0.785678   -0.448279
        0.19   -0.672172    0.784152   -0.395739
        0.19   -0.651423    0.717237   -0.372608
        0.19   -0.579518    0.719385   -0.461776
        0.19   -0.615211    0.757157   -0.451211
        0.19   -0.615211    0.757157   -0.451211
        0.19   -0.538714    0.660539   -0.457634
        0.19    -0.54279    0.663411   -0.457572
        0.19    -0.54279    0.663411   -0.457572
        0.19   -0.512377    0.582256   -0.374158
        0.19   -0.511462    0.636865    -0.46843
        0.19   -0.527423    0.631454   -0.442284
        0.19   -0.654746    0.728373   -0.392359
        0.19   -0.567197    0.648785   -0.410453
        0.19   -0.567197    0.648785   -0.410453
        0.19   -0.469504    0.560784   -0.411256
        0.19   -0.358443    0.461986    -0.47264
        0.19   -0.391334    0.493593   -0.424429
        0.19   -0.406081    0.523259    -0.48886
        0.19   -0.454316    0.559822   -0.442057
        0.19   -0.505876    0.636319   -0.476287
        0.19   -0.484877    0.692898   -0.540624
        0.19    -0.45337    0.712862   -0.579513
        0.19   -0.451836    0.667883   -0.570215
        0.19   -0.454905    0.652969   -0.559283
        0.19   -0.464829     0.74681   -0.568973
        0.19   -0.557486    0.780416   -0.506146
        0.19   -0.585634    0.718954   -0.455228
        0.19   -0.510009    0.725913    -0.52857
        0.19   -0.573878    0.804708   -0.494901
        0.19   -0.532075    0.786212   -0.524317
        0.19    -0.56487    0.758721   -0.495477
        0.19    -0.56487    0.758721   -0.495477
        0.19   -0.509243    0.700924   -0.519928
        0.19   -0.511757    0.617787   -0.442025
        0.19   -0.577974    0.683632   -0.432447
        0.19   -0.580005    0.719404   -0.464844
        0.19   -0.496708    0.694018    -0.53219
        0.19   -0.447566    0.621699   -0.552013
        0.19    -0.40944    0.556491   -0.558203
        0.19   -0.389664    0.587773   -0.630686
        0.19   -0.411304    0.601816    -0.60218
        0.19   -0.349001    0.613647   -0.699237
        0.19   -0.307135    0.573464   -0.767346
        0.19   -0.326154    0.497193   -0.772452
        0.18    -0.30784    0.499835   -0.804634
        0.18   -0.337655    0.567722   -0.726283
        0.18   -0.337655    0.567722   -0.726283
        0.18   -0.337655    0.567722   -0.726283
        0.18    -0.37915     0.57841   -0.652857
        0.18   -0.389995    0.549642   -0.613187
        0.18   -0.362785    0.510036   -0.667913
        0.18   -0.375852     0.55349   -0.655286
        0.18   -0.436197    0.623319   -0.567835
        0.18   -0.436197    0.623319   -0.567835
        0.18   -0.436183    0.584731    -0.53446
        0.18   -0.414913    0.546505   -0.523682
        0.18   -0.414016    0.549209    -0.53115
        0.18   -0.378799    0.510751   -0.590443
        0.18   -0.375282    0.534416   -0.641243
        0.18   -0.380153     0.51281    -0.59537
        0.18    -0.35374    0.449801   -0.587804
        0.18   -0.359562    0.470482   -0.634695
        0.18   -0.357302    0.475169    -0.66365
        0.18   -0.350499    0.439792   -0.695545
        0.18   -0.336125     0.48662   -0.755672
        0.18   -0.329821    0.406476   -0.782937
        0.18   -0.336214    0.313565    -0.72374
        0.18   -0.339344    0.347042    -0.72784
        0.18   -0.305975    0.262122   -0.629529
        0.18   -0.292447    0.238056   -0.607173
        0.18   -0.286899    0.194193   -0.612935
        0.18   -0.308024    0.202466    -0.66242
        0.18   -0.308024    0.202466    -0.66242
        0.18   -0.301369    0.232288   -0.633905
        0.18   -0.277443    0.294193   -0.535061
        0.18   -0.253148    0.238246   -0.524134
        0.18   -0.262484    0.304061   -0.491029
        0.18   -0.262484    0.304061   -0.491029
        0.18   -0.228867    0.220901   -0.487963
        0.18   -0.228867    0.220901   -0.487963
        0.18   -0.296344    0.315484   -0.562775
        0.18   -0.340355    0.397499   -0.641822
        0.18   -0.338905    0.324107   -0.740744
        0.18   -0.327788    0.331665   -0.649289
        0.18   -0.335563    0.290718   -0.736246
        0.18   -0.334739    0.242038   -0.781677
        0.18   -0.321693    0.254993    -0.85497
        0.18   -0.283633     0.19915     -0.9407
        0.18   -0.272626    0.102313   -0.972086
        0.18   -0.311586   0.0587483   -0.916022
        0.18   -0.272516    0.115842   -0.969915
        0.18   -0.242505   0.0786331   -0.997661
        0.18   -0.270022   0.0439986   -0.974395
        0.18   -0.236445    0.138669    -1.00266
        0.18   -0.281083    0.198071   -0.942262
        0.18   -0.281083    0.198071   -0.942262
        0.18   -0.256776    0.175532   -0.977534
        0.18   -0.147383    0.275079    -1.04462
        0.18   -0.243054    0.333482   -0.952872
        0.18   -0.268305    0.338031   -0.919266
        0.18   -0.268305    0.338031   -0.919266
        0.18   -0.293354    0.311983   -0.897654
        0.18   -0.322669    0.367295   -0.810263
        0.18   -0.338988    0.421901   -0.747659
        0.18   -0.336545    0.354967   -0.674769
        0.18   -0.334531    0.320499   -0.717613
        0.18    -0.32952    0.320308   -0.674546
        0.18   -0.289253    0.267079   -0.582032
        0.18   -0.258432    0.210797    -0.54869
        0.18   -0.288756    0.271735   -0.577091
        0.18   -0.290536    0.243424   -0.600532
        0.18   -0.275532    0.214002   -0.581126
        0.18    -0.24088    0.196801   -0.521951
        0.18   -0.181894    0.148035   -0.440768
        0.18   -0.234095    0.247292   -0.479194
        0.18   -0.207598    0.182524   -0.469136
        0.18   -0.164925    0.208572   -0.377055
        0.18  -0.0978025    0.132713   -0.294566
        0.18  -0.0796354    0.172491   -0.213178
        0.18  -0.0796354    0.172491   -0.213178
        0.18  -0.0885084    0.108328   -0.288245
        0.18  -0.0430913   0.0848438   -0.190981
        0.18  -0.0430913   0.0848438   -0.190981
        0.18  -0.0891394    0.146041   -0.266795
        0.18  -0.0891659    0.136004   -0.274905
        0.18  -0.0810684   0.0863176   -0.280414
        0.18   -0.121529    0.170467   -0.317442
        0.18   -0.120617    0.225372   -0.246845
        0.18   -0.208007    0.308817    -0.33673
        0.18   -0.208007    0.308817    -0.33673
        0.18   -0.289875    0.390195   -0.265839
        0.18   -0.219454    0.330585   -0.288092
        0.18   -0.348127    0.429603   -0.229367
        0.18   -0.290706    0.393867   -0.328067
        0.18   -0.290706    0.393867   -0.328067
        0.18   -0.290706    0.393867   -0.328067
        0.18   -0.290706    0.393867   -0.328067
        0.18   -0.392475    0.473274   -0.312804
        0.18   -0.362459     0.44646   -0.268303
        0.18   -0.362614    0.443401   -0.208683
        0.18   -0.300395    0.399884   -0.109378
        0.18   -0.270873     0.37772   -0.103591
        0.18   -0.190606    0.303187    -0.17501
        0.18   -0.267448    0.382428   -0.194017
        0.17   -0.274083    0.377669   -0.275308
        0.17   -0.385905    0.471366   -0.329692
        0.17   -0.366422    0.447311   -0.246806
        0.17   -0.393275    0.477265   -0.334461
        0.17   -0.393275    0.477265   -0.334461
        0.17   -0.393275    0.477265   -0.334461
        0.17   -0.503013    0.542338   -0.247098
        0.17   -0.605122    0.614753   -0.203802
        0.17   -0.694893    0.682922   -0.213388
        0.17   -0.586841    0.602889    -0.22061
        0.17   -0.685131    0.685868    -0.27249
        0.17   -0.721249    0.726527   -0.289762
        0.17   -0.729217    0.824261   -0.378773
        0.17   -0.729217    0.824261   -0.378773
        0.17   -0.802592    0.815714    -0.28366
        0.17   -0.802592    0.815714    -0.28366
        0.17   -0.880025    0.884467   -0.228355
        0.17   -0.817483    0.822946   -0.268134
        0.17   -0.794402    0.831012   -0.309038
        0.17   -0.821252    0.892052   -0.306666
        0.17   -0.870429    0.953422   -0.261718
        0.17   -0.859909    0.868578   -0.246407
        0.17   -0.867269    0.862272   -0.229296
        0.17   -0.898695    0.854513   -0.154284
        0.17   -0.844786    0.790765   -0.127466
        0.17   -0.776644    0.730717   -0.102898
        0.17   -0.894228    0.830667   -0.094547
        0.17    -0.94971    0.880877  -0.0112979
        0.17   -0.933329    0.869877   0.0766312
        0.17   -0.887472    0.826135    0.104529
        0.17   -0.967264    0.912796    0.057952
        0.17   -0.978029    0.944185    0.078318
        0.17   -0.921317    0.857898   0.0860865
        0.17   -0.941593    0.925139    0.153268
        0.17   -0.979849    0.994206    0.101198
        0.17   -0.917582      1.0069    0.200038
        0.17   -0.954002    0.925884    0.127638
        0.17   -0.948403    0.939111    0.149815
        0.17   -0.909292    0.990091    0.214521
        0.17   -0.953653     1.00912    0.148901
        0.17   -0.962343    0.911834   0.0794553
        0.17   -0.962343    0.911834   0.0794553
        0.17   -0.962343    0.911834   0.0794553
        0.17   -0.890653    0.855007     0.17398
        0.17     -0.8014    0.803536    0.271481
        0.17   -0.740134    0.729114    0.249074
        0.17   -0.824919    0.778793    0.155242
        0.17   -0.881693    0.817437   0.0929632
        0.17    -0.83667    0.772003  0.00933965
        0.17   -0.796145    0.743275  -0.0739737
        0.17   -0.801537    0.755338   -0.137484
        0.17   -0.825831    0.770481    -0.10609
        0.17   -0.814561    0.756637  -0.0631746
        0.17   -0.845015     0.78792   -0.114235
        0.17   -0.865106    0.810868   -0.133817
        0.17   -0.896547    0.839151   -0.118989
        0.17   -0.927517     0.88309   -0.133229
        0.17   -0.855911     0.83793   -0.220271
        0.17   -0.817376     0.85146   -0.292236
        0.17   -0.817376     0.85146   -0.292236
        0.17   -0.842473    0.837966   -0.244939
        0.17   -0.708862    0.743407    -0.33681
        0.17   -0.795803    0.816419   -0.294649
        0.17   -0.791006    0.827952    -0.31164
        0.17   -0.791006    0.827952    -0.31164
        0.17   -0.858554    0.894692   -0.263779
        0.17   -0.830736    0.811428   -0.227771
        0.17   -0.803987    0.902827   -0.325918
        0.17   -0.719899    0.941346   -0.387842
        0.17   -0.782353    0.842563   -0.331918
        0.17   -0.762604    0.891723    -0.35944
        0.17   -0.811865    0.902362   -0.318007
        0.17   -0.864217    0.929965   -0.267491
        0.17   -0.881016    0.883038   -0.225704
        0.17    -0.87031    0.896812   -0.250755
        0.17   -0.934073    0.930507   -0.171335
        0.17   -0.890843    0.934796   -0.236538
        0.17   -0.818832    0.981301   -0.302622
        0.17   -0.814864    0.909827   -0.314923
        0.17   -0.877009    0.993917   -0.247267
        0.17    -0.78043     0.92797   -0.344445
        0.17    -0.78043     0.92797   -0.344445
        0.17   -0.739605    0.837245   -0.373226
        0.17   -0.739605    0.837245   -0.373226
        0.17   -0.756772    0.856711    -0.36407
        0.17   -0.756772    0.856711    -0.36407
        0.17   -0.695722    0.817986    -0.40644
        0.17   -0.716662    0.743014   -0.322791
        0.17   -0.691275    0.800962   -0.411748
        0.17   -0.710177    0.729555   -0.319257
        0.17   -0.698237    0.769369   -0.369549
        0.17   -0.727372    0.770916   -0.343958
        0.17   -0.839949    0.838278   -0.248249
        0.17   -0.841441    0.913789   -0.289757
        0.17   -0.849794     0.82314   -0.209584
        0.17   -0.835376    0.836654     -0.2545
        0.17   -0.880201    0.936366   -0.249349
        0.17   -0.860349    0.931039   -0.272106
        0.17   -0.796133    0.954432    -0.32814
        0.17   -0.808876    0.973995   -0.312783
        0.16   -0.826875     1.00147   -0.289193
        0.16   -0.864264    0.942505   -0.267445
        0.16   -0.939508    0.998561   -0.173308
        0.16   -0.941047      1.0334   -0.156368
        0.16   -0.979554    0.942636  -0.0690955
        0.16   -0.969784    0.949845    -0.11027
        0.16   -0.969784    0.949845    -0.11027
        0.16   -0.984149     1.03706  -0.0675277
        0.16   -0.894803     1.11248   -0.133759
        0.16   -0.938222     1.10179  -0.0777159
        0.16   -0.942643     1.10101   -0.068421
        0.16   -0.943738     1.05867   -0.133155
        0.16   -0.970959    0.977996   -0.119942
        0.16   -0.970959    0.977996   -0.119942
        0.16   -0.903657     1.06638   -0.178564
        0.16   -0.857544     1.15089   -0.111116
        0.16   -0.706839     1.22571   -0.108105
        0.16   -0.776104     1.15998   -0.184351
        0.16   -0.827292     1.12374   -0.191808
        0.16   -0.827292     1.12374   -0.191808
        0.16   -0.878542     1.11953   -0.144181
        0.16   -0.809905     1.16635    -0.13958
        0.16   -0.907251     1.12012   -0.101254
        0.16   -0.974604     1.06063  -0.0639235
        0.16   -0.974604     1.06063  -0.0639235
        0.16   -0.994058    0.963479   0.0209202
        0.16   -0.994058    0.963479   0.0209202
        0.16   -0.993879     0.96078   0.0105144
        0.16   -0.934822    0.865154   0.0391878
        0.16   -0.942789    0.873413   0.0274715
        0.16   -0.942789    0.873413   0.0274715
        0.16   -0.957277    0.917248     0.10702
        0.16   -0.904938    0.908302    0.206307
        0.16    -0.88978    0.847905    0.162594
        0.16   -0.819248    0.820747    0.262102
        0.16   -0.808302    0.798135     0.25038
        0.16   -0.690894    0.725231    0.341204
        0.16   -0.551657    0.657384    0.438877
        0.16   -0.480502    0.646332     0.52041
        0.16   -0.495428    0.661225    0.512696
        0.16    -0.55484    0.645569    0.420687
        0.16    -0.55484    0.645569    0.420687
        0.16   -0.546136    0.734914    0.501622
        0.16   -0.581386    0.770815    0.483619
        0.16   -0.607584    0.751405    0.453548
        0.16   -0.619885    0.681876    0.381981
        0.16   -0.746278    0.752842    0.290503
        0.16   -0.727597    0.839469    0.383307
        0.16   -0.705804    0.784239    0.379856
        0.16   -0.659692    0.713864    0.370825
        0.16   -0.664565    0.785811    0.420851
        0.16   -0.664565    0.785811    0.420851
        0.16   -0.601456    0.882138    0.473349
        0.16   -0.472032     0.96917    0.505837
        0.16   -0.459127    0.884935    0.551132
        0.16   -0.459127    0.884935    0.551132
        0.16   -0.459127    0.884935    0.551132
        0.16   -0.459127    0.884935    0.551132
        0.16   -0.459127    0.884935    0.551132
        0.16   -0.611725    0.894778     0.46336
        0.16    -0.57367     0.81242    0.494939
        0.16   -0.641508    0.755566    0.425171
        0.16   -0.550494    0.770144    0.507631
        0.16   -0.606642    0.710851    0.427715
        0.16   -0.510223    0.667844    0.499751
        0.16    -0.53337    0.632488     0.43134
        0.16   -0.517546     0.70255    0.514672
        0.16   -0.555337    0.692855    0.466905
        0.16   -0.448131    0.643676    0.561378
        0.16   -0.454614    0.693322    0.575992
        0.16   -0.527443    0.710239    0.507396
        0.16   -0.527443    0.710239    0.507396
        0.16   -0.527443    0.710239    0.507396
        0.16   -0.524341    0.621158    0.429301
        0.16   -0.658949    0.713633     0.37122
        0.16   -0.719071    0.755411    0.338508
        0.16   -0.776441    0.832894    0.331457
        0.16   -0.726113    0.839093    0.384364
        0.16   -0.726113    0.839093    0.384364
        0.16   -0.745427    0.858342    0.372061
        0.16   -0.670511    0.938057    0.420623
        0.16   -0.670511    0.938057    0.420623
        0.16   -0.763051     0.99389    0.338459
        0.16   -0.685461     1.06306    0.344495
        0.16   -0.648927     1.15595    0.278978
        0.16   -0.545929     1.21193    0.259672
        0.16    -0.61841     1.19951     0.23734
        0.16   -0.661211     1.17141    0.251667
        0.16   -0.661211     1.17141    0.251667
        0.16   -0.665177     1.11079    0.317427
        0.16   -0.665177     1.11079    0.317427
        0.16   -0.665177     1.11079    0.317427
        0.16   -0.726355     1.09053    0.300891
        0.16   -0.768528      1.1042    0.259651
        0.16   -0.851409     1.12497    0.166308
        0.16   -0.874312     1.06723    0.208332
        0.16    -0.89134     1.08019    0.179767
        0.16   -0.819578     1.16751    0.125594
        0.16   -0.898774     1.12446     0.10595
        0.16   -0.898774     1.12446     0.10595
        0.15   -0.818145     1.18386   0.0801136
        0.15   -0.818145     1.18386   0.0801136
        0.15   -0.960319     1.08583   0.0543339
        0.15   -0.994476     1.03426  -0.0174176
        0.15   -0.994476     1.03426  -0.0174176
        0.15   -0.994476     1.03426  -0.0174176
        0.15   -0.977139     1.06661  -0.0410633
        0.15   -0.986948     1.05328  -0.0221129
        0.15   -0.986948     1.05328  -0.0221129
        0.15   -0.982356    0.958999  -0.0794176
        0.15   -0.982356    0.958999  -0.0794176
        0.15   -0.982356    0.958999  -0.0794176
        0.15   -0.997161    0.992865  -0.0368109
        0.15   -0.984894     1.05659    0.026619
        0.15   -0.984894     1.05659    0.026619
        0.15   -0.990944     1.03448  -0.0437636
        0.15   -0.991951    0.963096   0.0393549
        0.15   -0.995758     1.01672   -0.038777
        0.15   -0.989604     1.04478   0.0301354
        0.15   -0.954414     1.09063   0.0604417
        0.15   -0.940644     1.10116   0.0728283
        0.15   -0.780744     1.18404      0.1331
        0.15   -0.810124     1.15613    0.158709
        0.15   -0.795542     1.17368    0.139656
        0.15   -0.795542     1.17368    0.139656
        0.15   -0.769353     1.16335    0.182934
        0.15    -0.93244     1.08169    0.124233
        0.15   -0.972096     1.03265    0.102678
        0.15    -0.98687     1.04379   0.0475809
        0.15   -0.992625    0.970219  -0.0462243
        0.15   -0.980289     1.02565  -0.0892276
        0.15    -0.91726     1.09959   -0.122094
        0.15   -0.952025     1.10222  -0.0252133
        0.15   -0.964134     1.08067  -0.0552937
        0.15    -0.98874     1.00703  -0.0731774
        0.15    -0.98874     1.00703  -0.0731774
        0.15   -0.992127    0.965679  -0.0429394
        0.15   -0.992127    0.965679  -0.0429394
        0.15   -0.992127    0.965679  -0.0429394
        0.15   -0.986714    0.942048   0.0202912
        0.15   -0.986153     1.03922  -0.0577018
        0.15   -0.986153     1.03922  -0.0577018
        0.15   -0.939638     1.08268   -0.111343
        0.15    -0.94255    0.990579   -0.170376
        0.15   -0.935827    0.969007   -0.181255
        0.15   -0.935827    0.969007   -0.181255
        0.15    -0.98155     1.02658  -0.0844914
        0.15   -0.991418     1.01271  -0.0618953
        0.15   -0.971098    0.926663  -0.0753161
        0.15   -0.951367    0.890235  -0.0645942
        0.15   -0.951367    0.890235  -0.0645942
        0.15   -0.951367    0.890235  -0.0645942
        0.15   -0.951367    0.890235  -0.0645942
        0.15   -0.951367    0.890235  -0.0645942
        0.15   -0.954737    0.908588  -0.0999095
        0.15   -0.954737    0.908588  -0.0999095
        0.15   -0.954737    0.908588  -0.0999095
        0.15   -0.972442    0.958466    -0.10848
        0.15    -0.95886     1.05009   -0.115538
        0.15    -0.95886     1.05009   -0.115538
        0.15    -0.95886     1.05009   -0.115538
        0.15   -0.889633     1.04426   -0.211545
        0.15   -0.880151     1.02312   -0.231973
        0.15   -0.880151     1.02312   -0.231973
        0.15   -0.880151     1.02312   -0.231973
        0.15   -0.910022    0.968779   -0.215858
        0.15   -0.900961    0.881177   -0.190643
        0.15   -0.900961    0.881177   -0.190643
        0.15   -0.936325    0.951937    -0.17772
        0.15   -0.936325    0.951937    -0.17772
        0.15   -0.941454    0.988472   -0.172777
        0.15   -0.932852     1.06963    -0.13821
        0.15   -0.910736     1.12865  -0.0712079
        0.15   -0.910736     1.12865  -0.0712079
        0.15   -0.910736     1.12865  -0.0712079
        0.15   -0.918349     1.12865  -0.0504314
        0.15   -0.918349     1.12865  -0.0504314
        0.15   -0.842422     1.17199  -0.0758051
        0.15   -0.976809     1.07306   0.0102792
        0.15   -0.926959     1.10141    0.103243
        0.15   -0.953201     1.02776     0.14192
        0.15   -0.912251    0.997948    0.207086
        0.15   -0.912251    0.997948    0.207086
        0.15   -0.933709     1.00867    0.178066
        0.15    -0.94911    0.915433     0.12786
        0.15   -0.934458    0.870998   0.0752386
        0.15   -0.925019    0.853107   0.0290134
        0.15   -0.969891    0.933832   0.0919907
        0.15   -0.969513    0.909796   0.0241309
        0.15    -0.89416     0.82165   0.0149061
        0.15    -0.89416     0.82165   0.0149061
        0.15   -0.949063    0.885592   0.0565733
        0.15   -0.988415    0.948712   -0.031706
        0.15    -0.99481    0.992215  -0.0498049
        0.15   -0.983006     1.00757   -0.090722
        0.15   -0.983006     1.00757   -0.090722
        0.15   -0.964483    0.917348  -0.0823346
        0.15    -0.87827    0.818634   -0.113987
        0.15   -0.958375    0.910986  -0.0926912
        0.15   -0.927626    0.995041   -0.189981
        0.14   -0.969387    0.936036  -0.0960776
        0.14   -0.952586    0.885808  -0.0284086
        0.14   -0.885578    0.828946   -0.125753
        0.14   -0.958025    0.898909  -0.0607257
        0.14    -0.97538    0.941522  -0.0834893
        0.14    -0.99587    0.978412  -0.0350986
        0.14   -0.994279    0.986547  -0.0512284
        0.14    -0.97362    0.917178   0.0277513
        0.14    -0.97362    0.917178   0.0277513
        0.14    -0.93819    0.868213    0.030398
        0.14   -0.928962    0.856548   0.0121147
        0.14   -0.943682    0.879931  -0.0645418
        0.14   -0.981365    0.932043  -0.0296277
        0.14   -0.892772    0.834223   -0.114988
        0.14   -0.827283    0.781687   -0.158485
        0.14   -0.884756     0.83527   -0.145626
        0.14   -0.891876     0.88787   -0.212808
        0.14   -0.902533    0.919903   -0.216301
        0.14   -0.902533    0.919903   -0.216301
        0.14   -0.795216    0.838018   -0.310799
        0.14   -0.787992    0.764466   -0.223221
        0.14    -0.85062    0.802965   -0.155544
        0.14    -0.85062    0.802965   -0.155544
        0.14    -0.85062    0.802965   -0.155544
        0.14    -0.85062    0.802965   -0.155544
        0.14   -0.865377    0.819928   -0.162104
        0.14   -0.784603    0.735818  -0.0895398
        0.14   -0.787476    0.743623   -0.138094
        0.14   -0.881416    0.814138  -0.0692561
        0.14   -0.881416    0.814138  -0.0692561
        0.14   -0.934023     0.87217  -0.0822225
        0.14   -0.889939    0.825344    -0.09006
        0.14   -0.841902     0.78659   -0.121377
        0.14   -0.881219    0.810753  -0.0390609
        0.14   -0.860837     0.79311  -0.0412086
        0.14   -0.860837     0.79311  -0.0412086
        0.14   -0.904616     0.84442    -0.10646
        0.14   -0.852459    0.799249   -0.134623
        0.14   -0.896046    0.866735   -0.181237
        0.14   -0.890667    0.866258   -0.191766
        0.14   -0.906672    0.845587   -0.102602
        0.14   -0.930586    0.871703  -0.0957211
        0.14   -0.930586    0.871703  -0.0957211
        0.14   -0.958828    0.966601   -0.141933
        0.14   -0.917897     1.03715   -0.184326
        0.14   -0.827092     1.03991     -0.2687
        0.14   -0.827092     1.03991     -0.2687
        0.14   -0.865613    0.979879   -0.262118
        0.14   -0.839362     1.04676   -0.254546
        0.14   -0.614473     1.12202   -0.333455
        0.14   -0.614473     1.12202   -0.333455
        0.14    -0.69412     1.05488   -0.348696
        0.14    -0.69412     1.05488   -0.348696
        0.14   -0.841543    0.975994   -0.285345
        0.14   -0.813349    0.907055   -0.316545
        0.14   -0.832298    0.987966   -0.288894
        0.14    -0.79813    0.915206   -0.331742
        0.14   -0.742658    0.912392   -0.377124
        0.14   -0.813848    0.899478   -0.316123
        0.14   -0.893623    0.974184   -0.234764
        0.14   -0.832503     0.95181   -0.298886
        0.14    -0.75364    0.997598   -0.344429
        0.14   -0.746476    0.987685   -0.353643
        0.14   -0.661146     1.07343   -0.351472
        0.14   -0.657378     1.13504   -0.296164
        0.14     -0.6435     1.19118   -0.235199
        0.14   -0.877806     1.09782   -0.174459
        0.14   -0.943144     1.01963   -0.160244
        0.14   -0.927778    0.921503   -0.178004
        0.14   -0.872584     0.98235   -0.254612
        0.14   -0.946372     0.97182   -0.165196
        0.14   -0.932843    0.904903    -0.15298
        0.14    -0.97582    0.965793   -0.104028
        0.14   -0.979075     1.02988  -0.0884582
        0.14   -0.966733     1.02667   -0.118238
        0.14   -0.982068    0.932612  -0.0239699
        0.14   -0.971163     0.91275   0.0260946
        0.14   -0.908153    0.839179   0.0604494
        0.14   -0.920152     0.84828   0.0332002
        0.14   -0.861471    0.793705   0.0463387
        0.14   -0.781368    0.730887   0.0488949
        0.14   -0.824671     0.76356  -0.0374174
        0.14   -0.824671     0.76356  -0.0374174
        0.14   -0.824671     0.76356  -0.0374174
        0.14   -0.824671     0.76356  -0.0374174
        0.14   -0.861948    0.802609   -0.110295
        0.14   -0.894641    0.826613  -0.0698749
        0.14   -0.894641    0.826613  -0.0698749
        0.14   -0.847966    0.789485    -0.10656
        0.14   -0.847966    0.789485    -0.10656
        0.14     -0.8925    0.878102   -0.202764
        0.14   -0.939133    0.885795   -0.103855
        0.14   -0.949825     0.91835   -0.128954
        0.14    -0.99456    0.977189   -0.042563
        0.14   -0.986235    0.944165  -0.0356048
        0.14   -0.915083    0.854794    -0.10156
        0.14   -0.915083    0.854794    -0.10156
        0.14    -0.97703    0.943176  -0.0801099
        0.14   -0.925723    0.875721   -0.123018
        0.14    -0.85324    0.795786   -0.117189
        0.13   -0.846993    0.796858   -0.146887
        0.13   -0.816731    0.769888   -0.148551
        0.13   -0.883059    0.856554   -0.193972
        0.13   -0.839131    0.820593   -0.226321
        0.13   -0.839131    0.820593   -0.226321
        0.13   -0.841857    0.837234   -0.244055
        0.13   -0.893938    0.878225   -0.200017
        0.13   -0.893938    0.878225   -0.200017
        0.13   -0.861212    0.845263   -0.220182
        0.13   -0.864052    0.807501   -0.123493
        0.13   -0.886791    0.880966   -0.214376
        0.13   -0.886791    0.880966   -0.214376
        0.13   -0.893642    0.978312   -0.233803
        0.13   -0.893642    0.978312   -0.233803
        0.13   -0.842162     1.01783   -0.269202
        0.13   -0.842162     1.01783   -0.269202
        0.13   -0.787056     1.03664   -0.300961
        0.13   -0.507314     1.13251   -0.374101
        0.13   -0.619327     1.16236   -0.287759
        0.13   -0.525421     1.20193   -0.285939
        0.13   -0.525421     1.20193   -0.285939
        0.13   -0.619087     1.12437   -0.328375
        0.13   -0.823709     1.05974   -0.258558
        0.13   -0.666547     1.08882   -0.337195
        0.13   -0.666547     1.08882   -0.337195
        0.13   -0.601324     1.09411   -0.366943
        0.13   -0.784649     1.04774   -0.295024
        0.13   -0.752435     1.13364   -0.239705
        0.13   -0.662367     1.17131   -0.250693
        0.13   -0.816761     1.07384   -0.251767
        0.13   -0.885165     1.06163   -0.202094
        0.13   -0.926788      1.0511   -0.163054
        0.13    -0.94684     1.06566   -0.119348
        0.13   -0.911792     1.13367   -0.047189
        0.13   -0.927242     1.11546  -0.0704414
        0.13   -0.975902     1.01563   -0.104669
        0.13   -0.958973    0.948143   -0.134129
        0.13   -0.958973    0.948143   -0.134129
        0.13   -0.895429    0.877408   -0.195997
        0.13    -0.83392    0.778767   -0.118444
        0.13   -0.863473    0.794451  -0.0274326
        0.13   -0.947081    0.878131  -0.0222223
        0.13   -0.954064    0.887761   0.0282487
        0.13   -0.991628    0.978011  -0.0587494
        0.13   -0.991628    0.978011  -0.0587494
        0.13   -0.991628    0.978011  -0.0587494
        0.13   -0.991628    0.978011  -0.0587494
        0.13   -0.958222     1.02973   -0.132088
        0.13   -0.995366     1.02342  -0.0333806
        0.13    -0.98679    0.955572  -0.0567806
        0.13   -0.971146     1.00931   -0.117332
        0.13   -0.963737    0.946257   -0.121999
        0.13   -0.922624    0.851661   -0.043413
        0.13   -0.819804    0.760698   0.0558345
        0.13   -0.819804    0.760698   0.0558345
        0.13   -0.819804    0.760698   0.0558345
        0.13   -0.819804    0.760698   0.0558345
        0.13   -0.897835    0.836979    0.106774
        0.13   -0.964924    0.906753   0.0482622
        0.13   -0.964924    0.906753   0.0482622
        0.13   -0.980508    0.966856   0.0924066
        0.13   -0.980508    0.966856   0.0924066
        0.13   -0.971616    0.979841    0.118647
        0.13   -0.982233     1.02633   0.0833937
        0.13   -0.981778      1.0542   0.0501548
        0.13   -0.980785     1.06118  -0.0380697
        0.13   -0.980785     1.06118  -0.0380697
        0.13    -0.98612     1.04322    0.051847
        0.13    -0.98612     1.04322    0.051847
        0.13    -0.98612     1.04322    0.051847
        0.13    -0.98612     1.04322    0.051847
        0.13   -0.985025    0.959605   0.0697545
        0.13   -0.985025    0.959605   0.0697545
        0.13   -0.985025    0.959605   0.0697545
        0.13   -0.993748     1.02019   0.0463419
        0.13   -0.920003      1.0812    0.143137
        0.13   -0.860645     1.16329   0.0681613
        0.13   -0.841207     1.16898   0.0884901
        0.13   -0.861638     1.10458    0.183107
        0.13   -0.866502      1.0454    0.232586
        0.13   -0.940185     1.00595    0.170276
        0.13   -0.940185     1.00595    0.170276
        0.13   -0.924652    0.976053    0.196173
        0.13    -0.94635    0.938948    0.154157
        0.13   -0.938687    0.922424    0.157837
        0.13   -0.978383     1.01977   0.0968419
        0.13   -0.963309    0.965534    0.133303
        0.13   -0.988906    0.961769   0.0548497
        0.13    -0.95088    0.920969    0.129147
        0.13   -0.986687     1.00547   0.0808058
        0.13   -0.959035    0.943489    0.130781
        0.13   -0.959035    0.943489    0.130781
        0.13   -0.917789    0.987673    0.203635
        0.13   -0.810845     1.00806    0.297923
        0.13   -0.876883    0.926169    0.252004
        0.13   -0.926972    0.982544    0.193574
        0.13   -0.844558    0.982169    0.281303
        0.13   -0.925552      1.0205    0.185234
        0.13   -0.917898    0.999775    0.201383
        0.13    -0.88985    0.929677    0.236604
        0.12     -0.9084    0.996356    0.213528
        0.12     -0.9084    0.996356    0.213528
        0.12   -0.834122    0.994506    0.286373
        0.12   -0.838714    0.994282    0.282558
        0.12   -0.891193    0.980792    0.236528
        0.12   -0.891193    0.980792    0.236528
        0.12    -0.88624    0.994379    0.237371
        0.12   -0.923445    0.969617    0.198852
        0.12   -0.948901    0.977723    0.161527
        0.12   -0.872269    0.894739    0.246616
        0.12   -0.858232       0.876    0.255904
        0.12    -0.80274    0.785384    0.235669
        0.12   -0.858346    0.881504    0.258399
        0.12   -0.858346    0.881504    0.258399
        0.12   -0.906652    0.930766    0.214982
        0.12   -0.919012    0.945824    0.201371
        0.12   -0.956506     1.03509    0.131935
        0.12   -0.958244     1.01692    0.138503
        0.12   -0.981256     1.01697   0.0918322
        0.12   -0.981256     1.01697   0.0918322
        0.12    -0.97135     1.04478   0.0941672
        0.12   -0.912347     1.10023    0.128136
        0.12      -0.979     1.01175    0.098929
        0.12      -0.979     1.01175    0.098929
        0.12      -0.979     1.01175    0.098929
        0.12   -0.957688     1.05793    0.109011
        0.12   -0.977418      1.0515    0.070156
        0.12   -0.977418      1.0515    0.070156
        0.12   -0.993116     0.95844    0.012458
        0.12   -0.993116     0.95844    0.012458
        0.12   -0.951246    0.897861   0.0877665
        0.12   -0.951246    0.897861   0.0877665
        0.12   -0.886318    0.820632   0.0821285
        0.12   -0.886318    0.820632   0.0821285
        0.12   -0.937702     0.88814    0.112483
        0.12   -0.937702     0.88814    0.112483
        0.12   -0.937702     0.88814    0.112483
        0.12   -0.894099    0.842308    0.136748
        0.12   -0.922031     0.93499    0.193351
        0.12   -0.922965     1.00873    0.191162
        0.12   -0.874969    0.925215    0.254772
        0.12   -0.871871    0.922234    0.256037
        0.12   -0.834582    0.837538    0.257457
        0.12   -0.834582    0.837538    0.257457
        0.12   -0.831067    0.877967    0.290138
        0.12   -0.831067    0.877967    0.290138
        0.12   -0.831067    0.877967    0.290138
        0.12   -0.831067    0.877967    0.290138
        0.12   -0.833402    0.930992    0.298138
        0.12   -0.833402    0.930992    0.298138
        0.12   -0.837962    0.848972    0.262065
        0.12   -0.868777     0.90434    0.255435
        0.12   -0.868777     0.90434    0.255435
        0.12   -0.868777     0.90434    0.255435
        0.12   -0.876925    0.885754    0.234062
        0.12   -0.806948    0.792251    0.244122
        0.12   -0.746414    0.715244    0.162141
        0.12   -0.746414    0.715244    0.162141
        0.12   -0.746414    0.715244    0.162141
        0.12   -0.725036     0.71466    0.246942
        0.12   -0.725036     0.71466    0.246942
        0.12   -0.725036     0.71466    0.246942
        0.12   -0.836671    0.790208     0.15833
        0.12   -0.731668     0.69747    0.100799
        0.12   -0.662587    0.650053    0.117135
        0.12    -0.62028    0.620182   0.0896259
        0.12   -0.545281    0.570386   0.0961229
        0.12   -0.537109    0.564419    0.174686
        0.12   -0.529182    0.560147   0.0959008
        0.12   -0.639506    0.634688    0.133713
        0.12   -0.685097    0.665695    0.118892
        0.12   -0.551965    0.575212    0.118413
        0.12   -0.551965    0.575212    0.118413
        0.12   -0.551965    0.575212    0.118413
        0.12   -0.547471    0.572344   0.0544843
        0.12   -0.578288    0.592186   0.0585035
        0.12   -0.586045    0.597612   0.0832987
        0.12   -0.622303    0.620875   0.0462823
        0.12   -0.656988    0.644414   0.0739897
        0.12   -0.656988    0.644414   0.0739897
        0.12   -0.726877    0.698679    0.150567
        0.12    -0.66859    0.655152    0.133124
        0.12    -0.79478    0.741713   0.0627936
        0.12   -0.762062    0.725046    0.145097
        0.12   -0.789125    0.738384   0.0824377
        0.12   -0.896325    0.823471 -0.00561045
        0.12   -0.848051    0.787409  -0.0924428
        0.12   -0.915068    0.874787   -0.150909
        0.12   -0.921206    0.865527   -0.112314
        0.12   -0.906534    0.870213   -0.163772
        0.12   -0.906534    0.870213   -0.163772
        0.12   -0.957534    0.940896   -0.133037
        0.12   -0.977397      0.9878   -0.106535
        0.12   -0.913649     1.06428    -0.16817
        0.12   -0.853742     1.07443    -0.22155
        0.12   -0.869451     1.11834   -0.156047
        0.12   -0.769824      1.1175   -0.245828
        0.12     -0.7614     1.15515   -0.204201
        0.12     -0.7614     1.15515   -0.204201
        0.12   -0.835465     1.15895   -0.124505
        0.11   -0.964235      1.0786  -0.0611952
        0.11   -0.964235      1.0786  -0.0611952
        0.11   -0.997412     1.00129  -0.0358563
        0.11   -0.997412     1.00129  -0.0358563
        0.11   -0.984178    0.942659  -0.0453033
        0.11   -0.985533    0.993101  -0.0852086
        0.11   -0.985533    0.993101  -0.0852086
        0.11   -0.995569     1.00976  -0.0444572
        0.11   -0.965259     1.08564  -0.0336084
        0.11   -0.965259     1.08564  -0.0336084
        0.11   -0.830773     1.17877  -0.0748855
        0.11   -0.953844     1.09363  -0.0562601
        0.11   -0.953844     1.09363  -0.0562601
        0.11   -0.888831     1.15426   0.0157803
        0.11   -0.939741     1.11355   0.0312551
        0.11   -0.799037     1.20258   0.0252881
        0.11   -0.919744     1.12575    0.057876
        0.11   -0.970079     1.07789  -0.0385725
        0.11    -0.97141     1.04506  -0.0941688
        0.11    -0.97141     1.04506  -0.0941688
        0.11    -0.97141     1.04506  -0.0941688
        0.11    -0.97141     1.04506  -0.0941688
        0.11    -0.97141     1.04506  -0.0941688
        0.11   -0.919775     1.10159   -0.114396
        0.11   -0.985991     1.02706  -0.0715376
        0.11   -0.999371     1.01026  -0.0100422
        0.11   -0.965397     1.07356   0.0666302
        0.11   -0.965397     1.07356   0.0666302
        0.11   -0.965397     1.07356   0.0666302
        0.11   -0.965292    0.991083    0.132423
        0.11    -0.92717    0.926027    0.181588
        0.11   -0.861152    0.985764    0.264695
        0.11   -0.787885     1.07279    0.274605
        0.11   -0.810692     1.07568    0.255398
        0.11   -0.850782     1.13022    0.159782
        0.11    -0.96452     1.04071    0.113116
        0.11    -0.96452     1.04071    0.113116
        0.11    -0.96452     1.04071    0.113116
        0.11   -0.965038     1.06011   0.0911675
        0.11   -0.901374     1.06242    0.184281
        0.11   -0.901374     1.06242    0.184281
        0.11   -0.901374     1.06242    0.184281
        0.11   -0.901374     1.06242    0.184281
        0.11   -0.901374     1.06242    0.184281
        0.11   -0.758451     1.12792    0.239971
        0.11   -0.697315     1.14433    0.261897
        0.11   -0.697315     1.14433    0.261897
        0.11   -0.697315     1.14433    0.261897
        0.11    -0.81159     1.12445    0.204508
        0.11    -0.81159     1.12445    0.204508
        0.11    -0.83748     1.06199    0.243991
        0.11   -0.823405     0.98507    0.297961
        0.11   -0.869249    0.895341     0.25064
        0.11   -0.911146    0.901422     0.19154
        0.11   -0.911146    0.901422     0.19154
        0.11   -0.933736     0.88763    0.123196
        0.11    -0.89255    0.855167    0.169867
        0.11   -0.847684    0.837431    0.235578
        0.11   -0.912275    0.925195    0.204715
        0.11   -0.943142     0.97291    0.170707
        0.11   -0.959949    0.952631    0.134316
        0.11     -0.9593     0.95165    0.135303
        0.11   -0.943114    0.911478    0.137031
        0.11   -0.916842    0.865084    0.125451
        0.11   -0.916842    0.865084    0.125451
        0.11   -0.942712    0.882748   0.0811684
        0.11   -0.870293    0.799995   0.0119582
        0.11   -0.870293    0.799995   0.0119582
        0.11   -0.870293    0.799995   0.0119582
        0.11   -0.924286    0.858133  -0.0730522
        0.11   -0.924286    0.858133  -0.0730522
        0.11   -0.924286    0.858133  -0.0730522
        0.11   -0.924286    0.858133  -0.0730522
        0.11   -0.948879    0.880961  -0.0297782
        0.11   -0.963082    0.918121  -0.0899253
        0.11   -0.975106    0.973436   -0.109538
        0.11   -0.914331    0.987501   -0.208208
        0.11   -0.952989    0.913244   -0.113219
        0.11   -0.983717    0.991104  -0.0903814
        0.11   -0.967842     1.02936    -0.11429
        0.11   -0.991732     1.02767  -0.0482195
        0.11   -0.991732     1.02767  -0.0482195
        0.11   -0.991732     1.02767  -0.0482195
        0.11   -0.901575     1.10108    -0.14189
        0.11   -0.929002     1.05396   -0.157602
        0.11   -0.920455     1.05697   -0.166443
        0.11   -0.920455     1.05697   -0.166443
        0.11   -0.900885     1.05121   -0.193774
        0.11   -0.900885     1.05121   -0.193774
        0.11   -0.900885     1.05121   -0.193774
        0.11    -0.84509    0.985101   -0.280173
        0.11   -0.772163    0.907483   -0.355348
        0.11   -0.572467    0.999265   -0.448242
        0.11   -0.524072      1.0473   -0.436925
        0.11   -0.524072      1.0473   -0.436925
        0.11   -0.524072      1.0473   -0.436925
        0.11    -0.25372     1.05721   -0.515986
        0.11    -0.25372     1.05721   -0.515986
        0.11    -0.53662     1.05374   -0.427582
        0.11   -0.418584     1.14393   -0.399818
         0.1   -0.418584     1.14393   -0.399818
         0.1   -0.418584     1.14393   -0.399818
         0.1   -0.535902     1.04594   -0.431531
         0.1   -0.535902     1.04594   -0.431531
         0.1   -0.498263     1.00508   -0.470614
         0.1   -0.603491     1.04577   -0.403369
         0.1   -0.695805     1.00978   -0.374451
         0.1   -0.692712     1.07377    -0.33279
         0.1   -0.839512     1.00859   -0.276501
         0.1   -0.913614    0.997345   -0.207502
         0.1   -0.954574    0.998311   -0.150196
         0.1   -0.876162      1.0616   -0.211421
         0.1   -0.876162      1.0616   -0.211421
         0.1   -0.858275     1.07383   -0.218079
         0.1   -0.850137     1.06753   -0.230436
         0.1   -0.850137     1.06753   -0.230436
         0.1   -0.829871    0.988827    -0.29124
         0.1   -0.865125     0.91938    -0.26401
         0.1   -0.837545     1.01279   -0.276321
         0.1   -0.837545     1.01279   -0.276321
         0.1   -0.837545     1.01279   -0.276321
         0.1   -0.825164    0.973459   -0.299965
         0.1   -0.854499    0.917524   -0.276702
         0.1   -0.860095     0.89003   -0.260079
         0.1   -0.864759    0.841549   -0.207555
         0.1   -0.824607    0.892114   -0.301746
         0.1   -0.778307    0.885225   -0.347327
         0.1   -0.755648    0.887435   -0.366981
         0.1   -0.845681     0.87728   -0.272458
         0.1   -0.845409    0.872752   -0.270334
         0.1   -0.845409    0.872752   -0.270334
         0.1   -0.782658    0.924092   -0.344506
         0.1   -0.727128    0.981042   -0.369979
         0.1   -0.565149     1.05259   -0.417251
         0.1   -0.565149     1.05259   -0.417251
         0.1   -0.565149     1.05259   -0.417251
         0.1   -0.653495     1.10063   -0.333972
         0.1   -0.653495     1.10063   -0.333972
         0.1   -0.653495     1.10063   -0.333972
         0.1   -0.653495     1.10063   -0.333972
         0.1    -0.63432     1.06025    -0.37497
         0.1   -0.688884     1.13316   -0.280361
         0.1    -0.85284     1.10925   -0.185942
         0.1    -0.85284     1.10925   -0.185942
         0.1    -0.85284     1.10925   -0.185942
         0.1   -0.841292     1.06023   -0.243472
         0.1    -0.82374     1.05813   -0.259067
         0.1   -0.876375    0.978296   -0.252059
         0.1   -0.876375    0.978296   -0.252059
         0.1    -0.93248    0.994228   -0.183259
         0.1   -0.845178     1.04703   -0.250298
         0.1   -0.894516     1.02234   -0.218365
         0.1   -0.894516     1.02234   -0.218365
         0.1   -0.942778     1.05194   -0.140384
         0.1   -0.942778     1.05194   -0.140384
         0.1     -0.9483    0.981167   -0.162226
         0.1   -0.948802    0.999469   -0.159636
         0.1     -0.9274    0.957094   -0.192243
         0.1    -0.89497    0.881558   -0.201446
         0.1   -0.890281    0.883748   -0.211305
         0.1   -0.968265    0.968681   -0.123578
         0.1   -0.940316    0.891549   -0.112299
         0.1   -0.889556    0.817739  -0.0266186
         0.1   -0.889556    0.817739  -0.0266186
         0.1   -0.909979    0.837949   0.0348754
         0.1   -0.820032    0.759305   0.0340411
         0.1    -0.86518    0.802325   0.0919107
         0.1    -0.86518    0.802325   0.0919107
         0.1    -0.86518    0.802325   0.0919107
         0.1   -0.834556    0.771216   0.0428082
         0.1   -0.814271    0.754989   0.0329002
         0.1   -0.884845    0.829757    0.130142
         0.1   -0.799114    0.772083    0.213795
         0.1   -0.843712    0.855879    0.259243
         0.1   -0.843712    0.855879    0.259243
         0.1   -0.925036    0.935514    0.188805
         0.1    -0.93457     0.87493   0.0902676
         0.1    -0.93457     0.87493   0.0902676
         0.1   -0.975519    0.931703   0.0672973
         0.1   -0.917521    0.844636   -0.020461
         0.1   -0.973029    0.921172  -0.0512848
         0.1   -0.973029    0.921172  -0.0512848
         0.1   -0.966928    0.905027   0.0128164
         0.1   -0.930571    0.871443   0.0951534
         0.1   -0.896258    0.823411   0.0059314
         0.1   -0.870641    0.800193  0.00601132
         0.1   -0.870641    0.800193  0.00601132
         0.1   -0.782579    0.732883   0.0711313
         0.1   -0.782579    0.732883   0.0711313
         0.1   -0.782579    0.732883   0.0711313
         0.1   -0.883752    0.820931    0.098696
         0.1   -0.925991    0.872155     0.11406
         0.1    -0.94171    0.900294    0.124856
         0.1   -0.905122    0.967898     0.22185
         0.1   -0.937962    0.925291    0.161452
         0.1   -0.959944    0.903429   0.0663651
         0.1   -0.937189    0.865781  -0.0102592
         0.1   -0.982299    0.944108   0.0586716
         0.1   -0.992542    0.967532   0.0431322
         0.1   -0.992542    0.967532   0.0431322
        0.09   -0.999502     1.01028  0.00594993
        0.09   -0.991068     1.03153  -0.0464097
        0.09   -0.991068     1.03153  -0.0464097
        0.09   -0.999032     1.00744    -0.01902
        0.09   -0.989331    0.980188   0.0693578
        0.09   -0.973841    0.917683   0.0297509
        0.09   -0.930697    0.861713  -0.0467439
        0.09    -0.90468    0.831791    0.022298
        0.09    -0.90468    0.831791    0.022298
        0.09   -0.976465    0.929264   0.0544427
        0.09   -0.960114     1.02385    0.130456
        0.09   -0.988603    0.956481   0.0486246
        0.09   -0.997362    0.996414   0.0359296
        0.09   -0.997362    0.996414   0.0359296
        0.09   -0.997362    0.996414   0.0359296
        0.09   -0.997362    0.996414   0.0359296
        0.09   -0.997362    0.996414   0.0359296
        0.09   -0.997362    0.996414   0.0359296
        0.09   -0.991807      0.9765  -0.0566018
        0.09   -0.990253     1.04602  -0.0191432
        0.09   -0.990253     1.04602  -0.0191432
        0.09   -0.990253     1.04602  -0.0191432
        0.09   -0.990253     1.04602  -0.0191432
        0.09   -0.991618      1.0107     0.06192
        0.09   -0.984106    0.979629   0.0869972
        0.09   -0.984106    0.979629   0.0869972
        0.09   -0.996237     0.98627    0.039597
        0.09   -0.967389    0.911041   0.0507559
        0.09   -0.970777    0.953468    0.109918
        0.09   -0.970777    0.953468    0.109918
        0.09   -0.938302    0.943936    0.171539
        0.09   -0.913699     1.04038    0.187529
        0.09   -0.890119    0.953694     0.23931
        0.09   -0.903242     0.92971    0.219575
        0.09   -0.893066    0.868353    0.190912
        0.09   -0.915029    0.859957    0.119519
        0.09   -0.942065    0.917777    0.147056
        0.09   -0.906557    0.852182    0.125083
        0.09   -0.906557    0.852182    0.125083
        0.09   -0.935381    0.866994    0.045482
        0.09   -0.935381    0.866994    0.045482
        0.09   -0.973952    0.920325   0.0418296
        0.09   -0.987102    0.946521  -0.0352033
        0.09   -0.967075    0.907346   0.0350882
        0.09   -0.973347    0.955831    0.104941
        0.09   -0.910779     1.04031    0.190568
        0.09   -0.910779     1.04031    0.190568
        0.09   -0.910779     1.04031    0.190568
        0.09   -0.943303    0.950916    0.165509
        0.09   -0.943303    0.950916    0.165509
        0.09   -0.913202     1.03342    0.192015
        0.09   -0.913202     1.03342    0.192015
        0.09   -0.860653    0.999362    0.260567
        0.09   -0.860653    0.999362    0.260567
        0.09   -0.860653    0.999362    0.260567
        0.09   -0.822761     1.00216    0.292586
        0.09   -0.858999     1.03451    0.245734
        0.09   -0.858999     1.03451    0.245734
        0.09   -0.820246     1.12304     0.19884
        0.09   -0.849167     1.04449    0.248023
        0.09   -0.845985     1.10009    0.202393
        0.09   -0.806908     1.17941     0.11069
        0.09   -0.806908     1.17941     0.11069
        0.09   -0.806908     1.17941     0.11069
        0.09   -0.918096     1.09386     0.12943
        0.09   -0.872532     1.04523    0.226578
        0.09   -0.872532     1.04523    0.226578
        0.09   -0.839199     1.14315    0.150011
        0.09   -0.856944     1.11306    0.178053
        0.09    -0.94391      1.0478    0.141343
        0.09   -0.905235     1.10046      0.1378
        0.09   -0.925804     1.12312   0.0460964
        0.09   -0.925804     1.12312   0.0460964
        0.09   -0.925804     1.12312   0.0460964
        0.09   -0.925804     1.12312   0.0460964
        0.09   -0.925804     1.12312   0.0460964
        0.09   -0.925804     1.12312   0.0460964
        0.09   -0.925804     1.12312   0.0460964
        0.09   -0.964221     1.02455    0.124446
        0.09   -0.981867     1.02942   0.0817294
        0.09   -0.981867     1.02942   0.0817294
        0.09   -0.987045     1.05221   0.0252969
        0.09   -0.987045     1.05221   0.0252969
        0.09   -0.987045     1.05221   0.0252969
        0.09   -0.993677    0.959957  -0.0104559
        0.09   -0.993677    0.959957  -0.0104559
        0.09   -0.993677    0.959957  -0.0104559
        0.09   -0.999427    0.990194  0.00978195
        0.09   -0.999427    0.990194  0.00978195
        0.09   -0.991395     1.01689   0.0594212
        0.09   -0.972189    0.948949    0.102375
        0.09   -0.972189    0.948949    0.102375
        0.09   -0.978421    0.924565   0.0140447
        0.09   -0.978421    0.924565   0.0140447
        0.09   -0.978421    0.924565   0.0140447
        0.09   -0.978421    0.924565   0.0140447
        0.09   -0.989918    0.960703  -0.0483363
        0.09   -0.996102    0.980835   0.0359248
        0.09   -0.996102    0.980835   0.0359248
        0.09   -0.995107     1.00656  -0.0478022
        0.08   -0.978834      1.0689   -0.018054
        0.08   -0.978834      1.0689   -0.018054
        0.08   -0.978834      1.0689   -0.018054
        0.08   -0.966489     1.08579  -0.0235534
        0.08   -0.989269    0.989157  -0.0728899
        0.08   -0.993511    0.965541  -0.0324541
        0.08    -0.98685     1.05415   0.0187123
        0.08   -0.987147    0.979461   0.0771032
        0.08   -0.983697    0.967825   0.0818434
        0.08   -0.983697    0.967825   0.0818434
        0.08   -0.969661    0.984203    0.123947
        0.08   -0.989197    0.955415   0.0428962
        0.08   -0.949458     1.05046    0.131079
        0.08   -0.969899    0.974868    0.122156
        0.08   -0.969899    0.974868    0.122156
        0.08   -0.918623    0.898872     0.17563
        0.08    -0.88569    0.819926   0.0846675
        0.08    -0.93776    0.916738    0.154887
        0.08   -0.957426    0.917397    0.107383
        0.08   -0.967353    0.907081   0.0295043
        0.08   -0.967353    0.907081   0.0295043
        0.08   -0.899901    0.831626   0.0691648
        0.08   -0.932357    0.861112  -0.0283223
        0.08   -0.932357    0.861112  -0.0283223
        0.08   -0.837531    0.775583   0.0672526
        0.08   -0.908156    0.841051   0.0720867
        0.08   -0.908156    0.841051   0.0720867
        0.08   -0.908156    0.841051   0.0720867
        0.08   -0.908156    0.841051   0.0720867
        0.08   -0.908156    0.841051   0.0720867
        0.08   -0.908156    0.841051   0.0720867
        0.08   -0.945493    0.875919   0.0172251
        0.08   -0.945493    0.875919   0.0172251
        0.08   -0.975356    0.925032  -0.0493427
        0.08   -0.956169    0.972371   -0.148423
        0.08   -0.931417    0.913245    -0.16353
        0.08   -0.861388    0.849072   -0.225615
        0.08   -0.882074    0.943515   -0.248944
        0.08   -0.850144    0.882677   -0.269744
        0.08   -0.884712    0.893658   -0.227984
        0.08   -0.884712    0.893658   -0.227984
        0.08   -0.884712    0.893658   -0.227984
        0.08   -0.884712    0.893658   -0.227984
        0.08   -0.838293    0.861674   -0.272452
        0.08   -0.796231     0.83947   -0.312964
        0.08   -0.796231     0.83947   -0.312964
        0.08   -0.851828    0.843174   -0.235131
        0.08   -0.843852    0.831883   -0.233781
        0.08   -0.820482    0.802614    -0.23227
        0.08   -0.820482    0.802614    -0.23227
        0.08   -0.806166    0.790511   -0.242146
        0.08   -0.916054    0.879988   -0.156812
        0.08    -0.90882    0.844038  -0.0863109
        0.08   -0.889102     0.85762   -0.181995
        0.08   -0.966475    0.922402   -0.084606
        0.08   -0.958322    0.904362  -0.0758888
        0.08   -0.985504      1.0036  -0.0846911
        0.08   -0.968592    0.978096   -0.124866
        0.08   -0.968592    0.978096   -0.124866
        0.08   -0.924137     1.00929   -0.190394
        0.08   -0.922038     1.08425   -0.136163
        0.08   -0.902748     1.03029   -0.205273
        0.08   -0.825678    0.955942   -0.303475
        0.08   -0.815443    0.933316   -0.315389
        0.08   -0.815443    0.933316   -0.315389
        0.08   -0.798093     1.01682   -0.304968
        0.08   -0.718453    0.989219   -0.372447
        0.08   -0.820036    0.966961   -0.306266
        0.08   -0.762793    0.904308   -0.363518
        0.08   -0.778369    0.912441    -0.34788
        0.08   -0.777437    0.842421   -0.335697
        0.08   -0.777437    0.842421   -0.335697
        0.08   -0.850018    0.927546   -0.281985
        0.08   -0.877808     0.92283   -0.250268
        0.08   -0.892525     0.85533    -0.17092
        0.08   -0.892864    0.932699   -0.234145
        0.08    -0.94149    0.979451   -0.172757
        0.08   -0.965077     1.03212   -0.117693
        0.08   -0.958781     1.03676   -0.126542
        0.08   -0.834817     1.09935   -0.213317
        0.08   -0.934132     1.08467   -0.116363
        0.08   -0.934132     1.08467   -0.116363
        0.08    -0.92707     1.09742   -0.108096
        0.08   -0.978621     1.00278   -0.102744
        0.08   -0.992596     1.01251  -0.0570546
        0.08   -0.969263      1.0837   0.0108327
        0.08   -0.969263      1.0837   0.0108327
        0.08   -0.992935     1.02882   0.0413812
        0.08   -0.924757     1.09491    0.118441
        0.08    -0.82181     1.18974   0.0405399
        0.08   -0.906495     1.14038   0.0354571
        0.08   -0.975639     1.06281  -0.0563289
        0.08   -0.886459     1.14572  -0.0725789
        0.08   -0.886459     1.14572  -0.0725789
        0.08   -0.886459     1.14572  -0.0725789
        0.08   -0.886459     1.14572  -0.0725789
        0.08   -0.886459     1.14572  -0.0725789
        0.08   -0.934923     1.06958   -0.134712
        0.08   -0.915458     1.01065   -0.200684
        0.08   -0.915458     1.01065   -0.200684
        0.07   -0.915458     1.01065   -0.200684
        0.07   -0.971231    0.960875   -0.113424
        0.07   -0.925204     1.04784   -0.167924
        0.07   -0.981474    0.986616   -0.096456
        0.07   -0.977744     0.98402    -0.10573
        0.07   -0.935913     1.02551   -0.168463
        0.07   -0.935913     1.02551   -0.168463
        0.07   -0.875519     1.06446   -0.209774
        0.07   -0.875519     1.06446   -0.209774
        0.07   -0.928176     1.04615   -0.165569
        0.07   -0.928176     1.04615   -0.165569
        0.07   -0.870917     1.03148   -0.236347
        0.07   -0.924011     1.01423   -0.189378
        0.07   -0.924011     1.01423   -0.189378
        0.07   -0.924011     1.01423   -0.189378
        0.07   -0.859979     1.01045   -0.257679
        0.07   -0.823819    0.967824   -0.303181
        0.07   -0.823819    0.967824   -0.303181
        0.07   -0.825772     1.04023   -0.270326
        0.07   -0.825772     1.04023   -0.270326
        0.07   -0.825772     1.04023   -0.270326
        0.07   -0.827921     1.08375   -0.236071
        0.07   -0.790064     1.00801   -0.314153
        0.07   -0.790064     1.00801   -0.314153
        0.07   -0.728175     1.00748   -0.356562
        0.07   -0.728175     1.00748   -0.356562
        0.07   -0.602593    0.973081   -0.449545
        0.07   -0.565002     1.00767   -0.499459
        0.07   -0.565002     1.00767   -0.499459
        0.07   -0.606635    0.923471   -0.460691
        0.07   -0.630496    0.880941   -0.461374
        0.07   -0.594297    0.819059   -0.480914
        0.07   -0.649651    0.723924   -0.390386
        0.07   -0.638883    0.763058    -0.43233
        0.07   -0.763418     0.81072   -0.336465
        0.07    -0.71473    0.721326   -0.295711
        0.07   -0.774646     0.74575   -0.202632
        0.07   -0.776973    0.743347   -0.182361
        0.07   -0.758765    0.738808    -0.22715
        0.07   -0.842085    0.796421   -0.161342
        0.07   -0.842085    0.796421   -0.161342
        0.07   -0.842085    0.796421   -0.161342
        0.07   -0.883798    0.834797   -0.147384
        0.07   -0.850583    0.833913   -0.225033
        0.07   -0.850583    0.833913   -0.225033
        0.07   -0.846059    0.866215   -0.264618
        0.07   -0.890459    0.878259   -0.205747
        0.07   -0.909457    0.912295   -0.201872
        0.07   -0.905587     1.00069   -0.215004
        0.07   -0.945396    0.977931     -0.1666
        0.07   -0.874503    0.921448   -0.253561
        0.07   -0.889149    0.953419   -0.240808
        0.07   -0.889133    0.874358   -0.204832
        0.07   -0.967472    0.943813   -0.111408
        0.07   -0.990002     1.02926  -0.0543905
        0.07   -0.993528    0.999265  -0.0567305
        0.07   -0.956461     0.94399   -0.136614
        0.07   -0.970075     1.02387   -0.113418
        0.07   -0.955442     1.02591   -0.138447
        0.07   -0.901942     1.05639   -0.189458
        0.07   -0.929764    0.982645   -0.189278
        0.07   -0.957857       1.033   -0.130979
        0.07   -0.962832    0.940963   -0.120377
        0.07   -0.962832    0.940963   -0.120377
        0.07   -0.909242     0.94141    -0.21425
        0.07   -0.849458    0.963202   -0.280874
        0.07   -0.923011     1.00683   -0.192386
        0.07   -0.976067    0.985538   -0.109455
        0.07   -0.977454    0.930186  -0.0523443
        0.07   -0.998902      1.0071   0.0208313
        0.07    -0.99956    0.990333  0.00590706
        0.07   -0.977782     1.06538  -0.0409639
        0.07   -0.983929     1.05841   0.0266532
        0.07    -0.96917    0.995005    0.124529
        0.07   -0.982358    0.943089   0.0573343
        0.07   -0.986418    0.941614   -0.021323
        0.07   -0.991197     1.01038   0.0634835
        0.07   -0.991176     1.00457   0.0658446
        0.07   -0.979779     1.06711   0.0206894
        0.07   -0.979779     1.06711   0.0206894
        0.07   -0.997154     1.02166  -0.0207528
        0.07   -0.997154     1.02166  -0.0207528
        0.07   -0.997154     1.02166  -0.0207528
        0.07   -0.997154     1.02166  -0.0207528
        0.07   -0.985661     1.03542   0.0645871
        0.07   -0.968716     1.08093   0.0335229
        0.07   -0.974023     1.06309  -0.0615879
        0.07   -0.974023     1.06309  -0.0615879
        0.07   -0.974023     1.06309  -0.0615879
        0.07   -0.915087     1.11835  -0.0881604
        0.07   -0.915087     1.11835  -0.0881604
        0.07   -0.915087     1.11835  -0.0881604
        0.07    -0.90454     1.05798   -0.183819
        0.07   -0.954883     1.00817   -0.148039
        0.07   -0.954883     1.00817   -0.148039
        0.07   -0.954883     1.00817   -0.148039
        0.07   -0.958069    0.991186   -0.146313
        0.07   -0.960544    0.934196   -0.119495
        0.07   -0.960544    0.934196   -0.119495
        0.07   -0.981289    0.976374   -0.094005
        0.06   -0.956496    0.923988   -0.118339
        0.06   -0.971343    0.931215  -0.0830631
        0.06   -0.979736    0.941145  -0.0654537
        0.06   -0.979736    0.941145  -0.0654537
        0.06   -0.977317    0.924483   0.0306103
        0.06   -0.916068    0.857305    0.107903
        0.06   -0.905644    0.897617    0.198797
        0.06   -0.905644    0.897617    0.198797
        0.06   -0.869642    0.809234    0.109578
        0.06   -0.869642    0.809234    0.109578
        0.06   -0.933724    0.863136   0.0356381
        0.06   -0.914843    0.843948  -0.0474134
        0.06    -0.97518    0.918397  -0.0136559
        0.06    -0.97518    0.918397  -0.0136559
        0.06    -0.97518    0.918397  -0.0136559
        0.06    -0.97518    0.918397  -0.0136559
        0.06   -0.965942     0.92516  -0.0920236
        0.06   -0.957769    0.937578   -0.129862
        0.06   -0.950493     0.91287   -0.119644
        0.06   -0.959701    0.897524  -0.0411678
        0.06    -0.97297    0.916636  -0.0310846
        0.06    -0.97297    0.916636  -0.0310846
        0.06   -0.966251      1.0131   -0.126451
        0.06   -0.911561     1.05134   -0.182425
        0.06   -0.911561     1.05134   -0.182425
        0.06   -0.912576       1.109   -0.113608
        0.06   -0.829234     1.18549  -0.0422507
        0.06   -0.829234     1.18549  -0.0422507
        0.06   -0.802238     1.18483   -0.104269
        0.06   -0.895515     1.12629   -0.107428
        0.06   -0.895515     1.12629   -0.107428
        0.06    -0.98258     1.04774  -0.0576562
        0.06    -0.98258     1.04774  -0.0576562
        0.06   -0.948048     1.07317   -0.108996
        0.06   -0.936915     1.11518  -0.0356886
        0.06   -0.936915     1.11518  -0.0356886
        0.06   -0.994432     1.03434  -0.0181783
        0.06    -0.99803    0.995732   0.0309454
        0.06   -0.989609    0.959122   0.0480245
        0.06   -0.979714    0.977094   0.0983319
        0.06   -0.979714    0.977094   0.0983319
        0.06   -0.970915     1.06995   0.0577388
        0.06   -0.970915     1.06995   0.0577388
        0.06   -0.970915     1.06995   0.0577388
        0.06   -0.970915     1.06995   0.0577388
        0.06   -0.948201     1.05928     0.12428
        0.06   -0.955386       1.091   0.0572338
        0.06   -0.997483     1.00304    0.034543
        0.06   -0.997483     1.00304    0.034543
        0.06   -0.997483     1.00304    0.034543
        0.06   -0.989238     1.04427  -0.0336805
        0.06   -0.989238     1.04427  -0.0336805
        0.06   -0.993019    0.969904  -0.0435473
        0.06   -0.993019    0.969904  -0.0435473
        0.06   -0.970191     0.92668  -0.0792378
        0.06   -0.995661    0.976632  -0.0343358
        0.06   -0.993193    0.963319   0.0298773
        0.06   -0.993193    0.963319   0.0298773
        0.06   -0.940347    0.870761  -0.0307199
        0.06   -0.992978     0.96606   0.0373449
        0.06   -0.975623      1.0656   0.0497537
        0.06   -0.975623      1.0656   0.0497537
        0.06   -0.975623      1.0656   0.0497537
        0.06   -0.924778      1.1001    0.107692
        0.06   -0.970176     1.01082    0.118584
        0.06   -0.974747    0.934446   0.0749255
        0.06   -0.974747    0.934446   0.0749255
        0.06     -0.9927     1.02179   0.0501593
        0.06   -0.971082      1.0716   0.0532771
        0.06   -0.979373     1.06583  -0.0293398
        0.06   -0.979373     1.06583  -0.0293398
        0.06   -0.984706     1.05173  -0.0418011
        0.06   -0.997252    0.989249  -0.0339083
        0.06   -0.978029    0.929092  -0.0446832
        0.06   -0.955288    0.919073   -0.115425
        0.06   -0.955288    0.919073   -0.115425
        0.06   -0.990795    0.978182  -0.0626577
        0.06   -0.969797     1.02331   -0.114126
        0.06   -0.907008     1.11392   -0.112877
        0.06   -0.847721     1.10573   -0.195192
        0.06   -0.920814     1.00837   -0.194614
        0.06   -0.918071     1.05308   -0.172706
        0.06   -0.896784    0.982104   -0.229629
        0.06   -0.896784    0.982104   -0.229629
        0.06   -0.945969     0.92604   -0.146088
        0.06   -0.902166    0.866692   -0.168633
        0.06   -0.902166    0.866692   -0.168633
        0.06   -0.902166    0.866692   -0.168633
        0.06   -0.902166    0.866692   -0.168633
        0.06   -0.813449    0.768582      -0.155
        0.06   -0.836298    0.791501   -0.163895
        0.06   -0.867856    0.814385    -0.13711
        0.06   -0.824013    0.778463    -0.15746
        0.06   -0.884868    0.834091   -0.142728
        0.06   -0.884868    0.834091   -0.142728
        0.06   -0.908075    0.846029  -0.0980766
        0.06   -0.874743    0.804645  -0.0321174
        0.06   -0.804676    0.751539   -0.089542
        0.06   -0.804676    0.751539   -0.089542
        0.06   -0.804676    0.751539   -0.089542
        0.05   -0.777653    0.743316   -0.181565
        0.05   -0.777653    0.743316   -0.181565
        0.05   -0.860569    0.841168     -0.2153
        0.05   -0.934838    0.899754   -0.141659
        0.05   -0.944295     0.87726   -0.044263
        0.05   -0.963925    0.922888  -0.0951567
        0.05   -0.963925    0.922888  -0.0951567
        0.05   -0.963925    0.922888  -0.0951567
        0.05   -0.986755    0.978147  -0.0775824
        0.05   -0.986755    0.978147  -0.0775824
        0.05   -0.986755    0.978147  -0.0775824
        0.05   -0.993852    0.973086  -0.0423159
        0.05   -0.993852    0.973086  -0.0423159
        0.05   -0.995231        1.02    0.038378
        0.05   -0.995231        1.02    0.038378
        0.05   -0.998962     1.00919  -0.0181541
        0.05   -0.998962     1.00919  -0.0181541
        0.05   -0.998962     1.00919  -0.0181541
        0.05   -0.990761    0.957474  -0.0360675
        0.05   -0.990761    0.957474  -0.0360675
        0.05   -0.990761    0.957474  -0.0360675
        0.05   -0.990761    0.957474  -0.0360675
        0.05   -0.990761    0.957474  -0.0360675
        0.05   -0.973882    0.921176   0.0453704
        0.05   -0.973882    0.921176   0.0453704
        0.05   -0.973882    0.921176   0.0453704
        0.05   -0.973882    0.921176   0.0453704
        0.05   -0.970723    0.972553    0.118787
        0.05   -0.990555     1.01599    0.063634
        0.05   -0.982511    0.958522   0.0790066
        0.05   -0.970685     0.91446    0.039882
        0.05   -0.943711    0.874737  -0.0310906
        0.05   -0.943711    0.874737  -0.0310906
        0.05   -0.996359    0.972097   0.0178586
        0.05   -0.982001     1.02961  -0.0813248
        0.05   -0.982001     1.02961  -0.0813248
        0.05   -0.982001     1.02961  -0.0813248
        0.05   -0.982001     1.02961  -0.0813248
        0.05   -0.982001     1.02961  -0.0813248
        0.05   -0.972905     1.06332  -0.0644361
        0.05   -0.922145     1.11972  -0.0678742
        0.05   -0.911219     1.06949   -0.167118
        0.05   -0.926891      1.1069  -0.0914551
        0.05   -0.973095     1.04663  -0.0880584
        0.05   -0.973095     1.04663  -0.0880584
        0.05   -0.973095     1.04663  -0.0880584
        0.05   -0.973095     1.04663  -0.0880584
        0.05   -0.981085     1.03146  -0.0816768
        0.05   -0.967363    0.965577   -0.124402
        0.05    -0.93088    0.885988   -0.129988
        0.05   -0.909432    0.933552   -0.212237
        0.05   -0.924468     0.97462   -0.197185
        0.05   -0.977516    0.963852  -0.0985917
        0.05   -0.977516    0.963852  -0.0985917
        0.05   -0.961403    0.928494   -0.111638
        0.05   -0.959136    0.893704  -0.0152447
        0.05   -0.963145    0.911232  -0.0733472
        0.05   -0.937769      0.8818   -0.097484
        0.05   -0.937769      0.8818   -0.097484
        0.05   -0.956482    0.892485  -0.0398518
        0.05   -0.956841    0.891953    0.030771
        0.05   -0.921216    0.852861   0.0619603
        0.05   -0.844997    0.793515    0.141317
        0.05   -0.808683    0.771972    0.185571
        0.05   -0.755701    0.716687    0.117207
        0.05   -0.755701    0.716687    0.117207
        0.05   -0.755701    0.716687    0.117207
        0.05   -0.755701    0.716687    0.117207
        0.05   -0.755701    0.716687    0.117207
        0.05   -0.859864    0.796694   0.0837508
        0.05   -0.857621    0.793055   0.0749498
        0.05   -0.857621    0.793055   0.0749498
        0.05   -0.857621    0.793055   0.0749498
        0.05   -0.937456    0.868074   0.0376743
        0.05    -0.90424    0.834365  -0.0580815
        0.05    -0.90424    0.834365  -0.0580815
        0.05    -0.90424    0.834365  -0.0580815
        0.05    -0.93701    0.866709   0.0279098
        0.05   -0.961893    0.904106   0.0568529
        0.05   -0.972934    0.928528   0.0710384
        0.05   -0.987225     1.00425   0.0793986
        0.05   -0.979755    0.929311     0.03152
        0.05   -0.977746    0.930053  -0.0503072
        0.05   -0.973509    0.918109   0.0351856
        0.05   -0.973509    0.918109   0.0351856
        0.05   -0.958975    0.896468    0.041017
        0.05   -0.996681    0.984806   0.0357669
        0.05   -0.973574     1.06978  -0.0475115
        0.05   -0.931143     1.12303   0.0136895
        0.05   -0.948465     1.10699   0.0177017
        0.05   -0.992428      1.0137   0.0567047
        0.05   -0.992428      1.0137   0.0567047
        0.05   -0.992428      1.0137   0.0567047
        0.05   -0.992428      1.0137   0.0567047
        0.05    -0.94464     1.09698   0.0735945
        0.05    -0.94464     1.09698   0.0735945
        0.05    -0.94464     1.09698   0.0735945
        0.05    -0.94464     1.09698   0.0735945
        0.05    -0.94464     1.09698   0.0735945
        0.05   -0.949347     1.02211    0.150405
        0.04   -0.949347     1.02211    0.150405
        0.04    -0.91236    0.968666    0.212614
        0.04   -0.949054    0.911809    0.121561
        0.04   -0.949054    0.911809    0.121561
        0.04   -0.956935    0.930181    0.124452
        0.04   -0.961546    0.971017     0.13792
        0.04   -0.963666     1.00152    0.134179
        0.04   -0.963666     1.00152    0.134179
        0.04   -0.993808     1.00277   0.0553672
        0.04   -0.993808     1.00277   0.0553672
        0.04   -0.965261    0.924911   0.0945902
        0.04    -0.98197    0.936578   0.0418288
        0.04    -0.98197    0.936578   0.0418288
        0.04    -0.98197    0.936578   0.0418288
        0.04   -0.932228    0.875939    0.101771
        0.04   -0.911689    0.841996   0.0553163
        0.04   -0.911689    0.841996   0.0553163
        0.04   -0.909628     0.83982   0.0553388
        0.04   -0.909628     0.83982   0.0553388
        0.04   -0.956363    0.904877   0.0868053
        0.04   -0.956363    0.904877   0.0868053
        0.04   -0.956363    0.904877   0.0868053
        0.04   -0.956363    0.904877   0.0868053
        0.04   -0.956363    0.904877   0.0868053
        0.04    -0.94879    0.902267     0.10748
        0.04   -0.990591    0.951049   0.0109034
        0.04   -0.990591    0.951049   0.0109034
        0.04   -0.990591    0.951049   0.0109034
        0.04   -0.990591    0.951049   0.0109034
        0.04   -0.990591    0.951049   0.0109034
        0.04   -0.988722     1.01747  -0.0687405
        0.04   -0.989351    0.949515   0.0245716
        0.04   -0.989351    0.949515   0.0245716
        0.04   -0.986146    0.941995  -0.0267262
        0.04   -0.924248    0.865324   -0.100355
        0.04   -0.939241    0.908475    -0.14241
        0.04   -0.931627    0.932534   -0.177057
        0.04   -0.948255     1.00663   -0.158732
        0.04    -0.95138     1.05098   -0.127081
        0.04   -0.997164    0.982591  -0.0293983
        0.04   -0.997164    0.982591  -0.0293983
        0.04   -0.976719     1.05925   0.0590515
        0.04   -0.976719     1.05925   0.0590515
        0.04   -0.993958     1.00436   0.0542951
        0.04   -0.993958     1.00436   0.0542951
        0.04   -0.989491     1.02737   0.0580932
        0.04   -0.989491     1.02737   0.0580932
        0.04   -0.989491     1.02737   0.0580932
        0.04   -0.989491     1.02737   0.0580932
        0.04    -0.99729     1.01537  -0.0289969
        0.04   -0.991214    0.991103    0.066253
        0.04   -0.991214    0.991103    0.066253
        0.04   -0.991214    0.991103    0.066253
        0.04   -0.991214    0.991103    0.066253
        0.04   -0.991214    0.991103    0.066253
        0.04   -0.991214    0.991103    0.066253
        0.04   -0.964327    0.949786    0.123388
        0.04   -0.968725    0.913649   0.0512538
        0.04   -0.964753     0.92907    0.102391
        0.04   -0.964753     0.92907    0.102391
        0.04   -0.932201     0.88629    0.127402
        0.04   -0.942935    0.882577   0.0791943
        0.04   -0.951533    0.932485    0.139093
        0.04   -0.957189    0.897701   0.0597014
        0.04   -0.957189    0.897701   0.0597014
        0.04   -0.957189    0.897701   0.0597014
        0.04   -0.968443     0.90801   0.0211639
        0.04   -0.943148    0.872703 -0.00261421
        0.04   -0.943148    0.872703 -0.00261421
        0.04   -0.991042    0.959602   0.0385449
        0.04   -0.991042    0.959602   0.0385449
        0.04   -0.962729    0.905668    0.057609
        0.04   -0.970166    0.930145   0.0854495
        0.04   -0.943331      1.0027    0.167278
        0.04   -0.961858      0.9081   0.0712384
        0.04   -0.991375    0.981412   0.0624581
        0.04   -0.991375    0.981412   0.0624581
        0.04   -0.982829     1.00745    0.091199
        0.04   -0.973373     1.06703   0.0553828
        0.04   -0.973373     1.06703   0.0553828
        0.04   -0.973373     1.06703   0.0553828
        0.04   -0.962648    0.969338    0.135621
        0.04   -0.977306    0.938689   0.0717262
        0.04   -0.977306    0.938689   0.0717262
        0.04   -0.971985    0.979668    0.118823
        0.04   -0.971985    0.979668    0.118823
        0.04   -0.971985    0.979668    0.118823
        0.04   -0.971985    0.979668    0.118823
        0.04   -0.971985    0.979668    0.118823
        0.04   -0.969944    0.935153   0.0949058
        0.04   -0.968451    0.976663    0.124828
        0.04   -0.989805     1.01844   0.0646065
        0.04   -0.989805     1.01844   0.0646065
        0.04   -0.992523    0.977815   0.0547087
        0.04    -0.95245    0.885961    0.029721
        0.04   -0.936988    0.871237   0.0617987
        0.04   -0.885003    0.813328  -0.0211323
        0.04   -0.934076    0.876293  -0.0939335
        0.04   -0.958475    0.950883   -0.136907
        0.04   -0.896252    0.947358   -0.231948
        0.03   -0.896252    0.947358   -0.231948
        0.03   -0.910597    0.870671   -0.154881
        0.03   -0.976218    0.962287   -0.101239
        0.03   -0.976218    0.962287   -0.101239
        0.03   -0.976218    0.962287   -0.101239
        0.03   -0.976218    0.962287   -0.101239
        0.03   -0.936338    0.869074  -0.0537547
        0.03   -0.929231    0.883295   -0.128593
        0.03   -0.917601    0.848862  -0.0623222
        0.03   -0.917601    0.848862  -0.0623222
        0.03   -0.917601    0.848862  -0.0623222
        0.03   -0.977511    0.944083   -0.079643
        0.03   -0.977511    0.944083   -0.079643
        0.03   -0.944803     1.01976   -0.157835
        0.03   -0.944803     1.01976   -0.157835
        0.03   -0.971644      1.0305   -0.105713
        0.03    -0.95719     1.06006   -0.107875
        0.03    -0.95719     1.06006   -0.107875
        0.03    -0.95719     1.06006   -0.107875
        0.03    -0.95719     1.06006   -0.107875
        0.03    -0.95719     1.06006   -0.107875
        0.03   -0.972098    0.966787   -0.114125
        0.03   -0.946841    0.895456  -0.0990571
        0.03   -0.943594    0.917723   -0.142979
        0.03   -0.943594    0.917723   -0.142979
        0.03    -0.97458    0.932718  -0.0729869
        0.03    -0.97458    0.932718  -0.0729869
        0.03   -0.951459    0.965736    -0.15556
        0.03   -0.951459    0.965736    -0.15556
        0.03   -0.951459    0.965736    -0.15556
        0.03   -0.951459    0.965736    -0.15556
        0.03   -0.951459    0.965736    -0.15556
        0.03   -0.951459    0.965736    -0.15556
        0.03   -0.978596    0.998415   -0.103297
        0.03   -0.978596    0.998415   -0.103297
        0.03   -0.978596    0.998415   -0.103297
        0.03   -0.978596    0.998415   -0.103297
        0.03   -0.992802     1.02263  -0.0485317
        0.03   -0.992802     1.02263  -0.0485317
        0.03   -0.992802     1.02263  -0.0485317
        0.03   -0.992235     1.03181   0.0406719
        0.03   -0.992235     1.03181   0.0406719
        0.03   -0.992235     1.03181   0.0406719
        0.03   -0.987291    0.963084   0.0652579
        0.03   -0.987291    0.963084   0.0652579
        0.03   -0.982871    0.991261   0.0927619
        0.03   -0.982871    0.991261   0.0927619
        0.03   -0.967885    0.924374   0.0840942
        0.03   -0.995713     1.01069   0.0430675
        0.03   -0.986752     0.95038  -0.0478501
        0.03   -0.996396     1.02463   0.0234733
        0.03   -0.996396     1.02463   0.0234733
        0.03   -0.996396     1.02463   0.0234733
        0.03   -0.989401     1.01623   -0.067432
        0.03   -0.989401     1.01623   -0.067432
        0.03   -0.933224     1.11347  -0.0588111
        0.03   -0.933224     1.11347  -0.0588111
        0.03   -0.933224     1.11347  -0.0588111
        0.03   -0.933224     1.11347  -0.0588111
        0.03   -0.961168     1.06157   -0.097025
        0.03   -0.950919    0.976746   -0.158229
        0.03    -0.97752     1.04602  -0.0772106
        0.03    -0.97752     1.04602  -0.0772106
        0.03    -0.97752     1.04602  -0.0772106
        0.03    -0.97752     1.04602  -0.0772106
        0.03   -0.983626     1.01549  -0.0860476
        0.03   -0.989328    0.967091  -0.0600348
        0.03   -0.985184    0.944736   -0.043923
        0.03   -0.984688     1.04048  -0.0616936
        0.03   -0.925846     1.11832  -0.0627846
        0.03   -0.925846     1.11832  -0.0627846
        0.03   -0.983591     1.03515  -0.0712134
        0.03   -0.977296      1.0692  -0.0297801
        0.03   -0.977296      1.0692  -0.0297801
        0.03   -0.977296      1.0692  -0.0297801
        0.03   -0.977296      1.0692  -0.0297801
        0.03   -0.989739      1.0475  -0.0183036
        0.03   -0.989739      1.0475  -0.0183036
        0.03   -0.989739      1.0475  -0.0183036
        0.03   -0.989739      1.0475  -0.0183036
        0.03   -0.989739      1.0475  -0.0183036
        0.03   -0.989739      1.0475  -0.0183036
        0.03   -0.989739      1.0475  -0.0183036
        0.03   -0.977972       1.058   0.0569752
        0.03   -0.999516     1.00351    0.014623
        0.03   -0.982905     1.04037   0.0675322
        0.03   -0.982905     1.04037   0.0675322
        0.03   -0.982905     1.04037   0.0675322
        0.03   -0.996044     1.00195   0.0441347
        0.03   -0.977135     1.03959   0.0856175
        0.03   -0.994324    0.963891   0.0191246
        0.03   -0.994324    0.963891   0.0191246
        0.03   -0.980541    0.938706  -0.0570436
        0.03   -0.980541    0.938706  -0.0570436
        0.03   -0.980541    0.938706  -0.0570436
        0.03   -0.980541    0.938706  -0.0570436
        0.03   -0.985928    0.942326  -0.0308071
        0.03   -0.985928    0.942326  -0.0308071
        0.03   -0.985928    0.942326  -0.0308071
        0.03   -0.985928    0.942326  -0.0308071
        0.02     -0.9958     1.01561   0.0395169
        0.02   -0.976402    0.948221   0.0881509
        0.02   -0.996752    0.980467   0.0305922
        0.02   -0.966751    0.912163   0.0580622
        0.02   -0.968924    0.908903   0.0242292
        0.02   -0.968924    0.908903   0.0242292
        0.02   -0.968924    0.908903   0.0242292
        0.02   -0.992213    0.970051   0.0489478
        0.02   -0.992213    0.970051   0.0489478
        0.02   -0.992213    0.970051   0.0489478
        0.02   -0.992213    0.970051   0.0489478
        0.02   -0.992213    0.970051   0.0489478
        0.02   -0.992213    0.970051   0.0489478
        0.02   -0.992213    0.970051   0.0489478
        0.02   -0.992213    0.970051   0.0489478
        0.02   -0.992213    0.970051   0.0489478
        0.02   -0.992213    0.970051   0.0489478
        0.02   -0.992213    0.970051   0.0489478
        0.02   -0.978582    0.967472   0.0976619
        0.02   -0.975133    0.917864   0.0067495
        0.02   -0.975133    0.917864   0.0067495
        0.02   -0.980552    0.948963   0.0752516
        0.02   -0.980552    0.948963   0.0752516
        0.02   -0.980552    0.948963   0.0752516
        0.02    -0.99674    0.971466 -0.00753172
        0.02   -0.984918     0.97303    0.081716
        0.02   -0.968268    0.906737  0.00859639
        0.02   -0.968268    0.906737  0.00859639
        0.02   -0.937957    0.866988   0.0204603
        0.02   -0.971657    0.921049  -0.0580392
        0.02   -0.996749    0.991015   0.0384494
        0.02    -0.99512     1.02781   0.0285691
        0.02    -0.99512     1.02781   0.0285691
        0.02    -0.99512     1.02781   0.0285691
        0.02    -0.99512     1.02781   0.0285691
        0.02    -0.99512     1.02781   0.0285691
        0.02    -0.99512     1.02781   0.0285691
        0.02    -0.99512     1.02781   0.0285691
        0.02    -0.97691     1.05855   0.0602082
        0.02    -0.97691     1.05855   0.0602082
        0.02   -0.965352      1.0158    0.126422
        0.02   -0.965352      1.0158    0.126422
        0.02   -0.979334    0.931703   0.0445595
        0.02   -0.980004    0.977453   0.0983015
        0.02    -0.97888     1.05476   0.0600955
        0.02   -0.999098     1.00952  -0.0159791
        0.02   -0.996707     0.98904  -0.0380629
        0.02   -0.976255    0.924753   -0.042053
        0.02   -0.965451    0.903455   0.0235226
        0.02   -0.965451    0.903455   0.0235226
        0.02   -0.965451    0.903455   0.0235226
        0.02   -0.965451    0.903455   0.0235226
        0.02   -0.983743    0.935481  -0.0183715
        0.02   -0.996796    0.987217  -0.0364345
        0.02   -0.996796    0.987217  -0.0364345
        0.02   -0.996796    0.987217  -0.0364345
        0.02   -0.996796    0.987217  -0.0364345
        0.02   -0.987009    0.956316   0.0565557
        0.02     -0.9989    0.995602   0.0225362
        0.02   -0.990618     1.01232  -0.0651865
        0.02   -0.984395     1.05134  -0.0443144
        0.02   -0.988467    0.958501    0.052767
        0.02   -0.982452     1.05433   0.0461422
        0.02   -0.982452     1.05433   0.0461422
        0.02   -0.996497    0.999064  -0.0421777
        0.02   -0.996497    0.999064  -0.0421777
        0.02   -0.996497    0.999064  -0.0421777
        0.02   -0.996497    0.999064  -0.0421777
        0.02   -0.996497    0.999064  -0.0421777
        0.02   -0.996497    0.999064  -0.0421777
        0.02   -0.984197     0.94978    -0.06015
        0.02   -0.990992    0.958445   0.0372512
        0.02    -0.99874     1.00853   0.0215807
        0.02    -0.99874     1.00853   0.0215807
        0.02    -0.99874     1.00853   0.0215807
        0.02   -0.988042     1.05152    0.018931
        0.02    -0.98678    0.981916  -0.0789621
        0.02    -0.98678    0.981916  -0.0789621
        0.02    -0.98678    0.981916  -0.0789621
        0.02    -0.98678    0.981916  -0.0789621
        0.02    -0.98678    0.981916  -0.0789621
        0.02   -0.986655     1.01614   -0.076079
        0.02   -0.986655     1.01614   -0.076079
        0.02   -0.993699    0.980215    -0.05015
        0.02   -0.993699    0.980215    -0.05015
        0.02   -0.984957     0.99549  -0.0871446
        0.02   -0.984957     0.99549  -0.0871446
        0.02   -0.978464    0.959975  -0.0927899
        0.02   -0.977634    0.959818  -0.0953278
        0.02   -0.966727      1.0366   -0.111517
        0.02   -0.974164     1.03784  -0.0942187
        0.02   -0.930811     1.07716   -0.133006
        0.02   -0.930811     1.07716   -0.133006
        0.02   -0.930811     1.07716   -0.133006
        0.02   -0.930811     1.07716   -0.133006
        0.02   -0.996258    0.997385  -0.0430374
        0.02   -0.987382     1.04386  -0.0442626
        0.02   -0.962189    0.945046   -0.124631
        0.02    -0.98456    0.988928  -0.0879886
        0.02    -0.98456    0.988928  -0.0879886
