0.2008
-0.4368
-0.5144
-0.7504
-0.8296
-0.828
-0.8312
-0.8304
-0.9088
-0.9088
-0.908
-0.908
-0.9088
-0.9072
-0.9088
-0.9072
-0.9072
-0.908
-0.908
-0.908
-0.908
-0.908
-0.9112
-0.912
-0.9112
-0.9128
-0.9144
-0.9176
-0.9192
-0.9176
-0.9184
-0.9176
-0.9168
-0.9168
-0.9192
-0.9168
-0.9168
-0.9192
-0.92
-0.9208
-0.9192
-0.9224
-0.9208
-0.9232
-0.9248
-0.9248
-0.9224
-0.9224
-0.9232
-0.9216
-0.9216
-0.9216
-0.9208
-0.9208
-0.92
-0.9184
-0.9184
-0.9208
-0.9168
-0.9176
-0.9192
-0.9216
-0.9208
-0.8416
-0.844
-0.9248
-0.9264
-0.9296
-0.9264
-0.9272
-0.9264
-0.9288
-0.9296
-0.9288
-0.9288
-0.9288
-0.9288
-0.9272
-0.928
-0.9272
-0.9248
-0.9264
-0.9256
-0.9272
-0.9304
-0.9304
-0.9304
-0.9296
-0.928
-0.9256
-0.9248
-0.9248
-0.9264
-0.9256
-0.9264
-0.9248
-0.9256
-0.9272
-0.928
-0.928
-0.9288
-0.9272
-0.9272
-0.9248
-0.924
-0.9272
-0.9296
-0.9304
-0.9296
-0.9312
-0.932
-0.9328
-0.932
-0.932
-0.932
-0.932
-0.9312
-0.932
-0.9328
-0.9336
-0.9336
-0.9336
-0.9336
-0.9344
-0.9376
-0.936
-0.9384
-0.9376
-0.9376
-0.9392
-1.02
-1.02
-1.02
-1.02
-1.02
-1.02
-1.02
-1.02
-1.02
-1.02
-1.02
-1.02
-1.02
-1.02
-1.02
-1.02
-1.02
-1.02
-1.02
-1.02
-1.02
-1.02
-1.02
-1.02
-1.02
-1.02
-1.02
-1.02
-1.02
-1.02
-1.02
-1.02
-1.02
-1.02
-1.02
-1.02
-1.02
-1.02
-1.02
-1.02
-1.02
-1.02
-1.02
-1.02
-1.02
-1.02
-1.02
-1.02
-1.02
-1.02
-1.02
-1.02
-1.02
-1.02
-1.02
-1.02
-1.02
-1.02
-1.02
-1.02
-1.02
-1.02
-1.02
-1.02
-1.02
-1.02
-1.02
-1.02
-1.02
-1.02
-1.02
-1.02
-1.02
-1.02
-1.02
-1.02
-1.02
-1.02
-1.02
-1.02
-1.02
-1.02
-1.02
-1.02
-1.02
-1.02
-1.02
-1.02
-1.02
-1.02
-1.02
-1.02
-1.02
-1.02
-1.02
-1.02
-1.02
-1.02
-1.02
-1.02
-1.02
-1.02
-1.02
-1.02
-1.02
-1.02
-1.02
-1.02
-1.02
-1.02
-1.02
-1.02
-1.02
-1.02
-1.02
-1.02
-1.02
-1.02
-1.02
-1.02
-1.02
-1.02
-1.02
-1.02
-1.02
-1.02
-1.02
-1.02
-1.02
-1.02
-1.02
-1.02
-1.02
-1.02
-1.02
-1.02
-1.02
-1.02
-1.02
-1.02
-1.02
-1.02
-1.02
-1.02
-1.02
-1.02
-1.02
-1.02
-1.02
-1.02
-1.02
-1.02
-1.02
-1.02
-1.02
-1.02
-1.02
-1.02
-1.02
-1.02
-1.02
-1.02
-1.02
-1.02
-1.02
-1.02
-1.02
-1.02
-1.02
-1.02
-1.02
-1.02
-1.02
-1.02
-1.02
-1.02
-1.02
-1.02
-1.02
-1.02
-1.02
-1.02
-1.02
-1.02
-1.02
-1.02
-1.02
-1.02
-1.02
-1.02
-1.02
-1.02
-1.02
-1.02
-1.02
-1.02
-1.02
-1.02
-1.02
-1.02
-1.02
-1.02
-1.02
-1.02
-1.02
-1.02
-1.02
-1.02
-1.02
-1.02
-1.02
-1.02
-1.02
-1.02
-1.02
-1.02
-1.02
-1.02
-1.02
-1.02
-1.02
-1.02
-1.02
-1.02
-1.02
-1.02
-1.02
-1.02
-1.02
-1.02
-1.02
-1.02
-1.02
-1.02
-1.02
-1.02
-1.02
-1.02
-1.02
-1.02
-1.02
-1.02
-1.02
-1.02
-1.02
-1.02
-1.02
-1.02
-1.02
-1.02
-1.02
-1.02
-1.02
-1.02
-1.02
-1.02
-1.02
-1.02
-1.02
-1.02
-1.02
-1.02
-1.02
-1.02
-1.02
-1.02
-1.02
-1.02
-1.02
-1.02
-1.02
-1.02
-1.02
-1.02
-1.02
-1.02
-1.02
-1.02
-1.02
-1.02
-1.02
-1.02
-1.02
-1.02
-1.02
-0.9392
-1.02
-1.02
-1.02
-1.02
-1.02
-1.02
-1.02
-1.02
-1.02
-1.02
-1.02
-1.02
-1.02
-1.02
-1.02
-1.02
-1.02
-1.02
-1.02
-1.02
-1.02
-1.02
-1.02
-1.02
-1.02
-1.02
-1.02
-1.02
-1.02
-1.02
-1.02
-1.02
-1.02
-1.02
-1.02
-1.02
-1.02
-1.02
-1.02
-1.02
-1.02
-1.02
-1.02
-1.02
-1.02
-1.02
-1.02
-1.02
-1.02
-1.02
-1.02
-1.02
-1.02
-1.02
-1.02
-1.02
-1.02
-1.02
-1.02
-1.02
-1.02
-1.02
-1.02
-1.02
-1.02
-1.02
-1.02
-1.02
-1.02
-1.02
-1.02
-1.02
-1.02
-1.02
-1.02
-1.02
-1.02
-1.02
-1.02
-1.02
-1.02
-1.02
-1.02
-1.02
-1.02
-1.02
-1.02
-1.02
-1.02
-1.02
-1.02
-1.02
-1.02
-1.02
-1.02
-1.02
-1.02
-1.02
-1.02
-1.02
-1.02
-1.02
-1.02
-1.02
-1.02
-1.02
-1.02
-1.02
-1.02
-1.02
-1.02
-1.02
-1.02
-1.02
-1.02
-1.02
-1.02
-1.02
-1.02
-1.02
-1.02
-1.02
-1.02
-1.02
-1.02
-1.02
-1.02
-1.02
-1.02
-1.02
-1.02
-1.02
-1.02
-1.02
-1.02
-1.02
-1.02
-1.02
-1.02
-1.02
-1.02
-1.02
-1.02
-1.02
-1.02
-1.02
-1.02
-1.02
-1.02
-1.02
-1.02
-1.02
-1.02
-1.02
-1.02
-1.02
-1.02
-1.02
-1.02
-1.02
-1.02
-1.02
-1.02
-1.02
-1.02
-1.02
-1.02
-1.02
-1.02
-1.02
-1.02
-1.02
-1.02
-1.02
-1.02
-1.02
-1.02
-1.02
-1.02
-1.02
-1.02
-1.02
-1.02
-1.02
-1.02
-1.02
-1.02
-1.02
-1.02
-1.02
-1.02
-1.02
-1.02
-1.02
-1.02
-1.02
-1.02
-1.02
-1.02
-1.02
-1.02
-1.02
-1.02
-1.02
-1.02
-1.02
-1.02
-1.02
-1.02
-1.02
-1.02
-1.02
-1.02
-1.02
-1.02
-1.02
-1.02
-1.02
-1.02
-1.02
-1.02
-1.02
-1.02
-1.02
-1.02
-1.02
-1.02
-1.02
-1.02
-1.02
-1.02
-1.02
-1.02
-1.02
-1.02
-1.02
-1.02
-1.02
-1.02
-1.02
-1.02
-1.02
-1.02
-1.02
-1.02
-1.02
-1.02
-1.02
-0.9376
-0.9392
-1.02
-1.02
-1.02
-1.02
-1.02
-1.02
-1.02
-1.02
-1.02
-1.02
-1.02
-1.02
-1.02
-1.02
-1.02
-1.02
-1.02
-1.02
-1.02
-1.02
-1.02
-1.02
-0.9392
-1.02
-1.02
-1.02
-1.02
-1.02
-1.02
-1.02
-1.02
-1.02
-1.02
-1.02
-1.02
-1.02
-1.02
-1.02
-1.02
-1.02
-1.02
-1.02
-1.02
-1.02
-1.02
-1.02
-1.02
-1.02
-1.02
-0.9384
-1.02
-1.02
-1.02
-1.02
-1.02
-1.02
-1.02
-1.02
-1.02
-1.02
-1.02
-1.02
-1.02
-1.02
-1.02
-1.02
-1.02
-1.02
-1.02
-1.02
-1.02
-1.02
-1.02
-1.02
-1.02
-1.02
-1.02
-1.02
-1.02
-1.02
-1.02
-1.02
-1.02
-1.02
-1.02
-1.02
-1.02
-1.02
-1.02
-1.02
-1.02
-1.02
-1.02
-1.02
-1.02
-1.02
-1.02
-1.02
-1.02
-1.02
-1.02
-1.02
-1.02
-1.02
-1.02
-1.02
-1.02
-1.02
-1.02
-1.02
-1.02
-1.02
-1.02
-1.02
-1.02
-1.02
-1.02
-1.02
-0.9384
-0.9368
-0.9384
-0.9392
-0.9392
-0.9392
-0.9376
-0.9384
-0.9392
-0.9392
-0.9384
-1.02
-1.02
-1.02
-1.02
-1.02
-1.02
-1.02
-1.02
-1.02
-1.02
-1.02
-1.02
-1.02
-1.02
-1.02
-1.02
-1.02
-1.02
-1.02
-1.02
-1.02
-1.02
-1.02
-1.02
-1.02
-1.02
-1.02
-1.02
-1.02
-1.02
-1.02
-1.02
-1.02
-1.02
-1.02
-1.02
-1.02
-1.02
-1.02
-1.02
-1.02
-1.02
-1.02
-1.02
-1.02
-1.02
-1.02
-1.02
-1.02
-1.02
-1.02
-1.02
-1.02
-1.02
-1.02
-1.02
-1.02
-1.02
-1.02
-1.02
-1.02
-1.02
-1.02
-1.02
-1.02
-1.02
-1.02
-1.02
-1.02
-1.02
-1.02
-1.02
-1.02
-1.02
-1.02
-1.02
-1.02
-1.02
-1.02
-1.02
-1.02
-1.02
-1.02
-1.02
-1.02
-1.02
-1.02
-1.02
-1.02
-1.02
-1.02
-1.02
-1.02
-1.02
-1.02
-1.02
-1.02
-1.02
-1.02
-1.02
-1.02
-1.02
-1.02
-1.02
-1.02
-1.02
-1.02
-1.02
-1.02
-1.02
-1.02
-1.02
-1.02
-1.02
-1.02
-1.02
-1.02
-1.02
-1.02
-1.02
-1.02
-1.02
-1.02
-1.02
-1.02
-1.02
-1.02
-1.02
-1.02
-1.02
-1.02
-1.02
-1.02
-1.02
-1.02
-1.02
-1.02
-1.02
-1.02
-1.02
-1.02
-1.02
-1.02
-1.02
-1.02
-1.02
-1.02
-1.02
-1.02
-1.02
-1.02
-1.02
-1.02
-1.02
-1.02
-1.02
-1.02
-1.02
-1.02
-1.02
-1.02
-1.02
-1.02
-1.02
-1.02
-1.02
-1.02
-1.02
-1.02
-1.02
-1.02
-1.02
-1.02
-1.02
-1.02
-1.02
-1.02
-1.02
-1.02
-1.02
-1.02
-1.02
-1.02
-1.02
-1.02
-1.02
-1.02
-1.02
-1.02
-1.02
-1.02
-1.02
-1.02
-1.02
-1.02
-1.02
-1.02
-1.02
-1.02
-1.02
-1.02
-1.02
-1.02
-1.02
-1.02
-1.02
