0.034268   0.291819   0.183765
0.316656   0.254072   0.422085
0.138693   0.0198256   0.299399
-0.428952   -0.095236   0.152094
-0.459078   0.107265   -0.278003
0.0611071   0.387736   -0.279064
0.184789   0.0157504   -0.363131
0.261932   0.441221   0.0922733
-0.423665   0.0428587   0.178661
0.474013   0.303809   -0.358052
-0.412059   0.444379   -0.403462
-0.485546   0.289202   0.175783
-0.0390975   -0.251962   -0.197298
-0.279666   0.0916786   -0.253134
0.426607   0.188585   0.485797
0.321632   -0.339737   -0.175411
0.237519   0.171195   0.39706
0.134435   -0.275295   0.389252
0.432021   -0.448286   0.302145
0.111512   -0.057906   -0.328187
-0.228271   0.14924   0.118983
-0.459734   0.0633217   -0.146216
0.418461   0.161333   0.038444
-0.30386   0.14156   -0.189755
0.435793   -0.314437   0.307183
-0.0732158   0.320973   0.22719
0.261895   0.159068   0.0355584
-0.438605   -0.187659   0.228435
-0.00788285   -0.0327973   0.212306
-0.110414   -0.26648   -0.290436
0.464367   -0.295455   -0.476029
-0.403823   -0.247273   -0.043204
-0.419741   0.15053   -0.211836
0.316093   -0.445248   -0.182035
-0.207221   -0.435276   0.32144
-0.361711   0.277104   0.183654
-0.414919   -0.422112   0.196296
0.485995   -0.383911   -0.342854
0.415424   -0.471211   -0.42742
-0.244496   0.428567   -0.470511
-0.4961   -0.484797   0.196434
-0.00812203   -0.0671016   -0.33799
0.411747   0.475955   0.0933703
0.499585   -0.154126   0.122099
-0.075913   -0.285492   -0.0450571
-0.410741   0.16259   -0.328086
0.147982   0.218117   0.235032
0.327698   0.193424   0.0985126
0.0700827   0.113432   0.216264
0.24974   -0.016611   -0.12246
-0.223689   0.352934   -0.197122
-0.468177   0.471139   0.0217448
-0.114249   -0.32457   0.179815
-0.157427   -0.053625   0.269369
-0.443807   0.0274398   -0.310622
0.295706   0.313637   -0.37193
-0.0303665   0.447234   -0.260971
-0.0677733   -0.423671   0.295561
-0.0228225   0.054306   0.357686
-0.262673   0.0443863   0.179916
-0.347965   0.0381841   -0.207535
0.10321   0.36568   0.179016
-0.4878   -0.232144   0.452447
0.396144   0.0637202   -0.123025
-0.239718   0.293554   0.367888
-0.360314   -0.440203   -0.446172
0.236631   0.209565   0.497356
0.284683   -0.477244   -0.26496
0.245717   -0.0570517   -0.37138
0.390792   0.282561   -0.16521
0.375635   0.11474   -0.460236
0.44069   -0.220202   -0.341212
0.28243   -0.325134   0.00592994
-0.0482329   0.451831   0.00524641
-0.113107   -0.248698   -0.106705
0.36573   -0.136626   -0.316654
-0.378489   -0.369331   0.292973
0.403922   -0.240241   0.157971
-0.421584   -0.242918   0.0326263
0.0421662   -0.383702   0.145427
-0.111333   -0.32038   0.0300221
0.421584   0.0430475   -0.493465
0.27518   0.451264   -0.237966
0.169267   0.155658   0.479161
0.328038   -0.19881   -0.46525
0.272403   0.12541   -0.41376
-0.0117457   0.210859   -0.209336
0.148479   0.158785   0.379445
-0.00361365   0.126528   -0.203959
-0.0683967   0.229815   -0.0519635
0.0213352   0.42104   -0.374673
0.282036   -0.389752   -0.0841266
0.355757   0.320984   0.207383
-0.473036   0.420102   0.485052
0.496168   0.390038   0.411936
-0.310278   -0.34102   0.388567
0.0282113   0.474354   0.217233
-0.46508   -0.164028   0.339083
0.330144   0.229628   0.205217
-0.219044   -0.277597   0.481153
0.328108   0.365834   -0.232781
-0.428407   -0.283647   0.258883
-0.450235   -0.473643   0.123031
0.378288   0.0663942   -0.205464
-0.256688   -0.0678554   -0.153489
0.448588   -0.273893   0.229385
-0.467015   -0.471198   0.44615
-0.467235   -0.239777   0.123513
