           1   -0.413639   -0.413639           0
           2   -0.414404   -0.414022 0.000382081
           3   -0.409318   -0.412454  0.00158342
           4   -0.419235   -0.414149  0.00203166
           5   -0.408025   -0.412924  0.00199414
           6   -0.411016   -0.412606  0.00165896
           7   -0.407653   -0.411899  0.00157051
           8   -0.412847   -0.412017  0.00136526
           9   -0.414977   -0.412346  0.00124815
          10   -0.413923   -0.412504  0.00112746
          11   -0.412977   -0.412547  0.00102073
          12   -0.409248   -0.412272 0.000971507
          13   -0.414849    -0.41247 0.000915384
          14   -0.413127   -0.412517 0.000848778
          15   -0.422576   -0.413188  0.00103637
          16   -0.416805   -0.413414 0.000995446
          17   -0.414577   -0.413482  0.00093756
          18   -0.413835   -0.413502 0.000884157
          19   -0.420283   -0.413859 0.000909295
          20   -0.408982   -0.413615 0.000896432
          21   -0.412907   -0.413581 0.000853342
          22    -0.41053   -0.413442 0.000825364
          23   -0.421099   -0.413775 0.000856036
          24    -0.41339   -0.413759 0.000819748
          25   -0.413331   -0.413742 0.000786461
          26   -0.416686   -0.413855 0.000764043
          27   -0.416832   -0.413966 0.000743421
          28   -0.417719     -0.4141 0.000728813
          29   -0.411117   -0.413997 0.000710713
          30   -0.409921   -0.413861 0.000699923
          31   -0.413384   -0.413846 0.000677144
          32   -0.409954   -0.413724 0.000666826
          33   -0.414534   -0.413748 0.000646769
          34   -0.403168   -0.413437 0.000700389
          35   -0.414484   -0.413467 0.000680742
          36   -0.408393   -0.413326 0.000676409
          37   -0.410381   -0.413247 0.000662673
          38   -0.413497   -0.413253 0.000645032
          39   -0.410617   -0.413186 0.000631902
          40   -0.416988   -0.413281 0.000623193
          41   -0.413617   -0.413289 0.000607859
          42   -0.413916   -0.413304 0.000593397
          43   -0.417741   -0.413407 0.000588549
          44    -0.41255   -0.413388 0.000575347
          45   -0.411433   -0.413344  0.00056409
          46   -0.409618   -0.413263 0.000557607
          47   -0.417142   -0.413346 0.000551822
          48   -0.411372   -0.413304 0.000541765
          49   -0.408831   -0.413213 0.000538392
          50   -0.414264   -0.413234 0.000527932
          51   -0.411811   -0.413206  0.00051823
          52   -0.411726   -0.413178 0.000508963
          53   -0.412061   -0.413157 0.000499712
          54   -0.411754   -0.413131 0.000491059
          55   -0.422765   -0.413306 0.000512885
          56   -0.414692   -0.413331  0.00050425
          57   -0.415818   -0.413374 0.000497244
          58   -0.420914   -0.413504 0.000505594
          59   -0.418146   -0.413583  0.00050314
          60   -0.417005    -0.41364 0.000497959
          61   -0.413847   -0.413643  0.00048974
          62   -0.413025   -0.413633 0.000481879
          63   -0.421238   -0.413754 0.000489292
          64   -0.418374   -0.413826 0.000486966
          65   -0.412526   -0.413806 0.000479833
          66   -0.412847   -0.413792  0.00047273
          67   -0.418939   -0.413869 0.000471916
          68   -0.419621   -0.413953 0.000472557
          69   -0.418653   -0.414021 0.000470613
          70   -0.413765   -0.414018 0.000463856
          71   -0.419181    -0.41409 0.000463021
          72   -0.414553   -0.414097  0.00045659
          73   -0.417079   -0.414138 0.000452142
          74   -0.419378   -0.414208 0.000451577
          75   -0.410178   -0.414155 0.000448745
          76   -0.415095   -0.414167 0.000442974
          77   -0.417709   -0.414213 0.000439597
          78    -0.40961   -0.414154 0.000437919
          79   -0.416926   -0.414189 0.000433761
          80   -0.411206   -0.414152 0.000429925
          81   -0.412359    -0.41413  0.00042516
          82   -0.415174   -0.414142 0.000420136
          83   -0.412124   -0.414118 0.000415755
          84   -0.419498   -0.414182 0.000415739
          85   -0.408874    -0.41412 0.000415539
          86   -0.411587    -0.41409 0.000411733
          87    -0.41201   -0.414066 0.000407674
          88   -0.415522   -0.414083 0.000403355
          89   -0.417092   -0.414117 0.000400227
          90   -0.409976   -0.414071  0.00039842
          91   -0.414942    -0.41408 0.000394134
          92   -0.412707   -0.414065 0.000390112
          93   -0.413082   -0.414055 0.000386039
          94   -0.410591   -0.414018 0.000383683
          95   -0.407522    -0.41395 0.000385733
          96   -0.416867    -0.41398 0.000382901
          97   -0.408879   -0.413927 0.000382564
          98   -0.414953   -0.413938 0.000378785
          99   -0.419499   -0.413994 0.000379124
         100    -0.41236   -0.413978  0.00037567
