           0           0           0
    0.064633           0           0
    0.129266           0           0
    0.193899           0           0
    0.258532           0           0
    0.323165           0           0
    0.387798           0           0
    0.452431           0           0
    0.517064           0           0
    0.581697           0           0
     0.64633           0           0
    0.710963           0           0
    0.775596           0           0
     0.84023  0.00798243  0.00798243
    0.904863    0.186834   0.0366095
    0.969496     1.46556   0.0886964
     1.03413     2.72565    0.138514
     1.09876      3.0788      0.1092
     1.16339     2.72953    0.117049
     1.22803     2.41089    0.094288
     1.29266     2.27149   0.0869771
     1.35729     1.90144   0.0691624
     1.42193     1.84831   0.0732297
     1.48656     1.64695   0.0549661
     1.55119     1.54436   0.0570043
     1.61583     1.50395   0.0577926
     1.68046     1.58533   0.0533753
     1.74509     1.48561   0.0569863
     1.80973     1.37245   0.0490659
     1.87436     1.39972   0.0465568
     1.93899     1.42052   0.0429268
     2.00362     1.39044   0.0461221
     2.06826     1.52941   0.0490965
     2.13289     1.39019   0.0390606
     2.19752     1.28265   0.0324901
     2.26216     1.39965   0.0424319
     2.32679     1.32182   0.0332835
     2.39142     1.35473   0.0373903
     2.45606      1.4247   0.0348194
     2.52069     1.36281   0.0363788
     2.58532     1.41258   0.0390688
     2.64995     1.34448   0.0332447
     2.71459     1.33836    0.030664
     2.77922     1.31753   0.0303284
     2.84385     1.32219   0.0306966
     2.90849     1.32939   0.0289788
     2.97312     1.33879   0.0286993
     3.03775     1.36752   0.0300188
     3.10239     1.37977   0.0297384
     3.16702     1.32756   0.0264479
     3.23165      1.3925   0.0286096
     3.29629     1.28133   0.0265114
     3.36092     1.31536   0.0254084
     3.42555     1.33275   0.0253709
     3.49018     1.29507   0.0267774
     3.55482     1.31734   0.0261942
     3.61945     1.31033   0.0258692
     3.68408     1.32502   0.0247005
     3.74872     1.33029   0.0241795
     3.81335     1.31678   0.0223076
     3.87798     1.31457   0.0230116
     3.94262     1.33989   0.0249825
     4.00725      1.3022   0.0209325
     4.07188     1.32901    0.020207
     4.13651     1.31646   0.0213506
     4.20115     1.29591   0.0190994
     4.26578     1.32206   0.0204067
     4.33041      1.3541   0.0197797
     4.39505     1.29252   0.0177121
     4.45968     1.29265   0.0189581
     4.52431     1.30632   0.0185571
     4.58895      1.3079   0.0200733
     4.65358     1.33188   0.0174127
     4.71821     1.33064   0.0176351
     4.78285     1.30433   0.0167168
     4.84748     1.32746   0.0178103
     4.91211     1.33153   0.0169172
     4.97674     1.33665   0.0185691
     5.04138      1.3073   0.0157865
     5.10601     1.34808   0.0166427
     5.17064     1.31007   0.0160062
     5.23528      1.3478   0.0160219
     5.29991     1.31276   0.0172011
     5.36454     1.28944   0.0169142
     5.42918     1.28988   0.0149903
     5.49381     1.30747   0.0168798
     5.55844     1.30795   0.0146432
     5.62307     1.33298   0.0144782
     5.68771     1.33313   0.0151926
     5.75234     1.31531   0.0163067
     5.81697     1.33865   0.0160662
     5.88161     1.32885   0.0134597
     5.94624     1.31643   0.0155619
     6.01087     1.33637     0.01517
     6.07551     1.32861    0.015309
     6.14014     1.31881   0.0133316
     6.20477     1.29818   0.0166815
      6.2694     1.30016    0.014003
     6.33404      1.3123   0.0124973
     6.39867     1.29458   0.0120413
