           1   0.0491785   0.0491785           0
           2   0.0490214   0.0490999 7.85277e-05
           3   0.0492962   0.0491654 7.96016e-05
           4    0.048984     0.04912 7.22804e-05
           5   0.0490929   0.0491146 5.62496e-05
           6    0.048974   0.0490912 5.15606e-05
           7   0.0488324   0.0490542 5.71433e-05
           8   0.0488183   0.0490247 5.76073e-05
           9   0.0492875   0.0490539 5.85968e-05
          10   0.0484385   0.0489924 8.08343e-05
          11   0.0492192    0.049013 7.59708e-05
          12   0.0488827   0.0490021 7.01958e-05
          13   0.0490452   0.0490054 6.46557e-05
          14   0.0488344   0.0489932 6.10933e-05
          15   0.0491144   0.0490013 5.74453e-05
          16   0.0490408   0.0490038  5.3792e-05
          17   0.0499351   0.0490586 7.45271e-05
          18   0.0489694   0.0490536 7.04394e-05
          19   0.0491705   0.0490598 6.69126e-05
          20   0.0485072   0.0490321 6.92311e-05
          21   0.0490695   0.0490339  6.5876e-05
          22   0.0488839   0.0490271 6.31795e-05
          23   0.0488184    0.049018 6.10483e-05
          24   0.0492668   0.0490284 5.93618e-05
          25   0.0490879   0.0490308 5.69875e-05
          26   0.0495841    0.049052 5.87428e-05
          27    0.049305   0.0490614 5.72965e-05
          28   0.0486521   0.0490468 5.71152e-05
          29   0.0498176   0.0490734 6.11859e-05
          30     0.04944   0.0490856 6.03612e-05
          31   0.0490897   0.0490857 5.83817e-05
          32   0.0491996   0.0490893 5.66397e-05
          33   0.0494814   0.0491012 5.61677e-05
          34   0.0493029   0.0491071 5.48128e-05
          35   0.0489402   0.0491023 5.34369e-05
          36   0.0484881   0.0490853 5.46626e-05
          37   0.0492667   0.0490902 5.33903e-05
          38   0.0493175   0.0490962 5.23095e-05
          39   0.0484905   0.0490806 5.32651e-05
          40   0.0488766   0.0490755 5.21663e-05
          41   0.0494608   0.0490849 5.17383e-05
          42   0.0494035   0.0490925 5.10579e-05
          43   0.0487529   0.0490846 5.04781e-05
          44   0.0487998   0.0490781 4.97404e-05
          45   0.0495171   0.0490879 4.95914e-05
          46   0.0489519   0.0490849 4.85914e-05
          47   0.0481958    0.049066 5.11719e-05
          48   0.0496157   0.0490775 5.13869e-05
          49   0.0493397   0.0490828 5.06111e-05
          50    0.049075   0.0490827 4.95888e-05
          51   0.0485384    0.049072 4.97647e-05
          52   0.0490144   0.0490709 4.88108e-05
          53   0.0492633   0.0490745 4.80184e-05
          54   0.0490248   0.0490736 4.71298e-05
          55   0.0494136   0.0490798 4.66763e-05
          56   0.0492522   0.0490828 4.59384e-05
          57   0.0487197   0.0490765 4.55727e-05
          58   0.0487452   0.0490708 4.51429e-05
          59   0.0489451   0.0490686 4.44223e-05
          60   0.0490941   0.0490691 4.36777e-05
          61   0.0487231   0.0490634 4.33285e-05
          62   0.0489179    0.049061 4.26884e-05
          63   0.0487359   0.0490559 4.23212e-05
          64   0.0488238   0.0490523 4.18123e-05
          65   0.0489792   0.0490511 4.11794e-05
          66   0.0490308   0.0490508 4.05518e-05
          67    0.048726    0.049046 4.02351e-05
          68   0.0487344   0.0490414  3.9903e-05
          69   0.0490448   0.0490414 3.93205e-05
          70   0.0489678   0.0490404 3.87689e-05
          71   0.0488706    0.049038 3.82938e-05
          72   0.0497383   0.0490477  3.8991e-05
          73   0.0486855   0.0490428  3.8772e-05
          74   0.0490261   0.0490425 3.82452e-05
          75   0.0489628   0.0490415 3.77467e-05
          76   0.0490816    0.049042 3.72505e-05
          77   0.0497152   0.0490507 3.77889e-05
          78   0.0492593   0.0490534 3.73969e-05
          79   0.0492192   0.0490555 3.69802e-05
          80    0.048984   0.0490546 3.65259e-05
          81   0.0488327   0.0490519 3.61761e-05
          82   0.0488518   0.0490494 3.58154e-05
          83   0.0484589   0.0490423 3.60896e-05
          84   0.0488191   0.0490397 3.57562e-05
          85   0.0491377   0.0490408 3.53519e-05
          86   0.0494465   0.0490455 3.52554e-05
          87    0.048974   0.0490447 3.48575e-05
          88   0.0490431   0.0490447 3.44591e-05
          89   0.0485198   0.0490388 3.45765e-05
          90   0.0494006   0.0490428 3.44257e-05
          91   0.0496469   0.0490495 3.46865e-05
          92   0.0485317   0.0490438 3.47659e-05
          93     0.04874   0.0490406 3.45449e-05
          94   0.0495724   0.0490462 3.46406e-05
          95   0.0493484   0.0490494 3.44213e-05
          96   0.0491043     0.04905 3.40657e-05
          97   0.0490324   0.0490498 3.37131e-05
          98   0.0490222   0.0490495 3.33685e-05
          99   0.0493045   0.0490521   3.313e-05
         100   0.0487589   0.0490492 3.29279e-05
