           1   0.0501759   0.0501759           0
           2   0.0505435   0.0503597 0.000183805
           3    0.048881   0.0498668 0.000504187
           4   0.0503964   0.0499992 0.000380303
           5   0.0517848   0.0503563 0.000462939
           6   0.0496268   0.0502347  0.00039706
           7   0.0503266   0.0502479 0.000335833
           8   0.0487001   0.0500544 0.000349311
           9   0.0496739   0.0500121 0.000310951
          10   0.0491762   0.0499285 0.000290414
          11   0.0495138   0.0498908 0.000265381
          12   0.0496789   0.0498732 0.000242902
          13   0.0499465   0.0498788 0.000223508
          14   0.0495253   0.0498536 0.000208463
          15   0.0484131   0.0497575 0.000216529
          16   0.0491597   0.0497202 0.000205962
          17   0.0496374   0.0497153 0.000193528
          18   0.0474981   0.0495921 0.000220147
          19   0.0491509   0.0495689  0.00020953
          20   0.0508271   0.0496318 0.000208496
          21    0.049314   0.0496167 0.000198895
          22   0.0478484   0.0495363 0.000205969
          23   0.0469144   0.0494223 0.000227441
          24   0.0494367   0.0494229 0.000217759
          25   0.0481586   0.0493723 0.000214903
          26   0.0491309    0.049363 0.000206681
          27   0.0485562   0.0493332 0.000201111
          28   0.0477068   0.0492751 0.000202313
          29   0.0488882   0.0492617 0.000195667
          30   0.0465492   0.0491713 0.000209543
          31   0.0483705   0.0491455 0.000204311
          32   0.0513067    0.049213 0.000209034
          33   0.0497804   0.0492302 0.000203329
          34    0.047953   0.0491926 0.000200803
          35   0.0501742   0.0492207 0.000196988
          36   0.0496913   0.0492338 0.000191884
          37    0.049207    0.049233 0.000186627
          38   0.0482539   0.0492073 0.000183468
          39   0.0490984   0.0492045 0.000178724
          40   0.0493635   0.0492085 0.000174244
          41    0.049502   0.0492156 0.000170091
          42    0.050744    0.049252 0.000169934
          43    0.050941   0.0492913 0.000170521
          44   0.0488528   0.0492813 0.000166898
          45   0.0501295   0.0493002 0.000164232
          46   0.0499479   0.0493142 0.000161238
          47   0.0498627   0.0493259 0.000158201
          48   0.0476419   0.0492908 0.000158794
          49   0.0502047   0.0493095 0.000156634
          50   0.0500397   0.0493241 0.000154163
          51    0.050886   0.0493547 0.000154182
          52   0.0497656   0.0493626 0.000151394
          53   0.0505534   0.0493851   0.0001502
          54   0.0496296   0.0493896 0.000147462
          55   0.0486789   0.0493767 0.000145332
          56   0.0460371   0.0493171 0.000154671
          57   0.0503406    0.049335 0.000152991
          58   0.0514256   0.0493711 0.000154591
          59   0.0481607   0.0493505 0.000153327
          60    0.048165   0.0493308 0.000152039
          61   0.0492649   0.0493297  0.00014953
          62   0.0484204    0.049315 0.000147828
          63   0.0484784   0.0493018 0.000146067
          64   0.0490268   0.0492975 0.000143831
          65   0.0503414   0.0493135 0.000142509
          66   0.0483172   0.0492984 0.000141142
          67   0.0495817   0.0493026 0.000139084
          68   0.0499844   0.0493127  0.00013739
          69   0.0500547   0.0493234  0.00013581
          70   0.0474295   0.0492964 0.000136563
          71   0.0485236   0.0492855 0.000135065
          72   0.0488378   0.0492793 0.000133321
          73   0.0490805   0.0492765 0.000131511
          74   0.0498723   0.0492846 0.000129971
          75    0.049572   0.0492884 0.000128283
          76   0.0484558   0.0492775 0.000127057
          77   0.0487945   0.0492712 0.000125553
          78   0.0487502   0.0492645 0.000124113
          79   0.0474754   0.0492419 0.000124607
          80   0.0501367   0.0492531 0.000123547
          81   0.0509402   0.0492739 0.000123777
          82    0.049188   0.0492728 0.000122263
          83   0.0485277   0.0492639 0.000121114
          84   0.0503175   0.0492764 0.000120319
          85   0.0482438   0.0492643 0.000119514
          86   0.0488214   0.0492591 0.000118229
          87   0.0497661   0.0492649 0.000117007
          88   0.0507652    0.049282  0.00011692
          89   0.0493783   0.0492831 0.000115603
          90   0.0486896   0.0492765 0.000114502
          91   0.0503493   0.0492883 0.000113848
          92   0.0490035   0.0492852 0.000112647
          93   0.0497047   0.0492897  0.00011152
          94   0.0476368   0.0492721  0.00011172
          95   0.0485438   0.0492644 0.000110803
          96   0.0498795   0.0492708  0.00010983
          97   0.0475297   0.0492529 0.000110164
          98   0.0482583   0.0492427 0.000109505
          99   0.0482899   0.0492331  0.00010882
         100   0.0494603   0.0492354  0.00010775
