           0           0           0
    0.064633           0           0
    0.129266           0           0
    0.193899           0           0
    0.258532           0           0
    0.323165           0           0
    0.387798           0           0
    0.452431           0           0
    0.517064           0           0
    0.581697           0           0
     0.64633           0           0
    0.710963           0           0
    0.775596           0           0
     0.84023           0           0
    0.904863    0.207594    0.037452
    0.969496     1.45344   0.0927073
     1.03413     2.60808    0.108304
     1.09876     2.81749    0.107893
     1.16339     2.72527    0.103102
     1.22803     2.53335   0.0913039
     1.29266     1.98409   0.0794885
     1.35729     1.85422   0.0735091
     1.42193     1.73908   0.0690192
     1.48656     1.70229   0.0663072
     1.55119     1.61224   0.0632002
     1.61583     1.44129   0.0608826
     1.68046     1.47135   0.0526491
     1.74509     1.48561   0.0538128
     1.80973     1.46741   0.0500782
     1.87436     1.44654   0.0523663
     1.93899     1.50188   0.0444167
     2.00362     1.36844   0.0484462
     2.06826     1.41918   0.0443348
     2.13289     1.32276   0.0401297
     2.19752     1.44405   0.0450418
     2.26216     1.35576   0.0389679
     2.32679     1.41796   0.0373932
     2.39142      1.3154   0.0401852
     2.45606     1.34418    0.037595
     2.52069     1.28352   0.0297974
     2.58532     1.35402   0.0357068
     2.64995      1.3073    0.034383
     2.71459     1.35206   0.0336357
     2.77922     1.38445   0.0315896
     2.84385     1.39716   0.0333707
     2.90849     1.26963   0.0283998
     2.97312     1.35966   0.0289708
     3.03775     1.34559   0.0303809
     3.10239     1.32037   0.0303144
     3.16702       1.343    0.027718
     3.23165     1.32173   0.0293556
     3.29629     1.38394   0.0280631
     3.36092     1.33437   0.0288036
     3.42555      1.3541   0.0266497
     3.49018     1.36122   0.0299199
     3.55482     1.29796   0.0266396
     3.61945     1.29483   0.0215802
     3.68408     1.30961   0.0248339
     3.74872     1.29924   0.0233281
     3.81335     1.32172   0.0241587
     3.87798     1.31497   0.0227283
     3.94262     1.34759   0.0215814
     4.00725     1.31413   0.0223294
     4.07188     1.33876   0.0222154
     4.13651      1.3336   0.0235512
     4.20115     1.33356   0.0200246
     4.26578     1.35596   0.0229787
     4.33041      1.3049   0.0210445
     4.39505     1.30896   0.0228615
     4.45968     1.32821   0.0204528
     4.52431     1.30017   0.0184217
     4.58895      1.3264   0.0194951
     4.65358     1.27926   0.0183504
     4.71821     1.32821   0.0181093
     4.78285     1.32216   0.0183549
     4.84748      1.3295   0.0179274
     4.91211     1.32133   0.0179118
     4.97674      1.3616   0.0178292
     5.04138     1.32312   0.0158171
     5.10601     1.30455   0.0162254
     5.17064     1.33613   0.0179237
     5.23528     1.32129    0.015332
     5.29991     1.30955   0.0159766
     5.36454     1.28819   0.0131867
     5.42918     1.31169   0.0162228
     5.49381     1.31464   0.0144612
     5.55844     1.32079   0.0146521
     5.62307     1.32176   0.0157421
     5.68771     1.29689    0.015762
     5.75234     1.31186   0.0149832
     5.81697     1.30151   0.0141289
     5.88161     1.32728   0.0161694
     5.94624     1.29262   0.0143556
     6.01087     1.32855   0.0151573
     6.07551     1.31948   0.0140696
     6.14014     1.31928   0.0134498
     6.20477     1.34179   0.0143511
      6.2694     1.30522   0.0132572
     6.33404     1.30585    0.013863
     6.39867     1.30737   0.0136529
