           1     1.37893     1.37893           0
           2     1.37903     1.37898 4.95858e-05
           3     1.37894     1.37897  3.1885e-05
           4       1.379     1.37898 2.41276e-05
           5     1.37902     1.37898 2.04091e-05
           6     1.37893     1.37898 1.88875e-05
           7     1.37901     1.37898 1.68131e-05
           8     1.37897     1.37898 1.46459e-05
           9     1.37903     1.37898 1.39542e-05
          10       1.379     1.37899 1.25311e-05
          11     1.37904     1.37899 1.22854e-05
          12     1.37903     1.37899 1.16104e-05
          13     1.37898     1.37899 1.07003e-05
          14     1.37902     1.37899 1.01595e-05
          15     1.37891     1.37899 1.09555e-05
          16     1.37903     1.37899 1.05718e-05
          17       1.379     1.37899 9.94846e-06
          18     1.37895     1.37899 9.65712e-06
          19     1.37898     1.37899  9.1449e-06
          20     1.37902     1.37899  8.8273e-06
          21     1.37889     1.37899 9.65247e-06
          22     1.37882     1.37898 1.17808e-05
          23     1.37893     1.37898 1.14255e-05
          24     1.37895     1.37898  1.0988e-05
          25     1.37885     1.37897 1.17592e-05
          26     1.37902     1.37897 1.14636e-05
          27     1.37899     1.37897 1.10595e-05
          28     1.37894     1.37897 1.07469e-05
          29     1.37884     1.37897 1.13802e-05
          30     1.37894     1.37897 1.10437e-05
          31     1.37882     1.37896 1.16345e-05
          32     1.37888     1.37896 1.15319e-05
          33     1.37901     1.37896 1.12635e-05
          34      1.3788     1.37896 1.18773e-05
          35     1.37892     1.37896 1.15862e-05
          36       1.379     1.37896 1.13291e-05
          37     1.37879     1.37895 1.18733e-05
          38     1.37888     1.37895 1.17095e-05
          39     1.37896     1.37895 1.14099e-05
          40     1.37895     1.37895 1.11213e-05
          41     1.37892     1.37895 1.08663e-05
          42     1.37899     1.37895 1.06431e-05
          43     1.37898     1.37895 1.04133e-05
          44     1.37893     1.37895 1.01822e-05
          45     1.37898     1.37895 9.97143e-06
          46     1.37899     1.37895 9.78103e-06
          47     1.37897     1.37895 9.57833e-06
          48     1.37898     1.37895 9.39998e-06
          49     1.37896     1.37895 9.20781e-06
          50     1.37898     1.37895 9.03784e-06
          51     1.37896     1.37895 8.85909e-06
          52     1.37902     1.37896 8.77007e-06
          53     1.37894     1.37896 8.60971e-06
          54     1.37897     1.37896 8.45294e-06
          55     1.37889     1.37895 8.38512e-06
          56     1.37887     1.37895 8.36922e-06
          57      1.3789     1.37895 8.27285e-06
          58     1.37906     1.37895 8.33719e-06
          59     1.37896     1.37895 8.19545e-06
          60     1.37889     1.37895 8.12019e-06
          61     1.37878     1.37895 8.49213e-06
          62     1.37892     1.37895 8.36892e-06
          63     1.37897     1.37895 8.24257e-06
          64     1.37902     1.37895  8.1784e-06
          65     1.37901     1.37895 8.11131e-06
          66     1.37895     1.37895 7.98769e-06
          67     1.37905     1.37895  8.0065e-06
          68     1.37889     1.37895 7.94316e-06
          69     1.37884     1.37895 7.99567e-06
          70     1.37883     1.37895 8.05296e-06
          71     1.37895     1.37895 7.93885e-06
          72     1.37895     1.37895 7.82783e-06
          73     1.37895     1.37895 7.71998e-06
          74     1.37901     1.37895 7.65879e-06
          75     1.37881     1.37895 7.76736e-06
          76     1.37892     1.37895  7.6755e-06
          77     1.37902     1.37895 7.63445e-06
          78     1.37899     1.37895 7.55864e-06
          79      1.3789     1.37895  7.4853e-06
          80     1.37889     1.37895 7.42465e-06
          81     1.37901     1.37895 7.36877e-06
          82     1.37896     1.37895 7.27896e-06
          83     1.37885     1.37895 7.28306e-06
          84     1.37884     1.37895 7.31856e-06
          85     1.37895     1.37895 7.23223e-06
          86     1.37892     1.37895 7.15385e-06
          87     1.37888     1.37895 7.10856e-06
          88     1.37901     1.37895 7.07127e-06
          89     1.37901     1.37895 7.02694e-06
          90     1.37897     1.37895 6.95149e-06
          91     1.37901     1.37895 6.91152e-06
          92     1.37898     1.37895 6.84752e-06
          93     1.37897     1.37895 6.77908e-06
          94      1.3789     1.37895 6.73022e-06
          95     1.37895     1.37895 6.65916e-06
          96     1.37896     1.37895 6.59116e-06
          97     1.37891     1.37895 6.53305e-06
          98     1.37897     1.37895 6.46898e-06
          99     1.37877     1.37895   6.643e-06
         100     1.37897     1.37895 6.58041e-06
