           1     1.16975     1.16975           0
           2     1.16797     1.16886 0.000890743
           3     1.15308      1.1636  0.00528597
           4     1.15478     1.16139  0.00433902
           5     1.13038     1.15519   0.0070543
           6      1.1619     1.15631  0.00586721
           7     1.15614     1.15628  0.00495876
           8     1.17212     1.15826  0.00472888
           9     1.17933      1.1606  0.00478222
          10     1.17748     1.16229   0.0045981
          11     1.18839     1.16466  0.00478817
          12     1.18884     1.16668  0.00481284
          13     1.16721     1.16672  0.00442736
          14     1.17868     1.16757  0.00418708
          15     1.17312     1.16794  0.00391545
          16     1.17538     1.16841  0.00369198
          17     1.18055     1.16912  0.00354078
          18      1.2002     1.17085  0.00375827
          19      1.1644     1.17051  0.00357112
          20     1.15955     1.16996  0.00343193
          21     1.18938     1.17089  0.00339279
          22     1.22432     1.17332  0.00404528
          23     1.20686     1.17477  0.00413147
          24     1.19468      1.1756   0.0040416
          25      1.2081      1.1769  0.00408867
          26       1.227     1.17883  0.00437533
          27     1.19568     1.17945  0.00425616
          28     1.17754     1.17939   0.0041019
          29     1.18498     1.17958  0.00396262
          30     1.24296     1.18169  0.00437249
          31     1.19816     1.18222  0.00426234
          32     1.20462     1.18292  0.00418595
          33     1.19441     1.18327  0.00407204
          34     1.20824       1.184  0.00401811
          35     1.17818     1.18384  0.00390517
          36     1.20179     1.18434  0.00382775
          37     1.20205     1.18482  0.00375351
          38     1.20671     1.18539  0.00369855
          39     1.18585      1.1854  0.00360249
          40     1.17806     1.18522  0.00351607
          41     1.16645     1.18476  0.00345967
          42     1.16835     1.18437  0.00339883
          43      1.1726      1.1841  0.00333011
          44     1.19876     1.18443  0.00327056
          45     1.17189     1.18415  0.00320918
          46     1.18335     1.18413  0.00313869
          47     1.19337     1.18433  0.00307747
          48     1.22011     1.18508  0.00310354
          49     1.20319     1.18545  0.00306192
          50     1.19431     1.18562   0.0030053
          51     1.15945     1.18511  0.00299014
          52     1.16637     1.18475  0.00295413
          53     1.16511     1.18438  0.00292144
          54     1.18925     1.18447  0.00286825
          55     1.20344     1.18481  0.00283667
          56     1.20612      1.1852  0.00281142
          57     1.22279     1.18585  0.00283932
          58      1.1746     1.18566  0.00279668
          59     1.19056     1.18574  0.00275012
          60     1.23382     1.18655  0.00282015
          61     1.18224     1.18647  0.00277443
          62     1.18096     1.18639  0.00273076
          63     1.18029     1.18629  0.00268881
          64     1.17609     1.18613  0.00265126
          65     1.17517     1.18596  0.00261559
          66     1.21048     1.18633  0.00260231
          67     1.16004     1.18594  0.00259304
          68     1.18205     1.18588  0.00255526
          69     1.20667     1.18618  0.00253592
          70     1.21803     1.18664   0.0025405
          71     1.21645     1.18706   0.0025394
          72     1.18148     1.18698  0.00250509
          73     1.20072     1.18717  0.00247769
          74     1.19351     1.18726  0.00244548
          75     1.19047      1.1873  0.00241303
          76     1.20461     1.18753  0.00239195
          77     1.19177     1.18758  0.00236132
          78     1.18941      1.1876  0.00233097
          79     1.19959     1.18776  0.00230627
          80     1.18471     1.18772  0.00227758
          81     1.16555     1.18744  0.00226588
          82     1.22217     1.18787  0.00227779
          83     1.22208     1.18828  0.00228762
          84     1.18652     1.18826  0.00226032
          85     1.19016     1.18828  0.00223369
          86     1.16929     1.18806  0.00221857
          87     1.17505     1.18791  0.00219802
          88     1.15076     1.18749  0.00221352
          89     1.17493     1.18735  0.00219305
          90     1.19428     1.18743  0.00216992
          91     1.17556     1.18729   0.0021499
          92     1.22938     1.18775  0.00217505
          93      1.2041     1.18793  0.00215871
          94     1.21152     1.18818  0.00215031
          95     1.18801     1.18818  0.00212756
          96     1.19542     1.18825  0.00210663
          97     1.18732     1.18824  0.00208482
          98     1.19414      1.1883  0.00206431
          99     1.21619     1.18859  0.00206269
         100     1.17031      1.1884  0.00205012
