           1     1.75462     1.75462           0
           2     1.75195     1.75329  0.00133611
           3     1.72961      1.7454  0.00792895
           4     1.73217     1.74209  0.00650854
           5     1.69557     1.73279   0.0105815
           6     1.74284     1.73446  0.00880081
           7     1.73421     1.73443  0.00743813
           8     1.75819      1.7374  0.00709331
           9     1.76899     1.74091  0.00717333
          10     1.76622     1.74344  0.00689715
          11     1.78258       1.747  0.00718225
          12     1.78326     1.75002  0.00721926
          13     1.75082     1.75008  0.00664104
          14     1.76803     1.75136  0.00628062
          15     1.75968     1.75192  0.00587318
          16     1.76308     1.75261  0.00553796
          17     1.77083     1.75368  0.00531118
          18      1.8003     1.75627  0.00563741
          19      1.7466     1.75576  0.00535668
          20     1.73932     1.75494  0.00514789
          21     1.78406     1.75633  0.00508918
          22     1.83648     1.75997  0.00606792
          23      1.8103     1.76216   0.0061972
          24     1.79202      1.7634   0.0060624
          25     1.81215     1.76535  0.00613301
          26      1.8405     1.76824    0.006563
          27     1.79352     1.76918  0.00638423
          28     1.76632     1.76908  0.00615285
          29     1.77746     1.76937  0.00594393
          30     1.86444     1.77254  0.00655873
          31     1.79724     1.77333  0.00639351
          32     1.80694     1.77438  0.00627892
          33     1.79162     1.77491  0.00610805
          34     1.81235     1.77601  0.00602717
          35     1.76727     1.77576  0.00585775
          36     1.80268     1.77651  0.00574163
          37     1.80307     1.77722  0.00563026
          38     1.81007     1.77809  0.00554783
          39     1.77878     1.77811  0.00540374
          40     1.76709     1.77783  0.00527411
          41     1.74967     1.77714   0.0051895
          42     1.75252     1.77656  0.00509824
          43     1.75891     1.77615  0.00499516
          44     1.79814     1.77665  0.00490584
          45     1.75783     1.77623  0.00481378
          46     1.77502      1.7762  0.00470804
          47     1.79006      1.7765   0.0046162
          48     1.83017     1.77762   0.0046553
          49     1.80478     1.77817  0.00459289
          50     1.79147     1.77844  0.00450795
          51     1.73918     1.77767  0.00448521
          52     1.74956     1.77713  0.00443119
          53     1.74767     1.77657  0.00438216
          54     1.78388      1.7767  0.00430238
          55     1.80517     1.77722  0.00425501
          56     1.80918     1.77779  0.00421713
          57     1.83418     1.77878  0.00425899
          58     1.76191     1.77849  0.00419501
          59     1.78585     1.77862  0.00412518
          60     1.85074     1.77982  0.00423022
          61     1.77336     1.77971  0.00416164
          62     1.77143     1.77958  0.00409614
          63     1.77043     1.77943  0.00403322
          64     1.76413     1.77919  0.00397689
          65     1.76275     1.77894  0.00392339
          66     1.81572      1.7795  0.00390346
          67     1.74006     1.77891  0.00388956
          68     1.77308     1.77882  0.00383289
          69     1.81001     1.77928  0.00380388
          70     1.82705     1.77996  0.00381075
          71     1.82467     1.78059  0.00380911
          72     1.77222     1.78047  0.00375763
          73     1.80108     1.78075  0.00371653
          74     1.79027     1.78088  0.00366822
          75     1.78571     1.78095  0.00361955
          76     1.80692     1.78129  0.00358792
          77     1.78766     1.78137  0.00354198
          78     1.78411     1.78141  0.00349645
          79     1.79939     1.78163  0.00345941
          80     1.77707     1.78158  0.00341637
          81     1.74832     1.78117  0.00339882
          82     1.83326      1.7818  0.00341669
          83     1.83312     1.78242  0.00343144
          84     1.77978     1.78239  0.00339049
          85     1.78524     1.78242  0.00335053
          86     1.75394     1.78209  0.00332786
          87     1.76258     1.78187  0.00329702
          88     1.72614     1.78123  0.00332029
          89      1.7624     1.78102  0.00328958
          90     1.79142     1.78114  0.00325487
          91     1.76334     1.78094  0.00322485
          92     1.84407     1.78163  0.00326258
          93     1.80615     1.78189  0.00323806
          94     1.81728     1.78227  0.00322547
          95     1.78202     1.78227  0.00319134
          96     1.79313     1.78238  0.00315995
          97     1.78098     1.78236  0.00312723
          98      1.7912     1.78245  0.00309647
          99     1.82429     1.78288  0.00309403
         100     1.75546      1.7826  0.00307518
