           1   -0.379042   -0.379042           0
           2    -0.37627   -0.377656   0.0013857
           3   -0.354024   -0.369779  0.00791782
           4   -0.356522   -0.366464  0.00650613
           5   -0.319907   -0.357153   0.0105878
           6   -0.367263   -0.358838  0.00880758
           7   -0.358546   -0.358796  0.00744388
           8   -0.382569   -0.361768  0.00709849
           9   -0.393314   -0.365273  0.00717474
          10    -0.39057   -0.367803  0.00689791
          11   -0.406895   -0.371356   0.0071805
          12    -0.40758   -0.374375  0.00721655
          13   -0.375182   -0.374437  0.00663855
          14   -0.392352   -0.375717  0.00627791
          15   -0.384118   -0.376277  0.00587119
          16   -0.387397   -0.376972  0.00553579
          17   -0.395174   -0.378043  0.00530906
          18   -0.424697   -0.380634  0.00563669
          19   -0.370974   -0.380126  0.00535596
          20   -0.363648   -0.379302  0.00514748
          21   -0.408522   -0.380694   0.0050901
          22    -0.46101   -0.384344  0.00607304
          23   -0.434713   -0.386534  0.00620247
          24   -0.416418   -0.387779  0.00606755
          25   -0.436652   -0.389734  0.00613935
          26   -0.464826   -0.392622  0.00656761
          27   -0.417873   -0.393558  0.00638851
          28   -0.390733   -0.393457  0.00615695
          29   -0.401977   -0.393751  0.00594811
          30    -0.48885   -0.396921  0.00656278
          31   -0.421771   -0.397722  0.00639796
          32   -0.431403   -0.398775  0.00628358
          33   -0.415968   -0.399296  0.00611244
          34   -0.436901   -0.400402   0.0060322
          35   -0.391703   -0.400153  0.00586259
          36   -0.427032     -0.4009  0.00574613
          37   -0.427629   -0.401622  0.00563517
          38   -0.434537   -0.402488  0.00555284
          39   -0.403164   -0.402506  0.00540862
          40   -0.391486    -0.40223  0.00527886
          41   -0.374101   -0.401544  0.00519401
          42   -0.376887   -0.400957  0.00510272
          43   -0.383279   -0.400546  0.00499957
          44   -0.422555   -0.401046  0.00491017
          45   -0.382204   -0.400627  0.00481804
          46   -0.399383     -0.4006  0.00471221
          47    -0.41444   -0.400895  0.00462026
          48   -0.454537   -0.402012    0.004659
          49   -0.429168   -0.402567  0.00459646
          50    -0.41584   -0.402832  0.00451141
          51   -0.363575   -0.402062  0.00448856
          52   -0.373894   -0.401521   0.0044346
          53   -0.372085   -0.400965  0.00438544
          54   -0.408263     -0.4011  0.00430558
          55   -0.429627   -0.401619  0.00425828
          56   -0.433663   -0.402191  0.00422051
          57   -0.458636   -0.403182  0.00426243
          58   -0.386198   -0.402889  0.00419852
          59   -0.410237   -0.403013  0.00412863
          60   -0.475195   -0.404216  0.00423375
          61   -0.397936   -0.404113  0.00416504
          62   -0.395866    -0.40398  0.00409947
          63   -0.394808   -0.403835   0.0040365
          64   -0.388466   -0.403595  0.00398018
          65   -0.387091   -0.403341  0.00392668
          66   -0.440121   -0.403898  0.00390668
          67   -0.364362   -0.403308  0.00389292
          68   -0.397542   -0.403223  0.00383618
          69   -0.434523   -0.403677  0.00380729
          70   -0.451563   -0.404361  0.00381435
          71   -0.449074   -0.404991  0.00381262
          72   -0.396619   -0.404874  0.00376109
          73   -0.425477   -0.405157  0.00371993
          74   -0.414612   -0.405284  0.00367154
          75   -0.410247    -0.40535  0.00362286
          76   -0.431354   -0.405693  0.00359121
          77   -0.411992   -0.405774  0.00354521
          78    -0.40847   -0.405809  0.00349963
          79   -0.423836   -0.406037  0.00346258
          80   -0.401531   -0.405981  0.00341948
          81   -0.372661   -0.405569  0.00340196
          82   -0.457652   -0.406205  0.00341972
          83   -0.457619   -0.406824  0.00343459
          84   -0.404299   -0.406794  0.00339359
          85   -0.409636   -0.406827   0.0033536
          86    -0.37837   -0.406497  0.00333085
          87   -0.387048   -0.406273  0.00329992
          88   -0.350479   -0.405639  0.00332325
          89   -0.386745   -0.405427  0.00329255
          90   -0.415801   -0.405542   0.0032578
          91   -0.387675   -0.405346  0.00322778
          92   -0.468439   -0.406031  0.00326533
          93   -0.430527   -0.406295  0.00324075
          94   -0.441733   -0.406672  0.00322818
          95    -0.40642   -0.406669  0.00319401
          96   -0.417522   -0.406782  0.00316259
          97    -0.40542   -0.406768  0.00312985
          98   -0.415588   -0.406858  0.00309905
          99   -0.448871   -0.407283   0.0030968
         100    -0.37984   -0.407008  0.00307794
