0.451352   -0.211276   0.122149
-0.00218078   0.107672   -0.209628
0.237418   -0.360734   0.365284
0.130033   0.322136   -0.00542578
-0.246965   -0.382782   -0.463462
-0.0895731   -0.0431293   0.0420307
-0.177009   -0.0137976   0.0950059
-0.0185844   0.096917   -0.122892
-0.285298   0.329605   0.093586
0.451196   -0.264804   -0.295704
0.191127   0.157568   -0.303153
-0.372564   -0.376176   -0.0124823
0.178282   -0.200389   0.429263
0.173509   0.312123   -0.103592
0.347555   -0.138405   0.399441
0.369971   -0.108571   0.205074
0.0109589   0.407927   0.418031
0.0489368   0.497566   0.0870291
-0.0745584   -0.262592   -0.390338
0.287843   -0.248654   0.131254
0.0682272   0.280155   -0.128809
-0.401518   0.384872   0.0742416
0.0447066   0.368063   0.153657
-0.473168   0.0808851   0.121108
-0.0479554   0.0103739   -0.105519
0.0971576   -0.434756   -0.0837165
0.35078   0.382081   0.234441
0.258852   -0.297247   0.00701653
-0.110497   -0.127522   0.09814
-0.490024   -0.294099   -0.232653
-0.181814   -0.231609   -0.161175
-0.487896   0.255927   -0.0179744
-0.0777043   -0.2637   0.427431
0.492463   -0.485039   -0.459003
-0.286209   0.219869   -0.176754
0.46789   -0.259351   0.384946
-0.0485434   0.172607   0.143006
0.0500743   -0.124288   0.320175
-0.121181   0.168315   -0.272805
0.0450276   0.151632   0.138568
-0.20736   -0.0632604   0.328259
-0.332172   0.415015   0.247595
-0.149443   0.389452   -0.0753221
-0.122192   -0.147574   -0.055853
-0.219485   0.404895   0.100802
0.115451   0.310031   -0.30782
0.420325   -0.426254   0.495849
-0.0332441   -0.132764   -0.284316
-0.227015   -0.433668   -0.21451
0.458791   -0.462613   0.083744
-0.101807   -0.238285   0.283442
-0.459979   -0.360661   0.459369
-0.144373   -0.449628   0.0593104
-0.25673   0.418457   -0.262763
0.226307   -0.0241435   0.255715
-0.0519483   -0.316585   -0.199732
0.41269   -0.0154425   0.462793
-0.0692582   -0.00170419   0.497655
-0.176753   -0.229854   0.260286
0.167487   -0.0117839   -0.414821
-0.472111   0.142396   0.271178
0.176267   0.301256   0.306071
0.440226   0.342331   0.0884288
-0.454569   -0.49538   0.201009
-0.473458   -0.244723   0.304971
0.0841129   0.241211   -0.34148
-0.40231   0.44418   0.147878
0.32403   -0.120405   -0.269502
0.18357   -0.0407434   -0.227894
-0.0446439   -0.318385   0.26897
0.461581   0.0310527   0.270278
0.462741   -0.437824   0.427904
-0.427439   0.172517   -0.432781
0.41806   -0.230607   0.299156
0.483737   0.45802   0.1572
0.105497   0.0195034   -0.0973559
-0.449956   0.0653211   0.298016
-0.372325   0.0715443   0.430449
-0.300906   0.269437   0.190672
0.015068   -0.464334   0.163206
0.061597   -0.21162   -0.0365365
0.47124   -0.37095   -0.268468
-0.0302073   -0.166989   0.30565
-0.40617   -0.116007   0.16119
-0.156486   -0.353435   0.475501
0.269412   0.26103   0.0104268
0.400956   -0.230307   0.445507
-0.43095   -0.437046   0.0204515
-0.187205   0.418055   -0.00616028
-0.177767   -0.301094   0.0653496
-0.394356   0.389953   -0.293045
0.403941   0.16705   -0.166581
0.490945   0.236625   -0.226073
-0.0805487   0.408409   0.492081
-0.324487   0.156971   0.112753
0.303986   0.13976   -0.199254
0.428472   -0.138069   0.158533
0.389394   -0.396411   0.429777
0.192437   0.064847   0.464191
0.290757   -0.245707   0.476551
0.178785   -0.398261   -0.485631
0.420154   0.0336238   0.0798318
-0.376087   -0.366993   -0.343091
0.151396   0.0527618   0.254972
0.218384   -0.0130952   -0.156415
0.139713   0.0631858   -0.195139
-0.420396   -0.457189   0.129652
0.40649   0.403504   0.172118
