0.451299   -0.211299   0.122188
-0.00221278   0.107702   -0.209611
0.237391   -0.360714   0.365285
0.130064   0.322081   -0.00547378
-0.246925   -0.382777   -0.463436
-0.0895587   -0.0431398   0.0421043
-0.177044   -0.0138155   0.094954
-0.0186836   0.0969026   -0.122876
-0.285304   0.329615   0.0936218
0.451193   -0.264813   -0.295697
0.191083   0.157489   -0.303135
-0.37258   -0.376178   -0.0124622
0.178306   -0.20034   0.42922
0.173517   0.312129   -0.103585
0.34758   -0.138366   0.399486
0.369994   -0.108554   0.205015
0.0109226   0.408034   0.418102
0.0489282   0.497622   0.0870099
-0.074512   -0.262663   -0.390384
0.287875   -0.248614   0.131227
0.0682522   0.280139   -0.128859
-0.40156   0.384926   0.0742002
0.0446913   0.368055   0.153623
-0.473134   0.0808753   0.12106
-0.0479005   0.0103425   -0.105504
0.0970925   -0.434802   -0.083729
0.350734   0.382091   0.234419
0.258887   -0.29721   0.00703995
-0.110471   -0.127557   0.0981987
-0.489986   -0.294076   -0.232715
-0.181809   -0.231619   -0.161141
-0.487933   0.255898   -0.0179942
-0.0776997   -0.263668   0.427393
0.49244   -0.485103   -0.458974
-0.286267   0.21984   -0.176724
0.467942   -0.259305   0.385001
-0.0484977   0.172635   0.142973
0.050088   -0.124207   0.320266
-0.121184   0.168319   -0.272697
0.0451367   0.151607   0.138572
-0.207423   -0.0633198   0.328264
-0.332227   0.415085   0.247613
-0.149357   0.389464   -0.0753296
-0.122174   -0.147518   -0.0558843
-0.219501   0.404953   0.100808
0.115457   0.310138   -0.307811
0.420295   -0.426272   0.495839
-0.0332711   -0.132677   -0.284315
-0.226976   -0.43367   -0.214535
0.458851   -0.462635   0.0837391
-0.101844   -0.238308   0.283503
-0.460024   -0.36063   0.459439
-0.144408   -0.449616   0.0593359
-0.256684   0.41851   -0.262828
0.226313   -0.024137   0.255701
-0.0519015   -0.316601   -0.199755
0.412745   -0.0154661   0.462705
-0.0692505   -0.00179762   0.497627
-0.176707   -0.229825   0.260227
0.167424   -0.0117237   -0.414769
-0.472118   0.142367   0.271119
0.176259   0.301267   0.306092
0.440205   0.342355   0.08844
-0.454489   -0.4954   0.201057
-0.473518   -0.244807   0.30501
0.0840986   0.241172   -0.341486
-0.402354   0.444204   0.147945
0.324007   -0.120444   -0.269519
0.183521   -0.0406401   -0.227957
-0.0446574   -0.318355   0.269056
0.461522   0.0310415   0.270251
0.462778   -0.437802   0.42786
-0.427468   0.172505   -0.432782
0.41806   -0.23066   0.299207
0.483718   0.458038   0.157255
0.105512   0.0194473   -0.0973668
-0.449924   0.0652901   0.298019
-0.372355   0.0716071   0.430439
-0.300915   0.269392   0.190575
0.0150502   -0.464295   0.163228
0.0615444   -0.211587   -0.0365356
0.47124   -0.370963   -0.268508
-0.0302116   -0.16705   0.305634
-0.406114   -0.116039   0.161159
-0.156475   -0.353469   0.475531
0.269402   0.260952   0.0104141
0.400963   -0.230293   0.445443
-0.430964   -0.437087   0.0204272
-0.187181   0.41807   -0.00621624
-0.177769   -0.301012   0.0653649
-0.394335   0.389917   -0.29302
0.403922   0.167054   -0.166613
0.490915   0.236725   -0.226047
-0.0805541   0.408341   0.492079
-0.324516   0.157004   0.112798
0.304011   0.139672   -0.199295
0.428493   -0.138051   0.158448
0.389462   -0.396405   0.429784
0.192484   0.0648026   0.46429
0.290744   -0.245786   0.476619
0.178748   -0.398266   -0.485691
0.420201   0.0336397   0.0797708
-0.376067   -0.366994   -0.343037
0.15137   0.0527782   0.255002
0.21838   -0.0131169   -0.156421
0.13971   0.0632099   -0.195067
-0.420333   -0.457243   0.129603
0.406486   0.403451   0.172101
