           1     1.17432     1.17432           0
           2      1.1618     1.16806   0.0062611
           3     1.16648     1.16753  0.00365294
           4     1.15669     1.16482  0.00374454
           5     1.17172      1.1662  0.00321219
           6     1.18355     1.16909  0.00390404
           7     1.17082     1.16934  0.00330874
           8     1.17234     1.16971  0.00288989
           9     1.17723     1.17055  0.00268198
          10     1.16254     1.16975  0.00252905
          11      1.1618     1.16903  0.00239915
          12      1.1721     1.16928  0.00220504
          13     1.18967     1.17085  0.00256386
          14      1.1709     1.17085  0.00237367
          15     1.17654     1.17123  0.00224207
          16     1.18015     1.17179  0.00217011
          17     1.16507     1.17139  0.00207642
          18     1.16471     1.17102  0.00199253
          19     1.15198     1.17002  0.00213467
          20     1.14675     1.16886  0.00233555
          21     1.15347     1.16812  0.00233931
          22     1.12916     1.16635   0.0028481
          23     1.12654     1.16462  0.00322544
          24     1.15922      1.1644   0.0030963
          25     1.14954      1.1638  0.00302876
          26     1.17053     1.16406  0.00292142
          27     1.19189     1.16509  0.00299417
          28     1.15421      1.1647  0.00291132
          29     1.14273     1.16395  0.00290956
          30     1.15346      1.1636  0.00283255
          31     1.15482     1.16331  0.00275425
          32     1.16332     1.16331  0.00266679
          33     1.19381     1.16424   0.0027449
          34     1.16305      1.1642  0.00266317
          35     1.15416     1.16392  0.00260184
          36     1.16019     1.16381  0.00253065
          37     1.14882     1.16341  0.00249444
          38     1.14227     1.16285  0.00249083
          39     1.13781     1.16221  0.00250964
          40     1.12957     1.16139  0.00257858
          41     1.14905     1.16109  0.00253285
          42     1.16388     1.16116   0.0024727
          43     1.14394     1.16076  0.00244748
          44     1.14097     1.16031  0.00243313
          45     1.12847      1.1596  0.00248146
          46     1.13718     1.15911  0.00247537
          47     1.12955     1.15848  0.00250246
          48     1.10096     1.15729  0.00272716
          49     1.08946      1.1559  0.00300826
          50     1.12035     1.15519  0.00303204
          51     1.12796     1.15466  0.00301959
          52     1.14756     1.15452   0.0029641
          53     1.14409     1.15432  0.00291429
          54     1.16522     1.15453  0.00286692
          55     1.19766     1.15531  0.00292154
          56     1.18534     1.15585  0.00291858
          57     1.16958     1.15609  0.00287703
          58     1.15173     1.15601  0.00282799
          59     1.15119     1.15593  0.00278084
          60     1.17863     1.15631  0.00276016
          61     1.17457     1.15661  0.00273099
          62     1.17308     1.15687  0.00269968
          63     1.13456     1.15652  0.00267999
          64     1.15942     1.15656  0.00263817
          65     1.15442     1.15653  0.00259748
          66     1.16074      1.1566  0.00255861
          67     1.14941     1.15649  0.00252241
          68     1.15006     1.15639  0.00248684
          69     1.14912     1.15629   0.0024528
          70       1.156     1.15628  0.00241751
          71     1.15286     1.15624   0.0023837
          72     1.16856     1.15641  0.00235658
          73     1.14684     1.15628  0.00232777
          74       1.174     1.15652  0.00230855
          75     1.16422     1.15662  0.00227988
          76     1.14104     1.15641  0.00225901
          77     1.16118     1.15648  0.00223033
          78     1.20297     1.15707  0.00228084
          79     1.21218     1.15777  0.00235735
          80     1.19738     1.15826  0.00237978
          81     1.17864     1.15852  0.00236364
          82     1.15036     1.15842  0.00233675
          83     1.13423     1.15812  0.00232674
          84     1.16047     1.15815  0.00229904
          85     1.16738     1.15826  0.00227443
          86     1.18541     1.15858  0.00226988
          87     1.20264     1.15908  0.00230011
          88     1.18913     1.15942   0.0022993
          89     1.21155     1.16001  0.00234755
          90     1.21346      1.1606  0.00239607
          91     1.20216     1.16106  0.00241319
          92      1.2099     1.16159  0.00244514
          93     1.17944     1.16178  0.00242631
          94      1.1481     1.16164  0.00240477
          95     1.15205     1.16154  0.00238146
          96     1.15836      1.1615  0.00235676
          97     1.16785     1.16157  0.00233325
          98     1.19446     1.16191  0.00233359
          99     1.18752     1.16216  0.00232434
         100     1.17492     1.16229  0.00230451
