           1   -0.385937   -0.385937           0
           2   -0.367072   -0.376505   0.0094327
           3    -0.37411   -0.375707  0.00550416
           4   -0.359425   -0.371636  0.00563168
           5   -0.382007    -0.37371  0.00483031
           6   -0.399777   -0.378055  0.00586763
           7   -0.380727   -0.378437  0.00497372
           8   -0.382949   -0.379001  0.00434414
           9   -0.390218   -0.380247  0.00402881
          10   -0.368193   -0.379042  0.00379974
          11   -0.367049   -0.377951  0.00360576
          12   -0.382495    -0.37833   0.0033133
          13   -0.408884    -0.38068  0.00384875
          14   -0.380665   -0.380679  0.00356325
          15   -0.389157   -0.381244  0.00336501
          16   -0.394533   -0.382075  0.00325541
          17   -0.371908   -0.381477  0.00311586
          18   -0.371345   -0.380914   0.0029911
          19   -0.352249   -0.379405   0.0032064
          20   -0.344416   -0.377656  0.00350906
          21   -0.354512   -0.376554  0.00351503
          22     -0.3181   -0.373897  0.00427688
          23   -0.314251   -0.371303  0.00484008
          24   -0.363336   -0.370971   0.0046459
          25   -0.348728   -0.370082  0.00454415
          26   -0.380184    -0.37047  0.00438313
          27   -0.412233   -0.372017  0.00449235
          28   -0.355716   -0.371435  0.00436791
          29   -0.338524     -0.3703  0.00436472
          30   -0.354655   -0.369779  0.00424885
          31   -0.356675   -0.369356  0.00413118
          32    -0.36936   -0.369356       0.004
          33   -0.415064   -0.370741  0.00411689
          34   -0.368942   -0.370688  0.00399432
          35   -0.355588   -0.370257  0.00390244
          36   -0.364547   -0.370098  0.00379581
          37   -0.347511   -0.369488  0.00374192
          38   -0.337724   -0.368652  0.00373681
          39   -0.331047   -0.367688  0.00376529
          40   -0.318758   -0.366464  0.00386844
          41   -0.347967   -0.366013  0.00379979
          42    -0.37014   -0.366111  0.00370951
          43   -0.340224   -0.365509  0.00367191
          44   -0.335775   -0.364834  0.00365058
          45   -0.317033   -0.363771  0.00372328
          46   -0.330082   -0.363039  0.00371435
          47   -0.318689   -0.362095  0.00375496
          48   -0.275768   -0.360297  0.00409229
          49    -0.25852    -0.35822  0.00451415
          50   -0.304874   -0.357153  0.00454981
          51   -0.316334   -0.356353  0.00453095
          52   -0.345773   -0.356149  0.00444762
          53   -0.340585   -0.355855  0.00437277
          54   -0.372313    -0.35616  0.00430184
          55   -0.420974   -0.357339  0.00438424
          56   -0.402454   -0.358144  0.00437997
          57   -0.378806   -0.358507  0.00431768
          58   -0.351988   -0.358394  0.00424407
          59   -0.351141   -0.358271  0.00417333
          60   -0.392266   -0.358838  0.00414212
          61   -0.386199   -0.359287  0.00409827
          62   -0.383999   -0.359685  0.00405128
          63   -0.326175   -0.359153  0.00402179
          64   -0.363454    -0.35922  0.00395902
          65   -0.355941    -0.35917  0.00389796
          66   -0.365422   -0.359265  0.00383961
          67   -0.348445   -0.359103  0.00378532
          68   -0.349425   -0.358961  0.00373195
          69   -0.348046   -0.358803  0.00368087
          70   -0.358351   -0.358796  0.00362791
          71   -0.353642   -0.358724  0.00357718
          72   -0.377234   -0.358981  0.00353651
          73   -0.344679   -0.358785  0.00349322
          74   -0.385488   -0.359146  0.00346454
          75   -0.370766   -0.359301  0.00342154
          76   -0.335925   -0.358993   0.0033902
          77    -0.36609   -0.359085  0.00334715
          78   -0.428764   -0.359978   0.0034226
          79    -0.44261   -0.361024  0.00353719
          80   -0.420489   -0.361768  0.00357091
          81   -0.392314   -0.362145  0.00354666
          82   -0.349874   -0.361995  0.00350633
          83   -0.325729   -0.361558  0.00349128
          84   -0.364994   -0.361599  0.00344971
          85   -0.375331   -0.361761  0.00341271
          86   -0.402373   -0.362233  0.00340569
          87   -0.428279   -0.362992  0.00345086
          88   -0.408044   -0.363504  0.00344962
          89   -0.441639   -0.364382  0.00352182
          90    -0.44456   -0.365273  0.00359461
          91   -0.427649   -0.365958  0.00362037
          92   -0.439221   -0.366755  0.00366828
          93   -0.393475   -0.367042  0.00363998
          94   -0.346471   -0.366823  0.00360769
          95   -0.352405   -0.366671  0.00357274
          96   -0.361914   -0.366622  0.00353567
          97   -0.376111    -0.36672   0.0035004
          98   -0.416049   -0.367223  0.00350088
          99   -0.405637   -0.367611  0.00348699
         100   -0.386772   -0.367803  0.00345726
