           1     1.76148     1.76148           0
           2     1.74269     1.75209  0.00939164
           3     1.74972      1.7513  0.00547941
           4     1.73503     1.74723  0.00561681
           5     1.75758      1.7493  0.00481828
           6     1.77533     1.75364  0.00585606
           7     1.75623     1.75401  0.00496312
           8     1.75851     1.75457  0.00433484
           9     1.76585     1.75582  0.00402297
          10     1.74381     1.75462  0.00379358
          11     1.74269     1.75354  0.00359873
          12     1.75815     1.75392  0.00330756
          13      1.7845     1.75627  0.00384579
          14     1.75634     1.75628  0.00356051
          15     1.76481     1.75685   0.0033631
          16     1.77023     1.75768  0.00325516
          17     1.74761     1.75709  0.00311463
          18     1.74707     1.75654   0.0029888
          19     1.72797     1.75503  0.00320201
          20     1.72013     1.75329  0.00350332
          21      1.7302     1.75219  0.00350896
          22     1.69374     1.74953  0.00427215
          23      1.6898     1.74693  0.00483816
          24     1.73884      1.7466  0.00464445
          25     1.72431      1.7457  0.00454313
          26      1.7558     1.74609  0.00438213
          27     1.78784     1.74764  0.00449125
          28     1.73131     1.74706  0.00436697
          29     1.71409     1.74592  0.00436434
          30     1.73019      1.7454  0.00424882
          31     1.73223     1.74497  0.00413137
          32     1.74499     1.74497  0.00400018
          33     1.79071     1.74636  0.00411735
          34     1.74458      1.7463  0.00399476
          35     1.73124     1.74587  0.00390276
          36     1.74029     1.74572  0.00379598
          37     1.72323     1.74511  0.00374166
          38      1.7134     1.74428  0.00373625
          39     1.70672     1.74331  0.00376446
          40     1.69436     1.74209  0.00386787
          41     1.72358     1.74164  0.00379928
          42     1.74582     1.74174  0.00370905
          43     1.71591     1.74114  0.00367122
          44     1.71146     1.74046  0.00364969
          45      1.6927      1.7394  0.00372219
          46     1.70577     1.73867  0.00371306
          47     1.69433     1.73773  0.00375369
          48     1.65145     1.73593  0.00409074
          49      1.6342     1.73385  0.00451239
          50     1.68052     1.73279  0.00454805
          51     1.69193     1.73199  0.00452938
          52     1.72133     1.73178  0.00444615
          53     1.71613     1.73149  0.00437143
          54     1.74783     1.73179  0.00430038
          55     1.79649     1.73296   0.0043823
          56     1.77801     1.73377  0.00437787
          57     1.75438     1.73413  0.00431555
          58     1.72759     1.73402  0.00424199
          59     1.72679      1.7339  0.00417127
          60     1.76794     1.73446  0.00414023
          61     1.76186     1.73491  0.00409649
          62     1.75961     1.73531  0.00404952
          63     1.70184     1.73478  0.00401998
          64     1.73913     1.73485  0.00395725
          65     1.73163      1.7348  0.00389621
          66      1.7411     1.73489  0.00383792
          67     1.72412     1.73473  0.00378362
          68     1.72509     1.73459  0.00373026
          69     1.72368     1.73443  0.00367919
          70       1.734     1.73443  0.00362626
          71     1.72929     1.73435  0.00357555
          72     1.75284     1.73461  0.00353488
          73     1.72026     1.73441  0.00349165
          74       1.761     1.73477  0.00346283
          75     1.74634     1.73493  0.00341983
          76     1.71156     1.73462  0.00338851
          77     1.74177     1.73471   0.0033455
          78     1.80446     1.73561  0.00342126
          79     1.81827     1.73665  0.00353603
          80     1.79607      1.7374  0.00356966
          81     1.76796     1.73777  0.00354545
          82     1.72553     1.73762  0.00350513
          83     1.70135     1.73719  0.00349011
          84     1.74071     1.73723  0.00344857
          85     1.75106     1.73739  0.00341164
          86     1.77812     1.73787  0.00340483
          87     1.80397     1.73863  0.00345016
          88     1.78369     1.73914  0.00344895
          89     1.81732     1.74002  0.00352132
          90     1.82018     1.74091  0.00359411
          91     1.80323     1.74159  0.00361978
          92     1.81485     1.74239  0.00366771
          93     1.76917     1.74268  0.00363946
          94     1.72214     1.74246  0.00360716
          95     1.72807     1.74231  0.00357219
          96     1.73755     1.74226  0.00353514
          97     1.75178     1.74235  0.00349988
          98      1.7917     1.74286  0.00350038
          99     1.78128     1.74325  0.00348651
         100     1.76238     1.74344  0.00345677
