           1     1.37889     1.37889           0
           2     1.37897     1.37893  4.1053e-05
           3     1.37896     1.37894 2.53478e-05
           4     1.37896     1.37895 1.83323e-05
           5     1.37893     1.37894 1.47006e-05
           6      1.3789     1.37893 1.37487e-05
           7     1.37886     1.37892 1.61815e-05
           8     1.37891     1.37892 1.40939e-05
           9     1.37898     1.37893  1.3942e-05
          10     1.37897     1.37893 1.30461e-05
          11     1.37899     1.37894  1.3098e-05
          12       1.379     1.37894 1.31665e-05
          13     1.37897     1.37895 1.22745e-05
          14     1.37903     1.37895 1.28793e-05
          15     1.37901     1.37895 1.25136e-05
          16     1.37905     1.37896 1.30514e-05
          17     1.37905     1.37897 1.33347e-05
          18     1.37908     1.37897 1.40258e-05
          19     1.37907     1.37898 1.42653e-05
          20     1.37906     1.37898 1.41919e-05
          21     1.37904     1.37898 1.37897e-05
          22     1.37899     1.37898 1.31519e-05
          23      1.3789     1.37898 1.30527e-05
          24     1.37885     1.37898  1.3612e-05
          25     1.37893     1.37897 1.31794e-05
          26     1.37897     1.37897  1.2667e-05
          27     1.37896     1.37897 1.22029e-05
          28     1.37895     1.37897 1.17913e-05
          29     1.37892     1.37897 1.15364e-05
          30     1.37889     1.37897  1.1479e-05
          31      1.3789     1.37897 1.12909e-05
          32     1.37898     1.37897 1.09373e-05
          33     1.37899     1.37897 1.06369e-05
          34     1.37899     1.37897 1.03346e-05
          35       1.379     1.37897 1.00801e-05
          36     1.37909     1.37897 1.03572e-05
          37     1.37907     1.37897 1.04157e-05
          38     1.37903     1.37898 1.02291e-05
          39     1.37902     1.37898 1.00304e-05
          40     1.37895     1.37898 9.79534e-06
          41     1.37896     1.37898 9.56018e-06
          42     1.37903     1.37898 9.41433e-06
          43     1.37904     1.37898 9.31137e-06
          44     1.37903     1.37898 9.18152e-06
          45     1.37902     1.37898 9.01878e-06
          46     1.37904     1.37898 8.91605e-06
          47     1.37899     1.37898 8.72601e-06
          48     1.37903     1.37898 8.59739e-06
          49     1.37903     1.37898 8.46812e-06
          50       1.379     1.37898 8.30419e-06
          51     1.37895     1.37898 8.16917e-06
          52     1.37891     1.37898 8.12679e-06
          53      1.3789     1.37898 8.11888e-06
          54     1.37887     1.37898 8.24063e-06
          55     1.37886     1.37898  8.3499e-06
          56     1.37891     1.37898 8.29451e-06
          57     1.37892     1.37897 8.20188e-06
          58     1.37896     1.37897 8.06538e-06
          59       1.379     1.37897 7.94166e-06
          60     1.37903     1.37898 7.86201e-06
          61     1.37901     1.37898  7.7563e-06
          62     1.37896     1.37898 7.63246e-06
          63     1.37902     1.37898 7.54163e-06
          64     1.37903     1.37898 7.47226e-06
          65     1.37904     1.37898 7.41196e-06
          66     1.37903     1.37898  7.3472e-06
          67     1.37902     1.37898 7.26544e-06
          68     1.37902     1.37898 7.18121e-06
          69     1.37899     1.37898 7.07752e-06
          70       1.379     1.37898  6.9788e-06
          71       1.379     1.37898 6.88672e-06
          72     1.37896     1.37898 6.79961e-06
          73     1.37894     1.37898 6.73482e-06
          74     1.37886     1.37898 6.82989e-06
          75     1.37892     1.37898 6.78029e-06
          76     1.37899     1.37898 6.69131e-06
          77     1.37903     1.37898 6.63901e-06
          78     1.37905     1.37898  6.6148e-06
          79     1.37901     1.37898 6.54007e-06
          80     1.37893     1.37898 6.48654e-06
          81       1.379     1.37898 6.40952e-06
          82     1.37901     1.37898 6.34151e-06
          83     1.37897     1.37898   6.265e-06
          84     1.37907     1.37898 6.27312e-06
          85     1.37908     1.37898 6.31787e-06
          86     1.37909     1.37898 6.38008e-06
          87     1.37904     1.37898 6.33777e-06
          88     1.37899     1.37898 6.26651e-06
          89     1.37903     1.37898 6.22162e-06
          90     1.37898     1.37898 6.15295e-06
          91     1.37894     1.37898 6.10832e-06
          92     1.37898     1.37898 6.04171e-06
          93     1.37904     1.37898 6.00848e-06
          94     1.37902     1.37898 5.95894e-06
          95     1.37902     1.37899 5.90792e-06
          96     1.37898     1.37899 5.84611e-06
          97     1.37902     1.37899 5.79586e-06
          98       1.379     1.37899 5.73778e-06
          99     1.37899     1.37899 5.67993e-06
         100     1.37896     1.37899 5.62779e-06
