           1    0.048774    0.048774           0
           2   0.0516052   0.0501896  0.00141559
           3   0.0515979    0.050659 0.000942514
           4   0.0521901   0.0510418 0.000768552
           5   0.0524378    0.051321  0.00065754
           6   0.0492274   0.0509721 0.000640305
           7   0.0498769   0.0508156 0.000563318
           8   0.0491517   0.0506076 0.000530336
           9   0.0498582   0.0505243 0.000475066
          10   0.0470397   0.0501759 0.000549522
          11   0.0499452   0.0501549 0.000497504
          12    0.050182   0.0501572 0.000454162
          13   0.0565695   0.0506504 0.000646399
          14   0.0488145   0.0505193 0.000612648
          15   0.0505724   0.0505228 0.000570355
          16   0.0532224   0.0506916 0.000559563
          17   0.0515949   0.0507447 0.000528297
          18   0.0483793   0.0506133 0.000515126
          19   0.0497425   0.0505675 0.000489411
          20   0.0464122   0.0503597 0.000508661
          21   0.0510995   0.0503949 0.000485114
          22   0.0473657   0.0502572 0.000482597
          23   0.0488075   0.0501942 0.000465425
          24   0.0548168   0.0503868 0.000485456
          25   0.0505578   0.0503936 0.000465683
          26   0.0486956   0.0503283 0.000452155
          27   0.0492718   0.0502892 0.000436843
          28   0.0453052   0.0501112 0.000457039
          29    0.045882   0.0499654 0.000464485
          30   0.0470082   0.0498668 0.000459434
          31   0.0494351   0.0498529 0.000444585
          32   0.0474569    0.049778 0.000436931
          33   0.0554892   0.0499511 0.000457483
          34   0.0512366   0.0499889 0.000445431
          35   0.0497651   0.0499825 0.000432565
          36   0.0524962   0.0500523 0.000426137
          37   0.0511911   0.0500831 0.000415601
          38   0.0484369   0.0500398 0.000406829
          39   0.0489849   0.0500127 0.000397183
          40   0.0494717   0.0499992 0.000387362
          41   0.0507596   0.0500177 0.000378251
          42    0.051103   0.0500436 0.000370038
          43   0.0476579   0.0499881 0.000365565
          44   0.0562587   0.0501306 0.000384543
          45   0.0499001   0.0501255 0.000375935
          46   0.0548595   0.0502284 0.000381803
          47   0.0515575   0.0502567  0.00037466
          48   0.0488143   0.0502266 0.000368001
          49   0.0504152   0.0502305 0.000360433
          50   0.0565222   0.0503563   0.0003749
          51   0.0523251   0.0503949 0.000369497
          52   0.0502063   0.0503913  0.00036234
          53   0.0506174   0.0503956 0.000355463
          54   0.0460251   0.0503146 0.000358085
          55   0.0502505   0.0503135 0.000351516
          56   0.0483585   0.0502785 0.000346942
          57    0.049826   0.0502706 0.000340894
          58   0.0503666   0.0502723 0.000334969
          59   0.0481438   0.0502362 0.000331213
          60    0.050149   0.0502347 0.000325649
          61   0.0563954   0.0503357 0.000335813
          62   0.0510912   0.0503479 0.000330577
          63     0.04735   0.0503003  0.00032875
          64    0.049884   0.0502938 0.000323638
          65   0.0522301   0.0503236 0.000320009
          66   0.0489339   0.0503026 0.000315826
          67   0.0465995   0.0502473 0.000315948
          68   0.0510064   0.0502584 0.000311468
          69   0.0524748   0.0502906 0.000308597
          70   0.0473009   0.0502479  0.00030714
          71   0.0479609   0.0502156 0.000304492
          72   0.0458231   0.0501546 0.000306369
          73   0.0466946   0.0501072 0.000305838
          74   0.0531881   0.0501489 0.000304536
          75   0.0481973   0.0501229 0.000301573
          76   0.0496492   0.0501166 0.000297643
          77   0.0507039   0.0501242 0.000293851
          78   0.0483412   0.0501014 0.000290959
          79   0.0468408   0.0500601 0.000290202
          80    0.049602   0.0500544 0.000286609
          81   0.0441563   0.0499816 0.000292265
          82   0.0516857   0.0500024 0.000289426
          83   0.0509584   0.0500139 0.000286149
          84   0.0533228   0.0500533 0.000285453
          85   0.0521509   0.0500779 0.000283153
          86   0.0457151   0.0500272 0.000284402
          87   0.0505495   0.0500332 0.000281178
          88    0.048294   0.0500135 0.000278666
          89   0.0493493    0.050006 0.000275618
          90   0.0505571   0.0500121 0.000272608
          91   0.0481723   0.0499919 0.000270352
          92    0.050728   0.0499999 0.000267517
          93   0.0492448   0.0499918 0.000264749
          94    0.048196   0.0499727 0.000262614
          95    0.049832   0.0499712 0.000259839
          96   0.0490692   0.0499618  0.00025729
          97   0.0479079   0.0499406 0.000255502
          98   0.0538907   0.0499809 0.000256074
          99   0.0480817   0.0499617 0.000254199
         100   0.0466391   0.0499285 0.000253828
