           0           0           0
    0.064633           0           0
    0.129266           0           0
    0.193899           0           0
    0.258532           0           0
    0.323165           0           0
    0.387798           0           0
    0.452431           0           0
    0.517064           0           0
    0.581697           0           0
     0.64633           0           0
    0.710963           0           0
    0.775596           0           0
     0.84023           0           0
    0.904863    0.166075    0.036958
    0.969496     1.53217     0.10018
     1.03413     2.41568    0.107018
     1.09876     2.42313    0.114106
     1.16339     2.29161    0.102177
     1.22803     1.90192   0.0779637
     1.29266     1.95293   0.0878361
     1.35729     1.77867   0.0708009
     1.42193     1.54649   0.0622014
     1.48656     1.60479   0.0553121
     1.55119     1.42556   0.0546242
     1.61583     1.49724   0.0617387
     1.68046      1.3553   0.0537838
     1.74509     1.38554    0.049687
     1.80973      1.3832   0.0399487
     1.87436     1.39638   0.0477975
     1.93899     1.27503   0.0477625
     2.00362     1.33617   0.0474877
     2.06826     1.37096   0.0431456
     2.13289     1.32924   0.0426487
     2.19752     1.34134   0.0429395
     2.26216     1.33267   0.0380159
     2.32679     1.36661   0.0400551
     2.39142     1.35369   0.0361721
     2.45606     1.34517   0.0359479
     2.52069     1.35161    0.036634
     2.58532      1.2644   0.0391845
     2.64995     1.28448   0.0289015
     2.71459     1.31983   0.0329303
     2.77922     1.27215   0.0321041
     2.84385     1.30455   0.0294794
     2.90849     1.31533   0.0273882
     2.97312     1.28562   0.0300791
     3.03775     1.29398   0.0283306
     3.10239     1.30243   0.0265053
     3.16702     1.33053   0.0263889
     3.23165     1.28806   0.0269548
     3.29629     1.28681    0.024471
     3.36092     1.28526   0.0245988
     3.42555     1.35614   0.0249323
     3.49018     1.34309   0.0255998
     3.55482     1.29985   0.0241537
     3.61945     1.29255   0.0227582
     3.68408     1.36331   0.0254033
     3.74872     1.33156   0.0223548
     3.81335     1.33076   0.0212107
     3.87798     1.31775   0.0225786
     3.94262     1.34682   0.0204134
     4.00725     1.34244   0.0217221
     4.07188     1.32504   0.0221454
     4.13651     1.33325   0.0207292
     4.20115     1.31185   0.0205651
     4.26578     1.31219   0.0189534
     4.33041     1.32854   0.0235093
     4.39505     1.29159   0.0212283
     4.45968     1.29958   0.0202228
     4.52431     1.29138   0.0231493
     4.58895     1.30562   0.0191858
     4.65358     1.34046   0.0200026
     4.71821     1.30881   0.0195975
     4.78285     1.31954   0.0175529
     4.84748     1.34201   0.0192558
     4.91211     1.34695   0.0160737
     4.97674     1.26661   0.0169533
     5.04138     1.34461   0.0162087
     5.10601     1.32044   0.0182215
     5.17064      1.3121   0.0171559
     5.23528     1.32962   0.0159259
     5.29991     1.29223   0.0136544
     5.36454      1.2886   0.0147841
     5.42918     1.31047   0.0145419
     5.49381     1.32698    0.016294
     5.55844     1.31029    0.016283
     5.62307     1.33031   0.0151791
     5.68771     1.31417   0.0157194
     5.75234     1.32113   0.0155002
     5.81697     1.33137    0.015388
     5.88161     1.31755   0.0141474
     5.94624     1.30163    0.015903
     6.01087     1.32821   0.0153675
     6.07551     1.30889   0.0148738
     6.14014     1.29343   0.0143265
     6.20477     1.30506   0.0148714
      6.2694     1.31103   0.0150636
     6.33404     1.29205   0.0127764
     6.39867     1.31987   0.0138503
