1.79617
1.79215
1.78837
1.78504
1.78237
1.78042
1.77917
1.77845
1.77801
1.77759
1.77696
1.77603
1.77491
1.77393
1.77358
1.7744
1.77669
1.78044
1.78524
1.79047
1.79547
1.79971
1.80287
1.8048
1.80553
1.80516
1.8039
1.80198
1.79969
1.79732
1.79513
1.79328
1.79186
1.7908
1.78993
1.78904
1.78787
1.78622
1.78397
1.78107
1.77758
1.77365
1.76955
1.76559
1.76215
1.75955
1.75802
1.75767
1.75845
1.76017
1.76261
1.76551
1.76867
1.77188
1.77501
1.77797
1.78068
1.7831
1.7852
1.78698
1.78843
1.78955
1.79037
1.79087
1.79107
1.79099
1.79064
1.79003
1.78919
1.78813
1.78687
1.78545
1.78387
1.78217
1.7804
1.77859
1.77682
1.77517
1.77372
1.77254
1.7717
1.77122
1.77109
1.77124
1.77155
1.77188
1.77207
1.77197
1.77145
1.77042
1.76884
1.76675
1.76426
1.76155
1.75887
1.75647
1.75454
1.75319
1.75239
1.75199
