1.3518
1.35181
1.35181
1.3518
1.3518
1.35181
1.35181
1.35181
1.35181
1.35181
1.3518
1.3518
1.3518
1.3518
1.35179
1.35178
1.35179
1.35179
1.35179
1.35178
1.35177
1.35177
1.35177
1.35177
1.35177
1.35176
1.35176
1.35175
1.35175
1.35175
1.35175
1.35174
1.35174
1.35174
1.35174
1.35174
1.35174
1.35174
1.35174
1.35174
1.35174
1.35174
1.35174
1.35174
1.35174
1.35174
1.35174
1.35174
1.35174
1.35174
1.35174
1.35173
1.35173
1.35173
1.35174
1.35174
1.35175
1.35175
1.35174
1.35174
1.35173
1.35173
1.35173
1.35173
1.35173
1.35173
1.35174
1.35174
1.35174
1.35173
1.35173
1.35173
1.35173
1.35173
1.35173
1.35173
1.35174
1.35173
1.35172
1.35172
1.35172
1.35171
1.35171
1.35172
1.35173
1.35173
1.35173
1.35173
1.35173
1.35173
1.35173
1.35172
1.35173
1.35174
1.35173
1.35173
1.35173
1.35172
1.35172
1.35173
