-0.444363
-0.440342
-0.436559
-0.43324
-0.430562
-0.428614
-0.427354
-0.426633
-0.426198
-0.42578
-0.425159
-0.424231
-0.423105
-0.422129
-0.421795
-0.422621
-0.424908
-0.428648
-0.433454
-0.438696
-0.443703
-0.447942
-0.451096
-0.453034
-0.45376
-0.453397
-0.452141
-0.450228
-0.44794
-0.445576
-0.443373
-0.441537
-0.440117
-0.439062
-0.438198
-0.437295
-0.436122
-0.43448
-0.43223
-0.429328
-0.425835
-0.421914
-0.417806
-0.413853
-0.410412
-0.40781
-0.406287
-0.405937
-0.406704
-0.408426
-0.410872
-0.413781
-0.41693
-0.420144
-0.423275
-0.426231
-0.428933
-0.431351
-0.43346
-0.435239
-0.436697
-0.437822
-0.438636
-0.439137
-0.439342
-0.439264
-0.438899
-0.438289
-0.437448
-0.436396
-0.435145
-0.433717
-0.432137
-0.43044
-0.428664
-0.426862
-0.425089
-0.423441
-0.421994
-0.420821
-0.419984
-0.419515
-0.419378
-0.419518
-0.419819
-0.420147
-0.420343
-0.420245
-0.419726
-0.418694
-0.41711
-0.415028
-0.412527
-0.409808
-0.407139
-0.40474
-0.402815
-0.40147
-0.400669
-0.400261
