1.19744
1.19477
1.19224
1.19003
1.18824
1.18695
1.18611
1.18563
1.18534
1.18506
1.18464
1.18402
1.18327
1.18262
1.18239
1.18293
1.18446
1.18696
1.19016
1.19365
1.19698
1.19981
1.20191
1.2032
1.20368
1.20344
1.2026
1.20132
1.1998
1.19822
1.19675
1.19552
1.19457
1.19387
1.19329
1.19269
1.19191
1.19081
1.18931
1.18738
1.18505
1.18244
1.1797
1.17706
1.17477
1.17303
1.17202
1.17178
1.1723
1.17345
1.17507
1.17701
1.17911
1.18125
1.18334
1.18531
1.18712
1.18873
1.19013
1.19132
1.19228
1.19304
1.19358
1.19391
1.19405
1.19399
1.19376
1.19335
1.19279
1.19209
1.19125
1.1903
1.18925
1.18812
1.18693
1.18573
1.18455
1.18345
1.18248
1.18169
1.18113
1.18082
1.18073
1.18082
1.18103
1.18125
1.18138
1.18132
1.18097
1.18028
1.17923
1.17783
1.17617
1.17437
1.17258
1.17098
1.16969
1.1688
1.16826
1.16799
