-0.399995
-0.399716
-0.399321
-0.398813
-0.398339
-0.398105
-0.398348
-0.399221
-0.400729
-0.40275
-0.405054
-0.407391
-0.409529
-0.41129
-0.412598
-0.413446
-0.413854
-0.413896
-0.413625
-0.413146
-0.412534
-0.411852
-0.411159
-0.410511
-0.409921
-0.40939
-0.408914
-0.408484
-0.408041
-0.40754
-0.406905
-0.406025
-0.404823
-0.403232
-0.401207
-0.398777
-0.396051
-0.393289
-0.390845
-0.389142
-0.388604
-0.389536
-0.392025
-0.395908
-0.400793
-0.406148
-0.411376
-0.416012
-0.419693
-0.422203
-0.423495
-0.423722
-0.423144
-0.422144
-0.421161
-0.420601
-0.420783
-0.421769
-0.423419
-0.425364
-0.427129
-0.428257
-0.428385
-0.427315
-0.425013
-0.421618
-0.417424
-0.412835
-0.408332
-0.404362
-0.401288
-0.399309
-0.398462
-0.398607
-0.399483
-0.400796
-0.402252
-0.403656
-0.404835
-0.405787
-0.406542
-0.407225
-0.40799
-0.408988
-0.410347
-0.412109
-0.414274
-0.416753
-0.41938
-0.421996
-0.424436
-0.426506
-0.428122
-0.429199
-0.429724
-0.429703
-0.429212
-0.428319
-0.427148
-0.425825
