1.39975
1.39975
1.39973
1.39973
1.39972
1.39972
1.39972
1.39971
1.39971
1.3997
1.3997
1.39969
1.39969
1.39969
1.3997
1.3997
1.3997
1.39969
1.39969
1.39969
1.39969
1.39969
1.39969
1.39969
1.39968
1.39968
1.39969
1.39969
1.3997
1.3997
1.39969
1.39969
1.3997
1.39969
1.39969
1.39968
1.39968
1.39969
1.39969
1.39969
1.39969
1.39968
1.39968
1.39968
1.39968
1.39968
1.39969
1.39969
1.39968
1.39967
1.39968
1.39969
1.3997
1.39971
1.39971
1.39972
1.39971
1.39972
1.39971
1.3997
1.39969
1.39969
1.39969
1.39969
1.3997
1.3997
1.39971
1.39971
1.39971
1.39971
1.3997
1.39971
1.39971
1.39971
1.39972
1.39972
1.39972
1.3997
1.3997
1.39969
1.39969
1.3997
1.39971
1.39971
1.39971
1.39971
1.39971
1.39971
1.39972
1.39972
1.39971
1.39972
1.39972
1.39973
1.39972
1.39973
1.39972
1.39972
1.39972
1.39971
