1.79975
1.79946
1.79906
1.79854
1.79806
1.79783
1.79807
1.79894
1.80044
1.80245
1.80475
1.80709
1.80922
1.81098
1.8123
1.81315
1.81355
1.81358
1.81332
1.81284
1.81222
1.81154
1.81085
1.8102
1.8096
1.80907
1.80861
1.80818
1.80774
1.80724
1.80659
1.80572
1.80452
1.80293
1.80089
1.79845
1.79573
1.79297
1.79053
1.78883
1.78829
1.78922
1.7917
1.79559
1.80048
1.80583
1.81107
1.8157
1.81937
1.82187
1.82318
1.82341
1.82285
1.82185
1.82087
1.82032
1.82049
1.82149
1.82313
1.82507
1.82682
1.82795
1.82808
1.82701
1.82471
1.82132
1.81713
1.81255
1.80804
1.80407
1.80099
1.79902
1.79817
1.79832
1.7992
1.80051
1.80197
1.80335
1.80453
1.80547
1.80623
1.80693
1.8077
1.8087
1.81006
1.81182
1.81399
1.81646
1.8191
1.82172
1.82415
1.82623
1.82784
1.82892
1.82945
1.82943
1.82893
1.82804
1.82686
1.82554
