1.19983
1.19964
1.19937
1.19903
1.19871
1.19855
1.19871
1.19929
1.20029
1.20163
1.20317
1.20472
1.20614
1.20732
1.2082
1.20876
1.20903
1.20905
1.20888
1.20856
1.20815
1.20769
1.20724
1.2068
1.2064
1.20605
1.20574
1.20545
1.20516
1.20483
1.2044
1.20381
1.20301
1.20195
1.2006
1.19897
1.19716
1.19532
1.19369
1.19255
1.19219
1.19281
1.19447
1.19706
1.20032
1.20388
1.20738
1.21047
1.21291
1.21458
1.21545
1.21561
1.21523
1.21457
1.21391
1.21354
1.21366
1.21432
1.21542
1.21671
1.21788
1.21863
1.21872
1.21801
1.21647
1.21421
1.21142
1.20836
1.20536
1.20271
1.20066
1.19935
1.19878
1.19888
1.19947
1.20034
1.20131
1.20224
1.20302
1.20365
1.20416
1.20462
1.20513
1.2058
1.2067
1.20788
1.20933
1.21097
1.21273
1.21448
1.2161
1.21748
1.21856
1.21928
1.21963
1.21962
1.21929
1.21869
1.21791
1.21703
