1.37424
1.37424
1.37423
1.37424
1.37424
1.37425
1.37424
1.37425
1.37425
1.37425
1.37424
1.37424
1.37423
1.37424
1.37425
1.37426
1.37425
1.37425
1.37426
1.37426
1.37426
1.37426
1.37425
1.37426
1.37426
1.37425
1.37425
1.37426
1.37425
1.37425
1.37424
1.37423
1.37423
1.37423
1.37424
1.37425
1.37425
1.37424
1.37425
1.37425
1.37425
1.37426
1.37426
1.37426
1.37427
1.37428
1.37428
1.37428
1.37429
1.37429
1.37429
1.37428
1.37428
1.37428
1.37428
1.37428
1.37429
1.37429
1.37429
1.3743
1.37431
1.3743
1.3743
1.37431
1.37431
1.37432
1.37432
1.37433
1.37433
1.37432
1.37432
1.37433
1.37433
1.37432
1.37431
1.37431
1.37432
1.37432
1.37433
1.37433
1.37432
1.37432
1.37431
1.37431
1.37432
1.37431
1.37431
1.37432
1.37431
1.37432
1.37432
1.37431
1.37432
1.37431
1.37431
1.37431
1.3743
1.3743
1.3743
1.3743
