1.79875
1.79753
1.79652
1.79577
1.7953
1.7951
1.79512
1.79526
1.79538
1.7953
1.79481
1.79368
1.79173
1.7889
1.78536
1.78159
1.77838
1.77668
1.77726
1.78036
1.78561
1.79214
1.79898
1.8053
1.81061
1.81465
1.8174
1.81894
1.81939
1.81892
1.81773
1.816
1.81395
1.81174
1.80952
1.80736
1.80525
1.80315
1.80098
1.79867
1.79627
1.79393
1.79191
1.79058
1.79034
1.79152
1.79428
1.7986
1.80419
1.81056
1.81718
1.8235
1.82912
1.83376
1.8373
1.83969
1.84094
1.8411
1.84022
1.83839
1.83574
1.83252
1.82903
1.82566
1.82281
1.82079
1.81975
1.81968
1.8204
1.82175
1.82357
1.82576
1.82827
1.83098
1.83375
1.83634
1.83852
1.84007
1.8408
1.84056
1.83927
1.83688
1.83342
1.82897
1.82367
1.81769
1.81113
1.80394
1.7959
1.78681
1.77685
1.76693
1.75879
1.7546
1.75608
1.76353
1.77555
1.78967
1.80332
1.81461
