-0.424506
-0.423292
-0.422285
-0.421526
-0.421058
-0.420854
-0.420881
-0.421013
-0.421129
-0.421053
-0.420566
-0.419439
-0.417497
-0.414662
-0.411117
-0.407336
-0.404134
-0.402427
-0.402995
-0.4061
-0.411356
-0.41788
-0.424724
-0.431047
-0.436349
-0.440397
-0.443151
-0.444679
-0.445133
-0.444671
-0.443491
-0.441772
-0.439716
-0.437506
-0.435277
-0.43311
-0.431007
-0.42891
-0.426731
-0.424426
-0.422023
-0.419671
-0.417651
-0.416318
-0.416068
-0.417236
-0.420004
-0.424322
-0.4299
-0.436274
-0.44289
-0.449216
-0.45484
-0.459481
-0.463022
-0.465408
-0.466659
-0.466813
-0.465923
-0.464088
-0.461435
-0.458218
-0.454726
-0.451343
-0.448492
-0.446471
-0.445429
-0.44535
-0.446075
-0.447428
-0.449247
-0.451437
-0.453943
-0.456665
-0.459432
-0.462032
-0.464204
-0.465749
-0.46647
-0.466233
-0.46495
-0.462561
-0.459109
-0.454654
-0.449351
-0.443377
-0.436817
-0.429619
-0.421581
-0.412491
-0.402538
-0.392619
-0.38447
-0.38029
-0.381772
-0.389219
-0.40125
-0.415374
-0.429014
-0.440309
