1.19916
1.19836
1.19768
1.19718
1.19687
1.19674
1.19675
1.19684
1.19692
1.19687
1.19654
1.19578
1.19448
1.1926
1.19024
1.18773
1.18559
1.18445
1.18484
1.18691
1.19041
1.19476
1.19932
1.20354
1.20707
1.20977
1.2116
1.21262
1.21292
1.21261
1.21182
1.21067
1.2093
1.20783
1.20635
1.2049
1.2035
1.2021
1.20065
1.19912
1.19752
1.19595
1.1946
1.19372
1.19356
1.19434
1.19619
1.19907
1.20279
1.20704
1.21145
1.21567
1.21941
1.22251
1.22487
1.22646
1.2273
1.2274
1.22681
1.22559
1.22383
1.22168
1.21935
1.21711
1.2152
1.21386
1.21317
1.21312
1.2136
1.2145
1.21571
1.21718
1.21885
1.22066
1.2225
1.22423
1.22568
1.22671
1.2272
1.22704
1.22618
1.22459
1.22228
1.21931
1.21578
1.21179
1.20742
1.20262
1.19726
1.19121
1.18457
1.17795
1.17252
1.16974
1.17072
1.17568
1.1837
1.19312
1.20221
1.20974
