-0.448339
-0.453082
-0.455028
-0.454923
-0.453563
-0.451699
-0.449898
-0.44849
-0.447629
-0.447262
-0.447248
-0.447378
-0.447422
-0.447189
-0.44652
-0.445326
-0.443625
-0.441494
-0.43911
-0.436763
-0.434746
-0.433293
-0.43254
-0.432501
-0.433008
-0.433807
-0.434594
-0.435058
-0.434919
-0.433955
-0.432016
-0.429005
-0.425009
-0.42021
-0.415044
-0.410192
-0.406406
-0.404421
-0.404668
-0.407088
-0.41116
-0.416109
-0.421112
-0.425534
-0.428967
-0.431219
-0.432251
-0.432156
-0.431064
-0.429202
-0.426818
-0.424267
-0.421905
-0.420102
-0.419104
-0.419002
-0.419673
-0.420845
-0.422205
-0.42345
-0.424394
-0.424972
-0.425245
-0.425317
-0.425333
-0.425343
-0.42532
-0.425137
-0.424547
-0.42325
-0.421016
-0.417742
-0.413642
-0.409363
-0.405941
-0.404601
-0.406179
-0.410781
-0.417651
-0.425598
-0.433469
-0.440432
-0.446083
-0.450343
-0.4533
-0.455123
-0.456026
-0.456165
-0.455711
-0.454779
-0.453502
-0.451983
-0.45032
-0.448601
-0.446901
-0.445273
-0.443751
-0.442321
-0.440966
-0.439631
