1.3592
1.35921
1.35921
1.35921
1.35922
1.35922
1.35921
1.35921
1.3592
1.3592
1.3592
1.35919
1.35918
1.35918
1.35918
1.35919
1.35919
1.35919
1.3592
1.3592
1.35919
1.35919
1.3592
1.3592
1.35921
1.35921
1.35921
1.35921
1.35921
1.35921
1.3592
1.35921
1.3592
1.35921
1.35922
1.35922
1.35922
1.35922
1.35922
1.35921
1.35921
1.35921
1.35921
1.35921
1.35921
1.35922
1.35923
1.35922
1.35922
1.35921
1.35921
1.3592
1.3592
1.35919
1.35919
1.35918
1.35918
1.35919
1.35919
1.35918
1.35918
1.35917
1.35917
1.35918
1.35917
1.35917
1.35918
1.35918
1.35918
1.35919
1.35919
1.35919
1.35919
1.35919
1.35921
1.35921
1.35922
1.35921
1.35921
1.35921
1.3592
1.3592
1.3592
1.3592
1.3592
1.35921
1.35921
1.35922
1.35923
1.35924
1.35925
1.35925
1.35924
1.35924
1.35923
1.35923
1.35922
1.35923
1.35923
1.35923
