1.80754
1.81229
1.81424
1.81413
1.81278
1.81092
1.80911
1.8077
1.80683
1.80647
1.80645
1.80657
1.80661
1.80637
1.8057
1.80452
1.80282
1.80068
1.79831
1.79597
1.79394
1.79248
1.79174
1.7917
1.79221
1.79302
1.7938
1.79427
1.79413
1.79316
1.79122
1.78821
1.78421
1.77942
1.77427
1.76941
1.76562
1.76364
1.76388
1.7663
1.77037
1.77532
1.78032
1.78475
1.78818
1.79044
1.79148
1.79138
1.79029
1.78841
1.78603
1.78347
1.7811
1.7793
1.7783
1.77819
1.77885
1.78003
1.78139
1.78263
1.78357
1.78415
1.78441
1.78449
1.78451
1.78452
1.7845
1.78432
1.78372
1.78244
1.7802
1.77693
1.77283
1.76855
1.76515
1.76381
1.7654
1.76999
1.77686
1.78481
1.79267
1.79963
1.80528
1.80954
1.8125
1.81433
1.81524
1.81539
1.81494
1.81402
1.81275
1.81123
1.80956
1.80784
1.80613
1.8045
1.80298
1.80155
1.8002
1.79886
