1.20503
1.20819
1.20949
1.20942
1.20852
1.20728
1.20607
1.20513
1.20455
1.20431
1.2043
1.20438
1.2044
1.20425
1.2038
1.20301
1.20188
1.20046
1.19887
1.19731
1.19596
1.19499
1.19449
1.19447
1.19481
1.19534
1.19587
1.19618
1.19608
1.19544
1.19414
1.19214
1.18947
1.18628
1.18284
1.17961
1.17708
1.17576
1.17592
1.17753
1.18025
1.18354
1.18688
1.18983
1.19212
1.19362
1.19432
1.19425
1.19353
1.19227
1.19068
1.18898
1.1874
1.1862
1.18553
1.18546
1.1859
1.18669
1.18759
1.18842
1.18905
1.18943
1.18961
1.18966
1.18967
1.18968
1.18967
1.18954
1.18915
1.18829
1.1868
1.18462
1.18189
1.17903
1.17676
1.17587
1.17693
1.17999
1.18457
1.18987
1.19511
1.19975
1.20352
1.20636
1.20833
1.20955
1.21016
1.21026
1.20996
1.20935
1.2085
1.20749
1.20638
1.20522
1.20409
1.203
1.20198
1.20103
1.20013
1.19924
