1.36043
1.36041
1.36041
1.36041
1.3604
1.36041
1.3604
1.3604
1.36041
1.3604
1.3604
1.3604
1.36041
1.36041
1.36041
1.36041
1.36041
1.36041
1.36042
1.36042
1.36042
1.36041
1.36041
1.36041
1.36041
1.36041
1.3604
1.3604
1.36039
1.36038
1.36037
1.36037
1.36038
1.36038
1.36038
1.36038
1.36039
1.36039
1.3604
1.3604
1.3604
1.3604
1.3604
1.3604
1.3604
1.3604
1.3604
1.36041
1.3604
1.36041
1.36041
1.36042
1.36042
1.36041
1.36041
1.36041
1.36042
1.3604
1.3604
1.3604
1.3604
1.36041
1.3604
1.3604
1.36039
1.36039
1.36039
1.36038
1.36038
1.36037
1.36038
1.36038
1.36038
1.36038
1.36038
1.36038
1.36038
1.36038
1.36038
1.36038
1.36039
1.36038
1.36038
1.36038
1.36039
1.36038
1.36038
1.36038
1.36038
1.36038
1.36037
1.36037
1.36037
1.36037
1.36037
1.36036
1.36036
1.36036
1.36036
1.36036
