1.79871
1.79731
1.79587
1.79441
1.79299
1.79161
1.79022
1.78867
1.78675
1.78416
1.78061
1.77591
1.77
1.76309
1.75563
1.74835
1.7421
1.73767
1.73559
1.73607
1.73897
1.74397
1.7506
1.75831
1.76651
1.77463
1.7822
1.78888
1.7945
1.79905
1.80259
1.80524
1.80714
1.80842
1.80923
1.80966
1.8098
1.80971
1.80945
1.80903
1.80845
1.80768
1.80668
1.80538
1.80368
1.80146
1.79861
1.79497
1.79042
1.78485
1.77822
1.7706
1.76217
1.75328
1.74443
1.7362
1.72913
1.72363
1.7199
1.71794
1.71761
1.71869
1.721
1.72446
1.72907
1.73484
1.74164
1.74909
1.75664
1.76363
1.76958
1.77417
1.77732
1.77914
1.77982
1.77962
1.77881
1.77765
1.77636
1.77514
1.77414
1.77347
1.77317
1.77326
1.7737
1.7744
1.77526
1.77618
1.77704
1.77774
1.77822
1.7784
1.77827
1.7778
1.777
1.77588
1.77446
1.77279
1.77094
1.76899
