-0.438287
-0.436898
-0.435459
-0.434002
-0.432585
-0.431202
-0.429821
-0.428271
-0.426342
-0.423752
-0.420211
-0.41551
-0.409599
-0.402675
-0.395224
-0.387937
-0.38169
-0.377257
-0.375175
-0.375647
-0.378553
-0.383561
-0.390191
-0.397906
-0.406108
-0.414222
-0.421795
-0.428472
-0.434115
-0.438672
-0.442222
-0.444866
-0.446761
-0.448046
-0.448845
-0.449274
-0.449409
-0.449323
-0.44905
-0.448628
-0.448046
-0.447282
-0.446282
-0.444979
-0.443274
-0.441062
-0.438202
-0.434554
-0.430012
-0.42444
-0.417812
-0.410184
-0.401748
-0.392863
-0.384015
-0.375784
-0.368714
-0.36323
-0.359504
-0.357542
-0.357208
-0.358281
-0.360602
-0.364064
-0.368681
-0.374454
-0.381249
-0.388713
-0.396258
-0.40326
-0.4092
-0.413786
-0.416945
-0.418756
-0.419442
-0.419243
-0.418434
-0.41727
-0.415981
-0.414756
-0.413755
-0.413088
-0.412796
-0.412884
-0.413306
-0.414015
-0.414878
-0.415802
-0.416661
-0.417362
-0.417845
-0.418033
-0.417901
-0.417431
-0.416629
-0.415512
-0.414098
-0.41243
-0.410578
-0.40863
