1.19914
1.19821
1.19724
1.19627
1.19533
1.19441
1.19348
1.19245
1.19117
1.18944
1.18707
1.18394
1.18
1.17539
1.17042
1.16557
1.1614
1.15844
1.15706
1.15738
1.15932
1.16265
1.16707
1.17221
1.17768
1.18309
1.18813
1.19258
1.19634
1.19937
1.20173
1.20349
1.20476
1.20562
1.20615
1.20644
1.20653
1.20648
1.2063
1.20602
1.20563
1.20512
1.20445
1.20359
1.20245
1.20098
1.19907
1.19664
1.19361
1.1899
1.18548
1.1804
1.17478
1.16885
1.16295
1.15747
1.15275
1.14909
1.1466
1.1453
1.14507
1.14579
1.14734
1.14964
1.15271
1.15656
1.16109
1.16606
1.17109
1.17576
1.17972
1.18278
1.18488
1.18609
1.18655
1.18641
1.18587
1.1851
1.18424
1.18343
1.18276
1.18231
1.18211
1.18218
1.18246
1.18293
1.18351
1.18412
1.18469
1.18516
1.18548
1.1856
1.18551
1.1852
1.18466
1.18392
1.18297
1.18186
1.18062
1.17933
