-0.406737
-0.405054
-0.403789
-0.403067
-0.402956
-0.403405
-0.404237
-0.405179
-0.405973
-0.406413
-0.406415
-0.406009
-0.40531
-0.40454
-0.403917
-0.403617
-0.403759
-0.404335
-0.405264
-0.40637
-0.407481
-0.408471
-0.409286
-0.409921
-0.41042
-0.41088
-0.411354
-0.411892
-0.412515
-0.413165
-0.413791
-0.41432
-0.414681
-0.414827
-0.414719
-0.414332
-0.413706
-0.412851
-0.411788
-0.410567
-0.409192
-0.407693
-0.406076
-0.404345
-0.402446
-0.400348
-0.397987
-0.395335
-0.392336
-0.389026
-0.385489
-0.38187
-0.378403
-0.375414
-0.373253
-0.372269
-0.372676
-0.374495
-0.377516
-0.381351
-0.385515
-0.389572
-0.393182
-0.396134
-0.39836
-0.399896
-0.400803
-0.401226
-0.401304
-0.401182
-0.400995
-0.400869
-0.400921
-0.401223
-0.401798
-0.402629
-0.403645
-0.404721
-0.405651
-0.40616
-0.405935
-0.40454
-0.401493
-0.396242
-0.388289
-0.377414
-0.364026
-0.349703
-0.337214
-0.329768
-0.329373
-0.335545
-0.345757
-0.357069
-0.367439
-0.375932
-0.382474
-0.387335
-0.39083
-0.393246
