1.7982
1.79652
1.79525
1.79452
1.79441
1.79486
1.79568
1.79662
1.79742
1.79787
1.79787
1.79746
1.79676
1.79599
1.79535
1.79505
1.79519
1.79577
1.79669
1.7978
1.79892
1.79992
1.80073
1.80136
1.80187
1.80232
1.8028
1.80335
1.80396
1.80462
1.80524
1.80576
1.80612
1.80626
1.80615
1.80577
1.80515
1.80429
1.80323
1.80199
1.80062
1.79912
1.79751
1.79577
1.79388
1.79177
1.78942
1.78675
1.78376
1.78045
1.77691
1.77329
1.76982
1.76683
1.76467
1.76368
1.76409
1.76591
1.76893
1.77276
1.77693
1.78098
1.78459
1.78754
1.78976
1.79129
1.7922
1.79262
1.7927
1.79257
1.79239
1.79227
1.79233
1.79263
1.7932
1.79404
1.79505
1.79612
1.79705
1.79757
1.79734
1.79594
1.79289
1.78764
1.77968
1.7688
1.75543
1.7411
1.72861
1.72116
1.72077
1.72694
1.73716
1.74848
1.75884
1.76733
1.77387
1.77873
1.78223
1.78463
