1.39147
1.39147
1.39146
1.39146
1.39146
1.39146
1.39145
1.39145
1.39145
1.39146
1.39146
1.39145
1.39145
1.39145
1.39144
1.39144
1.39143
1.39143
1.39143
1.39143
1.39144
1.39145
1.39145
1.39144
1.39145
1.39144
1.39144
1.39145
1.39145
1.39145
1.39145
1.39144
1.39144
1.39143
1.39143
1.39144
1.39144
1.39144
1.39144
1.39142
1.39142
1.39143
1.39143
1.39143
1.39143
1.39143
1.39143
1.39142
1.39142
1.39143
1.39142
1.39142
1.39142
1.39141
1.39142
1.39141
1.39141
1.39141
1.39142
1.39141
1.39142
1.39141
1.3914
1.3914
1.3914
1.39139
1.3914
1.3914
1.39139
1.39139
1.39139
1.3914
1.39141
1.3914
1.3914
1.39141
1.39141
1.3914
1.3914
1.39141
1.3914
1.3914
1.3914
1.39139
1.39139
1.39139
1.3914
1.3914
1.3914
1.3914
1.39139
1.39139
1.3914
1.39141
1.3914
1.3914
1.3914
1.39139
1.3914
1.39138
