1.1988
1.19768
1.19683
1.19635
1.19628
1.19657
1.19712
1.19775
1.19828
1.19858
1.19858
1.19831
1.19784
1.19732
1.1969
1.1967
1.19679
1.19718
1.19779
1.19853
1.19928
1.19995
1.20049
1.20091
1.20124
1.20155
1.20187
1.20223
1.20264
1.20308
1.20349
1.20384
1.20408
1.20417
1.2041
1.20385
1.20343
1.20286
1.20215
1.20133
1.20041
1.19941
1.19834
1.19718
1.19592
1.19452
1.19294
1.19117
1.18917
1.18697
1.18461
1.18219
1.17988
1.17789
1.17645
1.17579
1.17606
1.17727
1.17929
1.18184
1.18462
1.18732
1.18972
1.19169
1.19318
1.19419
1.1948
1.19508
1.19513
1.19505
1.19493
1.19485
1.19488
1.19508
1.19547
1.19602
1.1967
1.19742
1.19803
1.19838
1.19822
1.19729
1.19526
1.19176
1.18646
1.1792
1.17029
1.16074
1.15241
1.14744
1.14718
1.15129
1.15811
1.16565
1.17256
1.17822
1.18258
1.18582
1.18815
1.18975
