1.40667
1.40667
1.40666
1.40667
1.40667
1.40667
1.40667
1.40666
1.40666
1.40667
1.40668
1.40667
1.40667
1.40668
1.40667
1.40667
1.40666
1.40666
1.40664
1.40664
1.40664
1.40665
1.40665
1.40664
1.40664
1.40664
1.40665
1.40665
1.40663
1.40662
1.40663
1.40663
1.40663
1.40662
1.40663
1.40664
1.40664
1.40665
1.40664
1.40665
1.40666
1.40666
1.40666
1.40666
1.40665
1.40664
1.40664
1.40664
1.40663
1.40662
1.40663
1.40663
1.40663
1.40663
1.40664
1.40664
1.40664
1.40664
1.40664
1.40664
1.40665
1.40664
1.40663
1.40663
1.40662
1.40663
1.40661
1.40661
1.40661
1.40661
1.40662
1.40661
1.40661
1.40661
1.40661
1.40661
1.40661
1.4066
1.40662
1.40661
1.40661
1.40662
1.40662
1.40661
1.40661
1.40661
1.40661
1.40662
1.40662
1.40662
1.40662
1.40661
1.4066
1.40659
1.4066
1.4066
1.40659
1.4066
1.4066
1.40659
