-0.394688
-0.395233
-0.3949
-0.393681
-0.391615
-0.38879
-0.385355
-0.381539
-0.377643
-0.374015
-0.371
-0.368889
-0.367844
-0.367978
-0.369316
-0.371781
-0.37524
-0.379447
-0.384118
-0.388901
-0.393524
-0.397753
-0.401474
-0.404602
-0.407068
-0.408873
-0.410026
-0.410564
-0.410584
-0.41019
-0.409562
-0.408919
-0.408443
-0.408244
-0.4083
-0.408502
-0.408631
-0.408386
-0.407448
-0.405502
-0.402322
-0.397786
-0.391951
-0.385127
-0.377924
-0.371213
-0.365982
-0.363036
-0.362733
-0.364774
-0.368359
-0.372521
-0.376375
-0.379307
-0.380997
-0.381348
-0.380326
-0.378002
-0.374496
-0.370019
-0.364898
-0.359574
-0.354485
-0.349993
-0.346248
-0.343192
-0.340747
-0.338837
-0.337592
-0.337272
-0.338117
-0.340328
-0.343902
-0.348681
-0.354409
-0.360734
-0.367277
-0.37367
-0.37957
-0.384746
-0.389007
-0.392267
-0.394526
-0.395853
-0.396347
-0.396156
-0.395443
-0.394376
-0.393129
-0.391855
-0.390684
-0.389732
-0.389059
-0.388698
-0.388624
-0.388822
-0.389222
-0.389743
-0.390315
-0.390858
