1.80135
1.8019
1.80156
1.80035
1.79829
1.79546
1.79202
1.7882
1.78431
1.78069
1.77768
1.77556
1.77452
1.77465
1.77599
1.77845
1.7819
1.78611
1.79076
1.79554
1.80016
1.80441
1.80813
1.81124
1.81371
1.81552
1.81667
1.81721
1.81721
1.81681
1.81619
1.81555
1.81507
1.81487
1.81493
1.81514
1.81527
1.81503
1.81409
1.81216
1.80898
1.80445
1.79861
1.79179
1.78457
1.77786
1.77262
1.76968
1.76936
1.7714
1.77499
1.77915
1.783
1.78594
1.78764
1.78799
1.78697
1.78464
1.78114
1.77666
1.77155
1.76621
1.76112
1.75662
1.75287
1.74982
1.74736
1.74545
1.74421
1.74388
1.74474
1.74694
1.75051
1.75529
1.76102
1.76734
1.77388
1.78027
1.78619
1.79136
1.79562
1.79888
1.80115
1.80247
1.80296
1.80277
1.80206
1.80099
1.79975
1.79847
1.7973
1.79634
1.79566
1.79529
1.79522
1.79542
1.79582
1.79634
1.79691
1.79745
