1.2009
1.20127
1.20104
1.20023
1.19886
1.19697
1.19468
1.19213
1.18954
1.18712
1.18512
1.1837
1.18301
1.1831
1.18399
1.18564
1.18794
1.19074
1.19384
1.19703
1.20011
1.20294
1.20542
1.20749
1.20914
1.21034
1.21111
1.21147
1.21148
1.21121
1.2108
1.21037
1.21005
1.20991
1.20995
1.21009
1.21018
1.21002
1.2094
1.2081
1.20599
1.20297
1.19908
1.19452
1.18972
1.18524
1.18175
1.17978
1.17958
1.18093
1.18333
1.1861
1.18867
1.19063
1.19176
1.19199
1.19131
1.18976
1.18743
1.18444
1.18103
1.17747
1.17408
1.17108
1.16858
1.16655
1.1649
1.16363
1.1628
1.16259
1.16316
1.16463
1.16701
1.1702
1.17401
1.17823
1.18259
1.18685
1.19079
1.19424
1.19708
1.19926
1.20076
1.20164
1.20197
1.20185
1.20137
1.20066
1.19983
1.19898
1.1982
1.19756
1.19711
1.19686
1.19682
1.19695
1.19721
1.19756
1.19794
1.1983
