-0.391277
-0.391531
-0.391556
-0.391305
-0.390741
-0.389819
-0.388528
-0.386862
-0.384866
-0.382587
-0.380082
-0.377459
-0.374855
-0.372376
-0.370141
-0.368223
-0.366704
-0.365598
-0.36493
-0.364693
-0.364888
-0.365465
-0.366386
-0.36761
-0.369047
-0.370604
-0.372219
-0.373813
-0.37533
-0.376774
-0.378147
-0.379481
-0.380817
-0.382201
-0.38364
-0.385139
-0.386689
-0.388249
-0.389785
-0.391255
-0.392639
-0.393909
-0.395055
-0.396053
-0.396899
-0.397589
-0.39808
-0.39837
-0.398426
-0.398228
-0.397759
-0.397039
-0.396108
-0.395033
-0.393929
-0.392914
-0.392172
-0.391848
-0.392079
-0.392933
-0.394432
-0.396509
-0.399057
-0.401912
-0.40492
-0.407907
-0.410765
-0.413368
-0.415658
-0.417558
-0.419033
-0.420001
-0.420359
-0.419946
-0.418496
-0.415684
-0.411116
-0.404409
-0.395249
-0.383646
-0.370141
-0.356036
-0.343536
-0.335471
-0.334346
-0.341057
-0.35415
-0.37048
-0.386713
-0.400566
-0.411069
-0.418141
-0.422198
-0.423754
-0.423308
-0.421271
-0.418031
-0.413986
-0.409662
-0.405707
