1.40912
1.40912
1.40913
1.40913
1.40912
1.40912
1.40912
1.40913
1.40913
1.40912
1.40912
1.40913
1.40913
1.40914
1.40913
1.40913
1.40912
1.40912
1.40912
1.40912
1.40911
1.40911
1.40911
1.4091
1.40909
1.4091
1.40909
1.40909
1.4091
1.40909
1.40909
1.40909
1.40909
1.40908
1.40908
1.40909
1.40909
1.40909
1.40908
1.40909
1.40908
1.40908
1.40908
1.40908
1.40908
1.40907
1.40908
1.40907
1.40907
1.40907
1.40908
1.40908
1.40908
1.40908
1.40907
1.40908
1.40908
1.40908
1.40907
1.40908
1.40907
1.40908
1.40907
1.40908
1.40907
1.40908
1.40906
1.40906
1.40905
1.40905
1.40905
1.40905
1.40905
1.40903
1.40902
1.40902
1.40902
1.40901
1.40901
1.40901
1.40901
1.40901
1.40902
1.40902
1.40901
1.40901
1.40902
1.40901
1.40901
1.40902
1.40902
1.40903
1.40903
1.40903
1.40903
1.40904
1.40903
1.40904
1.40904
1.40904
