1.8004
1.80065
1.80068
1.80043
1.79986
1.79894
1.79765
1.79599
1.79399
1.7917
1.7892
1.78659
1.78399
1.78151
1.77927
1.77736
1.77583
1.77472
1.77405
1.77382
1.774
1.77457
1.7755
1.77671
1.77814
1.7797
1.78131
1.7829
1.78443
1.78587
1.78724
1.78857
1.7899
1.79128
1.79272
1.79423
1.79578
1.79733
1.79887
1.80034
1.80172
1.80299
1.80413
1.80513
1.80598
1.80666
1.80716
1.80744
1.8075
1.8073
1.80684
1.80612
1.80519
1.80411
1.803
1.802
1.80125
1.80093
1.80115
1.80201
1.80351
1.80559
1.80813
1.81099
1.81399
1.81698
1.81983
1.82243
1.82471
1.82661
1.82808
1.82905
1.8294
1.82898
1.82752
1.8247
1.82013
1.81342
1.80426
1.79266
1.77915
1.76505
1.75255
1.74449
1.74336
1.75007
1.76317
1.77949
1.79573
1.80959
1.82009
1.82717
1.83123
1.83279
1.83234
1.83031
1.82706
1.82302
1.8187
1.81475
