1.20027
1.20044
1.20045
1.20029
1.19991
1.19929
1.19843
1.19733
1.196
1.19447
1.1928
1.19106
1.18933
1.18767
1.18618
1.1849
1.18389
1.18315
1.1827
1.18254
1.18267
1.18305
1.18366
1.18447
1.18543
1.18647
1.18754
1.1886
1.18962
1.19058
1.19149
1.19238
1.19327
1.19419
1.19515
1.19615
1.19718
1.19822
1.19925
1.20023
1.20115
1.20199
1.20276
1.20342
1.20399
1.20444
1.20477
1.20496
1.205
1.20487
1.20456
1.20408
1.20346
1.20274
1.202
1.20133
1.20083
1.20062
1.20077
1.20134
1.20234
1.20372
1.20542
1.20733
1.20933
1.21132
1.21322
1.21495
1.21647
1.21774
1.21872
1.21937
1.2196
1.21932
1.21835
1.21647
1.21342
1.20894
1.20284
1.19511
1.1861
1.1767
1.16837
1.16299
1.16224
1.16671
1.17545
1.18633
1.19715
1.20639
1.21339
1.21811
1.22082
1.22186
1.22156
1.22021
1.21804
1.21535
1.21247
1.20983
