1.79731
1.79612
1.79686
1.79932
1.80288
1.80678
1.81027
1.81283
1.8142
1.81433
1.81336
1.81155
1.80923
1.80677
1.80454
1.80289
1.80209
1.80235
1.80373
1.80621
1.8096
1.81363
1.81796
1.82226
1.8262
1.82955
1.83212
1.8338
1.8345
1.83419
1.83281
1.83033
1.82669
1.82181
1.81563
1.8081
1.7993
1.78952
1.77941
1.77002
1.76269
1.75852
1.75792
1.76039
1.76478
1.7698
1.77446
1.77814
1.78056
1.78169
1.78169
1.78089
1.77975
1.77878
1.77837
1.77869
1.77969
1.78112
1.7827
1.78417
1.78539
1.7863
1.78692
1.7873
1.7875
1.7876
1.78771
1.78792
1.78834
1.78904
1.79008
1.79148
1.79322
1.79522
1.79742
1.7997
1.80196
1.80409
1.80601
1.80763
1.80888
1.80969
1.80998
1.8097
1.80874
1.80705
1.80458
1.80132
1.79739
1.793
1.78854
1.78456
1.78165
1.78037
1.78104
1.78359
1.78761
1.79237
1.79707
1.80095
