-0.40284
-0.401655
-0.402388
-0.404837
-0.4084
-0.412291
-0.415776
-0.41835
-0.419714
-0.419845
-0.418881
-0.417075
-0.414751
-0.412284
-0.410061
-0.40841
-0.40761
-0.407868
-0.409258
-0.411725
-0.415109
-0.419139
-0.423469
-0.427761
-0.431712
-0.435055
-0.437627
-0.439302
-0.439995
-0.43967
-0.438293
-0.435805
-0.432154
-0.42727
-0.421086
-0.413561
-0.404756
-0.394967
-0.384858
-0.375477
-0.368137
-0.363957
-0.363354
-0.365833
-0.370224
-0.375253
-0.379914
-0.383584
-0.386004
-0.387136
-0.387132
-0.386339
-0.385204
-0.384236
-0.383814
-0.384133
-0.385125
-0.386555
-0.388127
-0.389591
-0.390812
-0.391734
-0.392347
-0.392723
-0.392918
-0.393024
-0.393122
-0.393344
-0.393763
-0.394466
-0.395507
-0.396904
-0.39864
-0.400641
-0.402834
-0.405117
-0.407372
-0.409502
-0.411424
-0.413053
-0.414305
-0.415113
-0.415413
-0.41512
-0.414166
-0.412474
-0.41
-0.406752
-0.40282
-0.39843
-0.393971
-0.389986
-0.387082
-0.385808
-0.386476
-0.389021
-0.393034
-0.397798
-0.402507
-0.406378
