1.39447
1.39447
1.39448
1.39448
1.39448
1.39448
1.39449
1.39448
1.39448
1.39449
1.39448
1.39448
1.39448
1.39448
1.39448
1.39448
1.39448
1.39448
1.39448
1.39448
1.39449
1.39449
1.39449
1.3945
1.39449
1.3945
1.39449
1.39449
1.39451
1.39452
1.39452
1.39453
1.39453
1.39454
1.39454
1.39454
1.39455
1.39455
1.39455
1.39455
1.39455
1.39456
1.39456
1.39456
1.39455
1.39455
1.39455
1.39456
1.39456
1.39455
1.39455
1.39455
1.39455
1.39455
1.39456
1.39456
1.39457
1.39457
1.39457
1.39458
1.39458
1.39457
1.39458
1.39458
1.39458
1.39458
1.39459
1.39458
1.39457
1.39457
1.39458
1.39458
1.39458
1.39458
1.39459
1.39458
1.39459
1.39459
1.39458
1.39457
1.39457
1.39457
1.39457
1.39458
1.39458
1.39458
1.39458
1.39457
1.39457
1.39457
1.39457
1.39457
1.39457
1.39457
1.39456
1.39457
1.39457
1.39457
1.39457
1.39457
