1.19821
1.19742
1.19791
1.19955
1.20192
1.20452
1.20684
1.20855
1.20947
1.20955
1.20891
1.2077
1.20615
1.20451
1.20303
1.20192
1.20139
1.20156
1.20249
1.20414
1.2064
1.20908
1.21197
1.21484
1.21747
1.2197
1.22141
1.22253
1.223
1.22279
1.22188
1.22022
1.21779
1.21454
1.21042
1.2054
1.19953
1.19301
1.18627
1.18002
1.17512
1.17234
1.17195
1.17359
1.17652
1.17987
1.18297
1.18543
1.18704
1.18779
1.18779
1.18726
1.1865
1.18586
1.18558
1.1858
1.18646
1.18742
1.18846
1.18945
1.19026
1.19087
1.19128
1.19153
1.19166
1.19173
1.1918
1.19195
1.19222
1.19269
1.19339
1.19432
1.19548
1.19682
1.19828
1.1998
1.2013
1.20273
1.204
1.20508
1.20592
1.20646
1.20666
1.20646
1.20583
1.2047
1.20305
1.20088
1.19826
1.19533
1.19236
1.1897
1.18777
1.18692
1.18736
1.18906
1.19174
1.19491
1.19805
1.20063
