1.39346
1.39344
1.39345
1.39346
1.39345
1.39345
1.39344
1.39345
1.39344
1.39344
1.39343
1.39344
1.39345
1.39344
1.39345
1.39344
1.39344
1.39344
1.39344
1.39344
1.39344
1.39344
1.39344
1.39345
1.39344
1.39345
1.39345
1.39346
1.39347
1.39347
1.39347
1.39347
1.39347
1.39346
1.39346
1.39346
1.39347
1.39347
1.39347
1.39347
1.39347
1.39347
1.39347
1.39347
1.39347
1.39347
1.39347
1.39348
1.39348
1.39349
1.3935
1.3935
1.3935
1.39351
1.39351
1.39352
1.39352
1.39352
1.39353
1.39353
1.39354
1.39354
1.39354
1.39354
1.39354
1.39354
1.39354
1.39355
1.39355
1.39355
1.39355
1.39355
1.39354
1.39354
1.39354
1.39354
1.39355
1.39354
1.39355
1.39355
1.39354
1.39355
1.39354
1.39354
1.39354
1.39355
1.39355
1.39355
1.39355
1.39354
1.39354
1.39354
1.39355
1.39354
1.39354
1.39353
1.39353
1.39353
1.39352
1.39352
