-0.408815
-0.40935
-0.407667
-0.403674
-0.397441
-0.389213
-0.379493
-0.369026
-0.358841
-0.350156
-0.344233
-0.342108
-0.344243
-0.350295
-0.359138
-0.369319
-0.379465
-0.388637
-0.396383
-0.402638
-0.407587
-0.411513
-0.4147
-0.417384
-0.419752
-0.421877
-0.423827
-0.425621
-0.427277
-0.428812
-0.430239
-0.431568
-0.432845
-0.434054
-0.435188
-0.436229
-0.437124
-0.437815
-0.438218
-0.438217
-0.437709
-0.436613
-0.43488
-0.43257
-0.429873
-0.427109
-0.424672
-0.422934
-0.422082
-0.422018
-0.422411
-0.422759
-0.422599
-0.421628
-0.419774
-0.417191
-0.414204
-0.411219
-0.408642
-0.406843
-0.406059
-0.406427
-0.407922
-0.410406
-0.413652
-0.417354
-0.421154
-0.424704
-0.427719
-0.42995
-0.431287
-0.431723
-0.431389
-0.430504
-0.42942
-0.428521
-0.428208
-0.428817
-0.43052
-0.433328
-0.437065
-0.441369
-0.445859
-0.450143
-0.453892
-0.456895
-0.459025
-0.460237
-0.460526
-0.459933
-0.45849
-0.456246
-0.453276
-0.449704
-0.445698
-0.441547
-0.437616
-0.434371
-0.43223
-0.43148
