1.80227
1.80279
1.80112
1.79713
1.79089
1.78266
1.77294
1.76247
1.75228
1.74359
1.73767
1.73554
1.73769
1.74374
1.75258
1.76276
1.7729
1.78208
1.78982
1.79608
1.80103
1.80495
1.80814
1.81083
1.81319
1.81533
1.81728
1.81908
1.82074
1.82228
1.8237
1.82504
1.82631
1.82751
1.82865
1.82969
1.83059
1.83129
1.83169
1.83169
1.83118
1.83008
1.82835
1.82604
1.82335
1.82058
1.81814
1.81641
1.81556
1.81551
1.81591
1.81626
1.8161
1.81513
1.81329
1.81071
1.80773
1.80474
1.80217
1.80037
1.7996
1.79996
1.80146
1.80395
1.8072
1.81089
1.81469
1.81825
1.82126
1.8235
1.82484
1.82527
1.82493
1.82405
1.82296
1.82206
1.82175
1.82236
1.82407
1.82688
1.83061
1.83491
1.8394
1.84368
1.84743
1.85044
1.85258
1.85379
1.85408
1.85348
1.85203
1.84978
1.84682
1.84325
1.83924
1.83508
1.83115
1.8279
1.82575
1.825
