1.20152
1.20186
1.20075
1.19809
1.19393
1.18844
1.18196
1.17498
1.16819
1.1624
1.15844
1.15703
1.15846
1.16249
1.16839
1.17517
1.18194
1.18805
1.19322
1.19739
1.20069
1.2033
1.20543
1.20722
1.2088
1.21022
1.21152
1.21272
1.21383
1.21485
1.2158
1.2167
1.21754
1.21834
1.2191
1.21979
1.22039
1.22086
1.22113
1.22113
1.22079
1.22005
1.2189
1.21736
1.21556
1.21372
1.2121
1.21094
1.21037
1.21034
1.2106
1.21084
1.21073
1.21009
1.20886
1.20714
1.20515
1.20316
1.20145
1.20025
1.19973
1.19998
1.20097
1.20263
1.2048
1.20726
1.2098
1.21217
1.21418
1.21567
1.21656
1.21685
1.21662
1.21603
1.21531
1.21471
1.2145
1.21491
1.21604
1.21792
1.2204
1.22328
1.22627
1.22912
1.23162
1.23363
1.23505
1.23586
1.23605
1.23565
1.23468
1.23319
1.23121
1.22883
1.22616
1.22339
1.22077
1.2186
1.21717
1.21667
