1.80002
1.80005
1.80009
1.80014
1.8002
1.80027
1.80035
1.80043
1.80053
1.80064
1.80076
1.80088
1.80102
1.80117
1.80133
1.80149
1.80167
1.80186
1.80207
1.80228
1.8025
1.80274
1.80298
1.80324
1.80351
1.8038
1.8041
1.80441
1.80473
1.80507
1.80542
1.80579
1.80617
1.80657
1.80698
1.80741
1.80786
1.80833
1.80881
1.80931
1.80983
1.81037
1.81093
1.81151
1.81212
1.81274
1.81339
1.81407
1.81477
1.81549
1.81625
1.81703
1.81784
1.81868
1.81955
1.82046
1.8214
1.82238
1.82339
1.82445
1.82554
1.82668
1.82786
1.82909
1.83036
1.83168
1.83306
1.83448
1.83596
1.83749
1.83907
1.8407
1.84237
1.84409
1.84583
1.8476
1.84935
1.85108
1.85273
1.85426
1.85561
1.85668
1.85738
1.85758
1.85717
1.85607
1.85426
1.85185
1.84918
1.84676
1.84531
1.84547
1.84768
1.8519
1.85771
1.86442
1.87134
1.87794
1.88393
1.88919
