-0.040733
-0.0407705
-0.0408079
-0.0408714
-0.040935
-0.0410035
-0.0410817
-0.0411672
-0.0412648
-0.0413769
-0.0414895
-0.0416168
-0.0417565
-0.0419161
-0.0420789
-0.0422452
-0.0424316
-0.0426194
-0.0428302
-0.0430425
-0.0432662
-0.0435062
-0.0437581
-0.0440198
-0.0442891
-0.0445688
-0.0448685
-0.0451793
-0.0454965
-0.0458276
-0.046173
-0.0465402
-0.0469297
-0.0473252
-0.047732
-0.0481599
-0.0486119
-0.049079
-0.0495617
-0.0500678
-0.0505764
-0.0511239
-0.0516822
-0.0522665
-0.0528704
-0.0534994
-0.0541517
-0.0548236
-0.0555256
-0.0562584
-0.0570114
-0.0577927
-0.0586081
-0.0594541
-0.0603037
-0.0612078
-0.0621489
-0.0631355
-0.0641526
-0.0652087
-0.0663078
-0.0674399
-0.0686186
-0.0698478
-0.0711197
-0.0724549
-0.0738356
-0.0752631
-0.0767404
-0.0782793
-0.0798673
-0.0815117
-0.083185
-0.0848952
-0.0866376
-0.0884054
-0.0901667
-0.0919008
-0.0935554
-0.0950816
-0.0964289
-0.0975031
-0.098201
-0.0984065
-0.0980083
-0.0969136
-0.0950955
-0.0926959
-0.090018
-0.0876038
-0.0861383
-0.0863082
-0.0885202
-0.0927385
-0.0985456
-0.105249
-0.112174
-0.118783
-0.12477
-0.13003
