1.75929
1.75928
1.75928
1.75927
1.75926
1.75926
1.75926
1.75927
1.75927
1.75926
1.75927
1.75927
1.75926
1.75925
1.75925
1.75925
1.75924
1.75924
1.75923
1.75923
1.75923
1.75923
1.75923
1.75922
1.75923
1.75923
1.75923
1.75923
1.75923
1.75924
1.75925
1.75925
1.75924
1.75924
1.75925
1.75925
1.75925
1.75925
1.75925
1.75924
1.75925
1.75925
1.75925
1.75925
1.75925
1.75924
1.75924
1.75924
1.75924
1.75923
1.75923
1.75923
1.75923
1.75923
1.75925
1.75925
1.75925
1.75924
1.75924
1.75924
1.75923
1.75924
1.75924
1.75924
1.75924
1.75923
1.75922
1.75922
1.75922
1.75921
1.7592
1.75919
1.75919
1.75919
1.7592
1.75919
1.75919
1.75918
1.75918
1.75918
1.75918
1.75918
1.75918
1.75917
1.75917
1.75916
1.75916
1.75916
1.75916
1.75916
1.75917
1.75916
1.75916
1.75916
1.75916
1.75917
1.75916
1.75916
1.75916
1.75916
