1.20001
1.20003
1.20006
1.20009
1.20013
1.20018
1.20023
1.20029
1.20035
1.20043
1.2005
1.20059
1.20068
1.20078
1.20088
1.201
1.20112
1.20124
1.20138
1.20152
1.20167
1.20182
1.20199
1.20216
1.20234
1.20253
1.20273
1.20294
1.20315
1.20338
1.20361
1.20386
1.20411
1.20438
1.20466
1.20494
1.20524
1.20555
1.20587
1.20621
1.20655
1.20691
1.20729
1.20768
1.20808
1.2085
1.20893
1.20938
1.20985
1.21033
1.21083
1.21135
1.21189
1.21245
1.21304
1.21364
1.21427
1.21492
1.21559
1.2163
1.21703
1.21778
1.21857
1.21939
1.22024
1.22112
1.22204
1.22299
1.22397
1.22499
1.22605
1.22713
1.22825
1.22939
1.23056
1.23173
1.2329
1.23405
1.23515
1.23618
1.23707
1.23779
1.23825
1.23839
1.23812
1.23738
1.23617
1.23457
1.23278
1.23118
1.2302
1.23032
1.23179
1.2346
1.23847
1.24294
1.24756
1.25196
1.25596
1.25946
