-0.4321
-0.434
-0.436838
-0.440221
-0.443768
-0.447225
-0.450433
-0.453286
-0.455802
-0.457948
-0.459715
-0.461097
-0.462037
-0.462472
-0.462293
-0.461373
-0.459587
-0.456738
-0.452728
-0.447487
-0.44107
-0.433782
-0.426224
-0.419343
-0.414264
-0.412042
-0.413229
-0.417673
-0.424563
-0.432726
-0.441061
-0.448696
-0.455174
-0.460299
-0.464114
-0.466782
-0.468559
-0.469695
-0.470479
-0.471163
-0.471931
-0.472954
-0.474304
-0.476008
-0.478024
-0.480288
-0.482679
-0.485166
-0.487647
-0.490078
-0.492412
-0.494607
-0.496616
-0.498384
-0.499881
-0.501033
-0.501772
-0.502016
-0.50168
-0.500707
-0.499012
-0.496566
-0.493355
-0.489443
-0.484943
-0.480069
-0.4751
-0.47031
-0.465959
-0.462151
-0.458955
-0.456382
-0.454436
-0.45315
-0.45258
-0.452731
-0.453584
-0.455078
-0.457199
-0.459979
-0.463495
-0.467769
-0.472675
-0.477901
-0.482999
-0.487502
-0.491043
-0.493424
-0.494592
-0.494717
-0.494052
-0.492922
-0.491635
-0.4904
-0.489293
-0.488196
-0.486931
-0.485254
-0.482989
-0.480092
