1.80062
1.80253
1.80537
1.80875
1.8123
1.81576
1.81895
1.82182
1.82433
1.82648
1.82826
1.82964
1.83059
1.83102
1.83084
1.82993
1.82813
1.8253
1.82129
1.81605
1.80964
1.80235
1.7948
1.78791
1.78284
1.78062
1.78181
1.78625
1.79314
1.80132
1.80965
1.81729
1.82377
1.82889
1.83271
1.83538
1.83715
1.83829
1.83907
1.83975
1.84052
1.84155
1.84291
1.84461
1.84663
1.84888
1.85129
1.85378
1.85627
1.85871
1.86104
1.86324
1.86524
1.86702
1.86851
1.86965
1.87038
1.87062
1.87029
1.86932
1.86763
1.86518
1.86198
1.85806
1.85356
1.8487
1.84373
1.83895
1.83458
1.83077
1.82758
1.82501
1.82307
1.82179
1.82122
1.82137
1.82223
1.82373
1.82585
1.82863
1.83215
1.83643
1.84134
1.84656
1.85165
1.85615
1.85969
1.86207
1.86325
1.86338
1.86271
1.86158
1.86029
1.85906
1.85795
1.85686
1.85559
1.85391
1.85165
1.84875
