1.36852
1.36853
1.36853
1.36853
1.36853
1.36853
1.36852
1.36854
1.36853
1.36853
1.36855
1.36855
1.36855
1.36855
1.36855
1.36855
1.36854
1.36856
1.36857
1.36857
1.36857
1.36857
1.36857
1.36857
1.36858
1.36858
1.36858
1.36858
1.36858
1.36859
1.36859
1.36859
1.36859
1.36859
1.36859
1.3686
1.36859
1.3686
1.3686
1.36859
1.36859
1.3686
1.3686
1.3686
1.3686
1.36859
1.36861
1.36861
1.36862
1.36863
1.36863
1.36863
1.36863
1.36864
1.36863
1.36862
1.36861
1.36861
1.36861
1.36861
1.36862
1.36862
1.36862
1.36862
1.36862
1.36863
1.36863
1.36864
1.36862
1.36862
1.36863
1.36863
1.36864
1.36864
1.36864
1.36864
1.36864
1.36865
1.36865
1.36865
1.36866
1.36866
1.36867
1.36866
1.36865
1.36865
1.36865
1.36864
1.36866
1.36866
1.36866
1.36866
1.36866
1.36866
1.36865
1.36866
1.36866
1.36866
1.36866
1.36866
