1.20041
1.20168
1.20358
1.20583
1.2082
1.2105
1.21264
1.21455
1.21622
1.21765
1.21884
1.21976
1.22039
1.22068
1.22056
1.21995
1.21875
1.21686
1.2142
1.2107
1.20643
1.20157
1.19653
1.19194
1.18856
1.18708
1.18787
1.19084
1.19543
1.20088
1.20643
1.21153
1.21584
1.21926
1.2218
1.22359
1.22477
1.22553
1.22605
1.2265
1.22702
1.2277
1.2286
1.22974
1.23108
1.23259
1.2342
1.23585
1.23751
1.23914
1.2407
1.24216
1.2435
1.24468
1.24567
1.24644
1.24692
1.24708
1.24686
1.24621
1.24509
1.24346
1.24132
1.23871
1.23571
1.23247
1.22916
1.22596
1.22305
1.22051
1.21839
1.21668
1.21538
1.21453
1.21415
1.21425
1.21482
1.21582
1.21723
1.21909
1.22144
1.22429
1.22756
1.23104
1.23444
1.23744
1.2398
1.24138
1.24217
1.24225
1.24181
1.24105
1.24019
1.23937
1.23863
1.23791
1.23706
1.23594
1.23443
1.2325
