-0.476749
-0.473188
-0.469826
-0.467198
-0.465894
-0.466355
-0.46871
-0.472662
-0.477589
-0.482676
-0.487218
-0.490737
-0.49297
-0.493857
-0.493486
-0.492005
-0.489603
-0.486506
-0.482942
-0.479145
-0.475366
-0.471844
-0.468816
-0.466439
-0.464797
-0.463873
-0.463563
-0.463701
-0.464045
-0.464357
-0.464434
-0.464099
-0.463232
-0.461772
-0.459747
-0.457243
-0.454448
-0.451615
-0.449086
-0.4472
-0.446282
-0.446506
-0.447857
-0.450111
-0.452847
-0.455536
-0.457622
-0.458594
-0.457954
-0.455302
-0.450501
-0.443758
-0.43591
-0.428397
-0.42282
-0.42026
-0.420626
-0.422734
-0.425016
-0.426252
-0.425971
-0.424383
-0.422175
-0.420197
-0.419203
-0.419616
-0.421545
-0.424731
-0.428706
-0.432924
-0.436874
-0.44016
-0.442479
-0.443709
-0.443784
-0.442723
-0.440617
-0.43767
-0.434078
-0.430182
-0.426312
-0.422817
-0.419939
-0.417792
-0.416336
-0.415393
-0.414714
-0.414022
-0.413115
-0.411865
-0.410173
-0.407994
-0.40531
-0.40212
-0.398445
-0.394284
-0.389665
-0.384707
-0.37953
-0.374402
