1.32006
1.32006
1.32006
1.32006
1.32006
1.32006
1.32006
1.32007
1.32006
1.32006
1.32007
1.32008
1.32008
1.32009
1.32009
1.32009
1.3201
1.3201
1.32009
1.32009
1.32009
1.3201
1.3201
1.3201
1.3201
1.3201
1.3201
1.32009
1.32009
1.3201
1.3201
1.3201
1.32009
1.32009
1.32009
1.3201
1.3201
1.3201
1.3201
1.3201
1.3201
1.32011
1.32011
1.32011
1.32011
1.32011
1.32012
1.32012
1.32011
1.32012
1.32011
1.32012
1.32013
1.32012
1.32012
1.32012
1.32012
1.32012
1.32012
1.32012
1.32011
1.32012
1.32012
1.32012
1.3201
1.32011
1.3201
1.32011
1.32011
1.32011
1.32011
1.32011
1.32012
1.32012
1.32012
1.32012
1.32013
1.32012
1.32012
1.32012
1.32012
1.32011
1.32011
1.32012
1.32012
1.32012
1.32011
1.32011
1.32012
1.32011
1.3201
1.32009
1.32009
1.3201
1.32009
1.32009
1.3201
1.32009
1.32009
1.32009
