1.79681
1.79325
1.78989
1.78726
1.78595
1.78641
1.78877
1.79273
1.79765
1.80274
1.80729
1.81081
1.81305
1.81394
1.81357
1.8121
1.8097
1.80661
1.80304
1.79924
1.79546
1.79195
1.78892
1.78654
1.78489
1.78397
1.78366
1.78379
1.78413
1.78445
1.78453
1.7842
1.78332
1.78187
1.77984
1.77734
1.77455
1.77172
1.76918
1.7673
1.76638
1.76661
1.76797
1.77022
1.77295
1.77564
1.77774
1.77871
1.77807
1.77542
1.77062
1.76388
1.75604
1.74852
1.74294
1.74038
1.74074
1.74285
1.74513
1.74637
1.74608
1.7445
1.74229
1.74031
1.7393
1.73972
1.74165
1.74484
1.74881
1.75303
1.75698
1.76027
1.7626
1.76383
1.76391
1.76285
1.76075
1.75779
1.7542
1.7503
1.74643
1.74293
1.74005
1.73791
1.73646
1.73551
1.73482
1.73413
1.73323
1.73197
1.73027
1.72809
1.7254
1.72222
1.71854
1.71437
1.70976
1.7048
1.69963
1.69449
