1.19788
1.1955
1.19326
1.19151
1.19063
1.19094
1.19251
1.19515
1.19843
1.20183
1.20486
1.20721
1.2087
1.2093
1.20905
1.20806
1.20647
1.2044
1.20202
1.19949
1.19697
1.19463
1.19261
1.19103
1.18993
1.18931
1.18911
1.18919
1.18942
1.18964
1.18969
1.18946
1.18888
1.18791
1.18656
1.18489
1.18303
1.18114
1.17946
1.1782
1.17759
1.17774
1.17865
1.18015
1.18197
1.18376
1.18516
1.18581
1.18538
1.18362
1.18041
1.17592
1.17069
1.16568
1.16196
1.16025
1.1605
1.1619
1.16342
1.16425
1.16406
1.163
1.16153
1.16021
1.15954
1.15981
1.1611
1.16323
1.16588
1.16869
1.17132
1.17351
1.17507
1.17589
1.17594
1.17523
1.17383
1.17186
1.16947
1.16687
1.16429
1.16195
1.16004
1.15861
1.15764
1.15701
1.15655
1.15609
1.15549
1.15465
1.15351
1.15206
1.15027
1.14815
1.14569
1.14292
1.13984
1.13653
1.13308
1.12966
