-0.36942
-0.365091
-0.361803
-0.359841
-0.35936
-0.360299
-0.362478
-0.365592
-0.36931
-0.373296
-0.377258
-0.380949
-0.384204
-0.386884
-0.388921
-0.390273
-0.390942
-0.390958
-0.390369
-0.389222
-0.38756
-0.385455
-0.382969
-0.380181
-0.377214
-0.374234
-0.371469
-0.369164
-0.367556
-0.36682
-0.367014
-0.368037
-0.3697
-0.371687
-0.373703
-0.375446
-0.376684
-0.37722
-0.376889
-0.375539
-0.373026
-0.369279
-0.364354
-0.358547
-0.352512
-0.347225
-0.34384
-0.343246
-0.345658
-0.350515
-0.356753
-0.363299
-0.369328
-0.374404
-0.378388
-0.381329
-0.383359
-0.384599
-0.385177
-0.385189
-0.384717
-0.383831
-0.382642
-0.38124
-0.379775
-0.378398
-0.377289
-0.3766
-0.376434
-0.376849
-0.37781
-0.379237
-0.380984
-0.382887
-0.384798
-0.386573
-0.388095
-0.389291
-0.390112
-0.390584
-0.390767
-0.390804
-0.390817
-0.390941
-0.391221
-0.391587
-0.391851
-0.391691
-0.390776
-0.388911
-0.386082
-0.382594
-0.379064
-0.376258
-0.374827
-0.37503
-0.37662
-0.379037
-0.381626
-0.383922
