1.79527
1.79094
1.78766
1.78571
1.78522
1.78616
1.78834
1.79146
1.79518
1.79916
1.80312
1.80681
1.81006
1.81274
1.81477
1.81612
1.81679
1.81681
1.81622
1.81507
1.81341
1.81131
1.80882
1.80604
1.80308
1.8001
1.79733
1.79501
1.7934
1.79266
1.79284
1.79387
1.79553
1.79752
1.79954
1.80129
1.80253
1.80307
1.80274
1.80138
1.79886
1.79512
1.7902
1.78439
1.77835
1.77306
1.76968
1.76909
1.77149
1.77634
1.78259
1.78913
1.79515
1.80023
1.80422
1.80717
1.8092
1.81044
1.81102
1.81103
1.81056
1.80968
1.80848
1.80708
1.80561
1.80423
1.80312
1.80243
1.80227
1.80269
1.80366
1.80508
1.80682
1.80873
1.81064
1.81241
1.81394
1.81513
1.81596
1.81643
1.81662
1.81666
1.81667
1.8168
1.81708
1.81745
1.8177
1.81754
1.81663
1.81476
1.81193
1.80845
1.80491
1.8021
1.80067
1.80087
1.80246
1.80487
1.80746
1.80975
