1.42584
1.42585
1.42586
1.42587
1.42586
1.42586
1.42586
1.42587
1.42587
1.42586
1.42586
1.42586
1.42585
1.42585
1.42585
1.42585
1.42585
1.42585
1.42585
1.42585
1.42585
1.42585
1.42585
1.42586
1.42586
1.42586
1.42586
1.42585
1.42584
1.42584
1.42583
1.42584
1.42583
1.42584
1.42583
1.42584
1.42585
1.42585
1.42585
1.42584
1.42584
1.42584
1.42584
1.42585
1.42584
1.42584
1.42584
1.42584
1.42584
1.42583
1.42583
1.42583
1.42582
1.42582
1.42583
1.42584
1.42584
1.42584
1.42584
1.42584
1.42584
1.42585
1.42584
1.42584
1.42583
1.42583
1.42583
1.42583
1.42584
1.42584
1.42585
1.42584
1.42584
1.42584
1.42584
1.42584
1.42584
1.42584
1.42584
1.42585
1.42586
1.42585
1.42585
1.42585
1.42586
1.42586
1.42585
1.42585
1.42586
1.42585
1.42585
1.42585
1.42585
1.42585
1.42584
1.42584
1.42584
1.42584
1.42584
1.42583
