1.19684
1.19396
1.19177
1.19047
1.19015
1.19077
1.19223
1.19431
1.19678
1.19944
1.20208
1.20454
1.2067
1.20849
1.20985
1.21075
1.2112
1.21121
1.21081
1.21005
1.20894
1.20754
1.20588
1.20403
1.20205
1.20007
1.19822
1.19667
1.1956
1.1951
1.19523
1.19592
1.19702
1.19835
1.19969
1.20086
1.20169
1.20205
1.20182
1.20092
1.19924
1.19675
1.19347
1.1896
1.18557
1.18204
1.17979
1.17939
1.181
1.18423
1.18839
1.19275
1.19677
1.20015
1.20281
1.20478
1.20613
1.20696
1.20735
1.20736
1.20704
1.20645
1.20565
1.20472
1.20374
1.20282
1.20208
1.20162
1.20152
1.20179
1.20244
1.20339
1.20455
1.20582
1.20709
1.20828
1.20929
1.21009
1.21064
1.21095
1.21108
1.2111
1.21111
1.2112
1.21139
1.21163
1.2118
1.21169
1.21109
1.20984
1.20796
1.20563
1.20328
1.2014
1.20045
1.20058
1.20164
1.20325
1.20497
1.2065
