1.41598
1.41598
1.41597
1.41597
1.41597
1.41597
1.41596
1.41597
1.41596
1.41596
1.41596
1.41595
1.41595
1.41595
1.41595
1.41596
1.41596
1.41596
1.41596
1.41596
1.41595
1.41595
1.41595
1.41596
1.41595
1.41596
1.41596
1.41596
1.41596
1.41595
1.41595
1.41595
1.41595
1.41595
1.41595
1.41596
1.41596
1.41597
1.41595
1.41595
1.41596
1.41596
1.41597
1.41597
1.41597
1.41597
1.41597
1.41596
1.41596
1.41597
1.41598
1.41598
1.41598
1.41597
1.41597
1.41597
1.41597
1.41598
1.41598
1.41599
1.41598
1.41598
1.41598
1.41598
1.41598
1.41598
1.41597
1.41597
1.41596
1.41597
1.41597
1.41597
1.41597
1.41598
1.41598
1.41599
1.41599
1.416
1.416
1.416
1.416
1.416
1.416
1.416
1.416
1.41601
1.41601
1.41601
1.416
1.416
1.41599
1.416
1.416
1.41601
1.41601
1.41602
1.41601
1.41602
1.41602
1.41602
