1.80167
1.80299
1.80401
1.80493
1.80589
1.80699
1.80825
1.80966
1.81118
1.81279
1.81448
1.81623
1.81804
1.8199
1.82181
1.82375
1.8257
1.82764
1.82953
1.83133
1.833
1.83449
1.83575
1.83671
1.83733
1.83753
1.83729
1.83658
1.83541
1.83384
1.83197
1.82998
1.82809
1.82655
1.82556
1.82526
1.82567
1.82669
1.82815
1.82983
1.83153
1.83308
1.83437
1.83533
1.83596
1.83624
1.8362
1.83584
1.83519
1.83424
1.833
1.83149
1.82974
1.82777
1.82564
1.82344
1.82124
1.81914
1.81722
1.81557
1.81423
1.81325
1.81265
1.81249
1.81282
1.81371
1.81527
1.81756
1.82062
1.82439
1.82876
1.83354
1.8385
1.84341
1.84804
1.85223
1.85582
1.8587
1.86079
1.86203
1.86233
1.86164
1.8599
1.85707
1.85316
1.84824
1.84252
1.83635
1.8302
1.82471
1.82048
1.81799
1.81739
1.8185
1.82078
1.82356
1.82615
1.82801
1.82874
1.82811
