-0.385692
-0.38701
-0.388037
-0.38896
-0.389919
-0.391026
-0.392292
-0.39369
-0.395222
-0.396835
-0.398524
-0.400276
-0.402085
-0.403948
-0.405865
-0.407797
-0.409749
-0.411685
-0.413572
-0.415372
-0.41705
-0.418544
-0.419796
-0.420757
-0.421372
-0.421577
-0.421335
-0.420626
-0.419451
-0.417884
-0.416018
-0.414033
-0.412145
-0.410597
-0.40961
-0.409296
-0.409703
-0.410724
-0.412199
-0.413886
-0.415574
-0.41712
-0.4184
-0.419367
-0.419987
-0.42027
-0.42023
-0.419882
-0.419232
-0.41827
-0.417025
-0.41551
-0.413759
-0.411796
-0.409673
-0.40746
-0.405268
-0.403157
-0.401244
-0.399583
-0.398248
-0.397267
-0.396675
-0.396506
-0.396841
-0.397738
-0.399303
-0.401598
-0.404655
-0.408423
-0.41279
-0.417564
-0.422527
-0.427425
-0.432065
-0.436243
-0.439825
-0.442703
-0.444799
-0.446025
-0.446325
-0.445636
-0.443898
-0.441069
-0.437152
-0.432235
-0.426519
-0.420338
-0.414206
-0.408715
-0.404491
-0.401984
-0.401389
-0.402489
-0.404765
-0.407539
-0.410139
-0.411991
-0.412713
-0.41209
