1.20111
1.20199
1.20267
1.20329
1.20393
1.20466
1.2055
1.20644
1.20745
1.20853
1.20965
1.21082
1.21203
1.21327
1.21454
1.21584
1.21714
1.21843
1.21969
1.22089
1.222
1.223
1.22383
1.22448
1.22488
1.22502
1.22486
1.22439
1.22361
1.22256
1.22131
1.21999
1.21873
1.2177
1.21704
1.21684
1.21711
1.21779
1.21877
1.21989
1.22102
1.22205
1.22291
1.22355
1.22397
1.22416
1.22413
1.2239
1.22346
1.22283
1.222
1.221
1.21982
1.21851
1.21709
1.21562
1.21416
1.21276
1.21148
1.21038
1.20949
1.20883
1.20844
1.20833
1.20854
1.20914
1.21018
1.21171
1.21375
1.21626
1.21917
1.22236
1.22567
1.22894
1.23203
1.23482
1.23721
1.23913
1.24053
1.24135
1.24155
1.24109
1.23993
1.23805
1.23544
1.23216
1.22835
1.22423
1.22014
1.21647
1.21366
1.21199
1.2116
1.21233
1.21385
1.2157
1.21744
1.21867
1.21916
1.21874
