1.79805
1.79475
1.79041
1.78547
1.78055
1.77641
1.77388
1.77366
1.77611
1.78115
1.78821
1.7964
1.80479
1.81258
1.81927
1.8246
1.82855
1.83122
1.83277
1.83339
1.83326
1.83251
1.83127
1.82963
1.82764
1.82533
1.82272
1.8198
1.81657
1.81306
1.80933
1.8055
1.80174
1.79826
1.7953
1.79305
1.79161
1.79096
1.79099
1.7915
1.79227
1.79309
1.79378
1.79422
1.79438
1.79431
1.79418
1.79425
1.79481
1.79611
1.79824
1.80114
1.80458
1.80824
1.8118
1.815
1.81765
1.81965
1.82093
1.8215
1.82136
1.82052
1.81905
1.81702
1.81455
1.81179
1.80893
1.80613
1.80351
1.8011
1.79885
1.79663
1.7943
1.79175
1.78895
1.78592
1.78279
1.77968
1.77677
1.77421
1.77218
1.77086
1.77041
1.7709
1.77233
1.7746
1.77749
1.78077
1.78418
1.78752
1.79064
1.79344
1.79588
1.79792
1.79956
1.80081
1.80169
1.80219
1.80233
1.8021
