-0.41007
-0.40676
-0.402419
-0.397478
-0.392561
-0.388423
-0.385891
-0.385657
-0.388108
-0.393155
-0.400219
-0.408404
-0.416793
-0.424577
-0.431265
-0.4366
-0.440545
-0.443221
-0.444766
-0.44539
-0.445248
-0.444513
-0.443277
-0.441635
-0.439641
-0.437342
-0.434725
-0.431804
-0.428576
-0.425068
-0.421342
-0.41751
-0.413748
-0.410276
-0.40732
-0.405068
-0.403629
-0.402986
-0.403009
-0.403516
-0.404293
-0.405103
-0.405807
-0.406249
-0.406415
-0.406341
-0.406205
-0.406273
-0.406839
-0.408131
-0.410265
-0.413162
-0.416594
-0.420258
-0.423817
-0.427012
-0.429664
-0.431655
-0.432947
-0.433522
-0.433383
-0.432552
-0.431077
-0.429047
-0.42657
-0.423821
-0.420953
-0.418157
-0.415535
-0.413127
-0.410869
-0.408642
-0.406309
-0.403761
-0.400965
-0.397941
-0.394808
-0.391705
-0.388783
-0.386226
-0.384203
-0.382884
-0.382431
-0.382923
-0.38436
-0.386631
-0.389522
-0.392797
-0.396209
-0.399554
-0.402678
-0.40549
-0.407924
-0.409957
-0.411596
-0.412853
-0.413719
-0.414224
-0.414357
-0.414125
