1.38798
1.38799
1.38799
1.38799
1.38799
1.38799
1.38799
1.388
1.388
1.388
1.38799
1.388
1.38799
1.388
1.388
1.388
1.38801
1.388
1.38801
1.388
1.38801
1.388
1.38799
1.38799
1.388
1.38799
1.38799
1.38799
1.388
1.388
1.38799
1.38799
1.38799
1.38798
1.38798
1.38799
1.38798
1.38798
1.38798
1.38798
1.38797
1.38798
1.38797
1.38797
1.38796
1.38797
1.38797
1.38797
1.38797
1.38798
1.38798
1.38798
1.38798
1.38798
1.38798
1.38799
1.38799
1.38799
1.38799
1.38798
1.38797
1.38797
1.38797
1.38797
1.38798
1.38797
1.38798
1.38797
1.38798
1.38798
1.38798
1.38799
1.38799
1.38799
1.38798
1.38798
1.38798
1.38798
1.38798
1.38798
1.38798
1.38798
1.38797
1.38797
1.38797
1.38797
1.38797
1.38797
1.38797
1.38796
1.38796
1.38795
1.38795
1.38796
1.38796
1.38796
1.38797
1.38796
1.38797
1.38797
