1.1987
1.1965
1.19361
1.19031
1.18703
1.18428
1.18259
1.18244
1.18407
1.18744
1.19214
1.1976
1.20319
1.20839
1.21284
1.2164
1.21904
1.22082
1.22185
1.22226
1.22217
1.22167
1.22085
1.21975
1.21843
1.21689
1.21515
1.2132
1.21105
1.20871
1.20622
1.20367
1.20116
1.19884
1.19687
1.19537
1.19441
1.19398
1.19399
1.19433
1.19484
1.19539
1.19585
1.19615
1.19625
1.19621
1.19612
1.19616
1.19654
1.19741
1.19883
1.20076
1.20305
1.20549
1.20787
1.21
1.21177
1.2131
1.21396
1.21433
1.21424
1.21368
1.2127
1.21135
1.2097
1.20786
1.20595
1.20409
1.20234
1.20074
1.19923
1.19775
1.1962
1.1945
1.19263
1.19062
1.18853
1.18646
1.18451
1.1828
1.18145
1.18058
1.18027
1.1806
1.18156
1.18307
1.185
1.18718
1.18945
1.19168
1.19376
1.19563
1.19725
1.19861
1.19971
1.20054
1.20112
1.20146
1.20155
1.2014
