-0.413535
-0.412536
-0.411098
-0.409174
-0.40669
-0.403582
-0.399788
-0.395279
-0.390093
-0.384384
-0.378458
-0.372767
-0.367864
-0.364259
-0.362279
-0.361949
-0.363001
-0.364991
-0.367445
-0.369974
-0.372342
-0.374448
-0.376277
-0.37786
-0.379244
-0.380442
-0.381496
-0.382406
-0.383175
-0.383795
-0.384236
-0.384503
-0.384563
-0.384468
-0.38422
-0.383854
-0.383438
-0.38303
-0.382722
-0.382601
-0.382768
-0.383295
-0.384241
-0.38566
-0.387535
-0.389836
-0.392491
-0.395415
-0.3985
-0.401655
-0.404774
-0.407785
-0.41062
-0.4132
-0.415506
-0.417471
-0.419083
-0.420319
-0.42113
-0.421492
-0.421365
-0.420714
-0.419521
-0.417806
-0.415639
-0.413124
-0.410453
-0.407849
-0.405536
-0.403718
-0.402524
-0.40209
-0.40249
-0.403715
-0.405653
-0.40805
-0.410489
-0.41256
-0.414041
-0.415006
-0.415787
-0.416869
-0.418573
-0.420898
-0.423548
-0.426112
-0.428198
-0.429638
-0.430421
-0.430655
-0.430552
-0.430341
-0.430255
-0.430503
-0.431241
-0.43259
-0.434518
-0.436948
-0.439689
-0.44254
