1.79943
1.79843
1.797
1.79508
1.7926
1.78949
1.7857
1.78119
1.776
1.7703
1.76437
1.75868
1.75378
1.75018
1.7482
1.74787
1.74892
1.75091
1.75335
1.75588
1.75826
1.76036
1.76219
1.76377
1.76514
1.76634
1.7674
1.76831
1.76908
1.7697
1.77014
1.7704
1.77047
1.77038
1.77013
1.76976
1.76934
1.76893
1.76862
1.7685
1.76867
1.76919
1.77015
1.77156
1.77343
1.77573
1.77838
1.7813
1.78439
1.78755
1.79067
1.79368
1.7965
1.79909
1.80138
1.80336
1.80498
1.80621
1.80702
1.80739
1.80726
1.80661
1.80543
1.80372
1.80154
1.79903
1.79635
1.79374
1.79142
1.7896
1.78842
1.78799
1.78838
1.78961
1.79155
1.79394
1.79638
1.79845
1.79993
1.80089
1.80168
1.80277
1.80447
1.80679
1.80945
1.81202
1.81412
1.81556
1.81634
1.81658
1.81648
1.81627
1.81619
1.81643
1.81718
1.81852
1.82045
1.82287
1.82561
1.82846
