1.38589
1.3859
1.3859
1.3859
1.38591
1.38591
1.38591
1.38591
1.38591
1.38591
1.38591
1.38591
1.38591
1.38592
1.38592
1.38592
1.38592
1.38591
1.38591
1.38591
1.38591
1.38591
1.38591
1.3859
1.38589
1.3859
1.3859
1.38591
1.38591
1.3859
1.3859
1.3859
1.38591
1.38591
1.38591
1.38591
1.3859
1.3859
1.3859
1.3859
1.3859
1.3859
1.38591
1.3859
1.3859
1.38589
1.38589
1.38589
1.38589
1.38589
1.3859
1.3859
1.38588
1.38589
1.38588
1.38589
1.38589
1.38589
1.38589
1.38589
1.38589
1.3859
1.3859
1.38591
1.3859
1.3859
1.3859
1.38589
1.38589
1.38588
1.3859
1.3859
1.38589
1.38589
1.3859
1.38589
1.38589
1.38589
1.38589
1.38588
1.3859
1.3859
1.38589
1.38589
1.3859
1.38591
1.38592
1.38592
1.38592
1.38592
1.38593
1.38593
1.38593
1.38593
1.38594
1.38593
1.38593
1.38592
1.38592
1.38592
