1.19962
1.19896
1.198
1.19672
1.19506
1.19299
1.19046
1.18746
1.184
1.1802
1.17625
1.17245
1.16919
1.16678
1.16546
1.16524
1.16595
1.16727
1.1689
1.17059
1.17217
1.17357
1.17479
1.17584
1.17676
1.17756
1.17826
1.17888
1.17939
1.1798
1.18009
1.18027
1.18032
1.18025
1.18008
1.17984
1.17956
1.17929
1.17908
1.179
1.17911
1.17946
1.1801
1.18104
1.18229
1.18382
1.18559
1.18754
1.1896
1.1917
1.19378
1.19579
1.19767
1.19939
1.20092
1.20224
1.20332
1.20414
1.20468
1.20492
1.20484
1.20441
1.20362
1.20248
1.20103
1.19935
1.19757
1.19583
1.19428
1.19307
1.19228
1.19199
1.19226
1.19307
1.19437
1.19596
1.19758
1.19897
1.19995
1.20059
1.20112
1.20185
1.20298
1.20453
1.2063
1.20801
1.20941
1.21037
1.21089
1.21105
1.21099
1.21085
1.21079
1.21096
1.21145
1.21235
1.21363
1.21525
1.21707
1.21898
