1.35731
1.35731
1.35732
1.35732
1.35732
1.35731
1.35732
1.35732
1.35731
1.35731
1.35731
1.3573
1.3573
1.3573
1.3573
1.35729
1.35728
1.35727
1.35727
1.35727
1.35726
1.35725
1.35725
1.35725
1.35724
1.35724
1.35724
1.35725
1.35726
1.35726
1.35726
1.35726
1.35726
1.35726
1.35726
1.35725
1.35726
1.35726
1.35725
1.35725
1.35724
1.35724
1.35724
1.35724
1.35724
1.35724
1.35725
1.35725
1.35725
1.35726
1.35726
1.35725
1.35725
1.35724
1.35724
1.35723
1.35723
1.35723
1.35722
1.35722
1.35721
1.35721
1.35722
1.35722
1.35722
1.35722
1.35722
1.35722
1.35722
1.35723
1.35722
1.35722
1.35721
1.35722
1.35722
1.35722
1.35722
1.35723
1.35723
1.35723
1.35723
1.35723
1.35723
1.35723
1.35723
1.35723
1.35722
1.35722
1.35721
1.35722
1.35723
1.35723
1.35724
1.35724
1.35724
1.35724
1.35723
1.35723
1.35722
1.35722
