1.8026
1.80497
1.80667
1.80738
1.80674
1.80437
1.79999
1.79357
1.78558
1.77722
1.77029
1.76663
1.7672
1.77154
1.77804
1.78482
1.79047
1.79429
1.7961
1.79609
1.79458
1.79195
1.7886
1.78496
1.78144
1.77839
1.77606
1.77453
1.77363
1.77298
1.77203
1.77012
1.76659
1.76103
1.75354
1.74509
1.7376
1.73343
1.73415
1.73959
1.74786
1.75656
1.76378
1.76855
1.77066
1.77028
1.76776
1.76351
1.758
1.75183
1.74572
1.74052
1.73697
1.73553
1.73622
1.73861
1.742
1.74569
1.74913
1.75198
1.75408
1.75541
1.75599
1.75591
1.75525
1.75413
1.75267
1.75106
1.74949
1.74817
1.7473
1.74701
1.74732
1.74818
1.74947
1.75102
1.7527
1.7544
1.75608
1.75772
1.75935
1.76095
1.76252
1.76399
1.76528
1.76629
1.7669
1.76701
1.76655
1.76549
1.76384
1.76171
1.75925
1.75669
1.75431
1.75236
1.75108
1.75061
1.751
1.75218
