-0.44529
-0.447655
-0.449355
-0.450061
-0.449426
-0.447059
-0.44267
-0.43625
-0.428277
-0.41991
-0.412985
-0.409333
-0.409903
-0.414242
-0.420736
-0.427524
-0.433188
-0.437013
-0.43883
-0.438828
-0.437322
-0.434696
-0.431354
-0.427716
-0.424196
-0.421148
-0.418825
-0.417279
-0.416369
-0.415718
-0.414771
-0.412858
-0.409331
-0.403773
-0.396282
-0.387837
-0.380344
-0.376168
-0.376901
-0.382342
-0.390624
-0.39932
-0.406538
-0.411311
-0.413418
-0.413037
-0.410506
-0.406258
-0.400748
-0.394569
-0.388466
-0.383265
-0.379713
-0.378298
-0.378984
-0.381373
-0.384766
-0.388463
-0.391906
-0.394759
-0.396866
-0.398193
-0.39877
-0.39869
-0.398033
-0.39691
-0.395451
-0.393833
-0.392261
-0.390943
-0.390079
-0.389789
-0.390107
-0.390964
-0.392256
-0.393806
-0.395479
-0.397173
-0.398847
-0.400488
-0.402114
-0.403721
-0.405288
-0.40676
-0.408051
-0.409064
-0.409681
-0.409792
-0.409336
-0.408261
-0.406612
-0.404477
-0.402014
-0.399456
-0.397066
-0.39512
-0.393846
-0.393382
-0.393781
-0.394958
