1.20173
1.20331
1.20445
1.20492
1.20449
1.20291
1.19999
1.19571
1.19039
1.18481
1.18019
1.17775
1.17814
1.18103
1.18536
1.18988
1.19365
1.19619
1.1974
1.1974
1.19639
1.19463
1.1924
1.18997
1.18762
1.18559
1.18404
1.18302
1.18242
1.18199
1.18136
1.18008
1.17773
1.17402
1.16903
1.16339
1.1584
1.15562
1.1561
1.15973
1.16524
1.17104
1.17585
1.17904
1.18044
1.18019
1.17851
1.17567
1.172
1.16788
1.16382
1.16035
1.15798
1.15702
1.15748
1.15907
1.16133
1.16379
1.16609
1.16799
1.16939
1.17027
1.17066
1.17061
1.17017
1.16942
1.16845
1.16737
1.16632
1.16545
1.16487
1.16467
1.16488
1.16546
1.16631
1.16735
1.16847
1.1696
1.17072
1.17181
1.1729
1.17397
1.17501
1.17599
1.17686
1.17753
1.17793
1.17801
1.1777
1.17699
1.17589
1.17447
1.17283
1.17113
1.16954
1.16824
1.16739
1.16707
1.16733
1.16812
