1.40496
1.40496
1.40496
1.40497
1.40497
1.40497
1.40497
1.40497
1.40498
1.40499
1.40498
1.40498
1.40498
1.40498
1.40497
1.40497
1.40497
1.40497
1.40496
1.40496
1.40496
1.40496
1.40498
1.40498
1.40497
1.40497
1.40497
1.40497
1.40496
1.40496
1.40496
1.40496
1.40495
1.40495
1.40495
1.40495
1.40495
1.40494
1.40495
1.40495
1.40494
1.40494
1.40494
1.40495
1.40494
1.40495
1.40495
1.40495
1.40495
1.40494
1.40494
1.40494
1.40494
1.40493
1.40494
1.40495
1.40494
1.40495
1.40494
1.40495
1.40495
1.40495
1.40495
1.40495
1.40496
1.40494
1.40495
1.40495
1.40494
1.40494
1.40494
1.40494
1.40494
1.40493
1.40493
1.40493
1.40493
1.40493
1.40493
1.40493
1.40493
1.40492
1.40493
1.40493
1.40493
1.40493
1.40493
1.40492
1.40493
1.40492
1.40492
1.40492
1.40492
1.40492
1.40491
1.4049
1.40491
1.40491
1.40491
1.40491
