1.80174
1.80391
1.80617
1.80825
1.80992
1.81103
1.81153
1.81149
1.81106
1.81045
1.80986
1.80942
1.80914
1.80888
1.8084
1.80741
1.80571
1.80325
1.80014
1.79661
1.7929
1.78929
1.78615
1.78405
1.78362
1.78521
1.78859
1.79295
1.79739
1.80134
1.80478
1.80803
1.8114
1.81497
1.81851
1.8216
1.82384
1.82496
1.82487
1.82365
1.82147
1.8186
1.81536
1.81215
1.80942
1.80763
1.80721
1.80841
1.81122
1.81532
1.82022
1.82533
1.83016
1.83437
1.83776
1.84028
1.84196
1.84289
1.84318
1.84295
1.84231
1.84136
1.84018
1.83885
1.83742
1.83592
1.83438
1.8328
1.83116
1.82946
1.82767
1.82575
1.82367
1.8214
1.81889
1.81612
1.81306
1.80969
1.80604
1.80216
1.79816
1.79421
1.79051
1.78729
1.78479
1.7832
1.78264
1.78317
1.78474
1.78723
1.79044
1.79412
1.79801
1.80185
1.80543
1.80859
1.81123
1.81331
1.81484
1.81583
