-0.396773
-0.398954
-0.401218
-0.403284
-0.404947
-0.406055
-0.406559
-0.406519
-0.406083
-0.405465
-0.404879
-0.404443
-0.404162
-0.403906
-0.403426
-0.402435
-0.400741
-0.398282
-0.395187
-0.391656
-0.387946
-0.384329
-0.38117
-0.379066
-0.378646
-0.380241
-0.383618
-0.387981
-0.392427
-0.396383
-0.399823
-0.403071
-0.406448
-0.410022
-0.413562
-0.416653
-0.418894
-0.420015
-0.419925
-0.418698
-0.416531
-0.413659
-0.410421
-0.407207
-0.404471
-0.402678
-0.402256
-0.403464
-0.406273
-0.41038
-0.415276
-0.420389
-0.425228
-0.429437
-0.432823
-0.435331
-0.437017
-0.437936
-0.438236
-0.438
-0.43736
-0.436407
-0.435231
-0.433905
-0.432464
-0.430978
-0.429432
-0.427849
-0.426222
-0.424527
-0.422733
-0.420812
-0.418736
-0.416465
-0.413963
-0.411197
-0.408128
-0.404764
-0.401107
-0.39723
-0.393237
-0.389286
-0.385582
-0.382366
-0.379862
-0.378273
-0.377711
-0.37825
-0.379814
-0.382306
-0.385518
-0.3892
-0.393093
-0.396928
-0.400519
-0.403683
-0.406324
-0.408405
-0.409932
-0.410925
