1.20116
1.20261
1.20412
1.2055
1.20661
1.20735
1.20769
1.20766
1.20737
1.20697
1.20657
1.20628
1.2061
1.20592
1.2056
1.20494
1.20381
1.20217
1.2001
1.19774
1.19527
1.19286
1.19077
1.18936
1.18908
1.19014
1.19239
1.1953
1.19826
1.20089
1.20319
1.20535
1.2076
1.20998
1.21234
1.2144
1.21589
1.21664
1.21658
1.21577
1.21431
1.2124
1.21024
1.2081
1.20628
1.20508
1.20481
1.20561
1.20748
1.21022
1.21348
1.21689
1.22011
1.22291
1.22517
1.22685
1.22797
1.22859
1.22879
1.22863
1.22821
1.22757
1.22679
1.2259
1.22495
1.22395
1.22292
1.22186
1.22078
1.21964
1.21845
1.21717
1.21578
1.21427
1.2126
1.21075
1.20871
1.20646
1.20403
1.20144
1.19878
1.19614
1.19367
1.19153
1.18986
1.1888
1.18843
1.18878
1.18983
1.19149
1.19363
1.19608
1.19867
1.20123
1.20362
1.20572
1.20749
1.20888
1.20989
1.21056
