1.38903
1.38903
1.38904
1.38904
1.38905
1.38905
1.38905
1.38903
1.38903
1.38904
1.38903
1.38904
1.38904
1.38903
1.38903
1.38902
1.38902
1.38902
1.38901
1.389
1.389
1.389
1.38899
1.38898
1.38899
1.389
1.389
1.389
1.389
1.389
1.38901
1.389
1.389
1.38901
1.38901
1.38901
1.38901
1.38901
1.38901
1.38901
1.38901
1.38902
1.38901
1.38902
1.38902
1.38902
1.38901
1.38901
1.38901
1.38901
1.38902
1.38901
1.38901
1.38902
1.38903
1.38902
1.38902
1.38902
1.38903
1.38903
1.38903
1.38902
1.38903
1.38903
1.38902
1.38902
1.38903
1.38902
1.38902
1.38903
1.38903
1.38903
1.38903
1.38903
1.38903
1.38904
1.38903
1.38904
1.38904
1.38904
1.38904
1.38903
1.38903
1.38902
1.38902
1.38902
1.38902
1.38902
1.38901
1.38901
1.38902
1.38902
1.38902
1.38901
1.38901
1.38902
1.38902
1.38903
1.38902
1.38902
