-0.411454
-0.411564
-0.411321
-0.41082
-0.410126
-0.409333
-0.408504
-0.407731
-0.407055
-0.406535
-0.406227
-0.406114
-0.406235
-0.406566
-0.407063
-0.4077
-0.408439
-0.409267
-0.410171
-0.411157
-0.412225
-0.413398
-0.414671
-0.416019
-0.417365
-0.418626
-0.419686
-0.420392
-0.420594
-0.420172
-0.419077
-0.417328
-0.415002
-0.412211
-0.409043
-0.405456
-0.401272
-0.396195
-0.389937
-0.382371
-0.373749
-0.364758
-0.356553
-0.350577
-0.348395
-0.351214
-0.359284
-0.371561
-0.385979
-0.400246
-0.412524
-0.421826
-0.427862
-0.430922
-0.431603
-0.430706
-0.429056
-0.427434
-0.426467
-0.426559
-0.427819
-0.430088
-0.433035
-0.436267
-0.439409
-0.442155
-0.444323
-0.44588
-0.446826
-0.447284
-0.447395
-0.447304
-0.447167
-0.447095
-0.447154
-0.447371
-0.447739
-0.448166
-0.448585
-0.448887
-0.448988
-0.448797
-0.44826
-0.447365
-0.446106
-0.444505
-0.442573
-0.440281
-0.437545
-0.434178
-0.429999
-0.424876
-0.418874
-0.412465
-0.40657
-0.402442
-0.40116
-0.403029
-0.407371
-0.412879
