1.80048
1.80059
1.80036
1.79986
1.79918
1.79838
1.79755
1.79676
1.79609
1.79557
1.79525
1.79516
1.79528
1.7956
1.79609
1.79672
1.79746
1.79828
1.79918
1.80016
1.80123
1.8024
1.80366
1.805
1.80635
1.80763
1.80869
1.80939
1.80959
1.80918
1.80808
1.80633
1.80401
1.80122
1.79805
1.79447
1.79028
1.78521
1.77895
1.77138
1.76276
1.75378
1.74557
1.73959
1.73741
1.74023
1.74829
1.76057
1.77499
1.78926
1.80154
1.81084
1.81688
1.81994
1.82063
1.81973
1.81808
1.81645
1.8155
1.81559
1.81684
1.81911
1.82206
1.82529
1.82843
1.83117
1.83335
1.8349
1.83585
1.83631
1.83642
1.83633
1.8362
1.83612
1.83619
1.83641
1.83677
1.83721
1.83763
1.83793
1.83803
1.83783
1.83729
1.83639
1.83513
1.83353
1.83159
1.8293
1.82655
1.82319
1.81902
1.81389
1.80789
1.80148
1.79558
1.79146
1.79018
1.79206
1.7964
1.8019
