1.20032
1.2004
1.20024
1.19991
1.19945
1.19892
1.19837
1.19784
1.19739
1.19705
1.19684
1.19677
1.19685
1.19707
1.1974
1.19782
1.19831
1.19886
1.19945
1.20011
1.20082
1.2016
1.20244
1.20333
1.20424
1.20508
1.20579
1.20626
1.20639
1.20612
1.20539
1.20422
1.20267
1.20081
1.1987
1.19631
1.19352
1.19014
1.18596
1.18092
1.17518
1.16919
1.16371
1.15973
1.15828
1.16015
1.16553
1.17371
1.18333
1.19284
1.20103
1.20722
1.21125
1.21329
1.21375
1.21315
1.21205
1.21097
1.21033
1.21039
1.21123
1.21274
1.21471
1.21686
1.21895
1.22078
1.22223
1.22327
1.2239
1.22421
1.22428
1.22422
1.22413
1.22408
1.22413
1.22428
1.22452
1.22481
1.22508
1.22529
1.22535
1.22522
1.22486
1.22426
1.22342
1.22235
1.22106
1.21953
1.2177
1.21546
1.21268
1.20926
1.20526
1.20098
1.19706
1.19431
1.19346
1.1947
1.1976
1.20127
