1.80523
1.81007
1.81432
1.81851
1.82316
1.82848
1.83427
1.84011
1.84553
1.85024
1.85412
1.85722
1.85967
1.86161
1.86315
1.86432
1.86507
1.86525
1.86456
1.8626
1.8588
1.85244
1.84283
1.82958
1.81325
1.79596
1.78135
1.7729
1.77153
1.77492
1.7794
1.78239
1.78323
1.78274
1.78231
1.78317
1.78596
1.79066
1.79669
1.80321
1.80937
1.81453
1.81834
1.82067
1.82163
1.82142
1.8203
1.81857
1.81648
1.81431
1.81227
1.81053
1.80925
1.8085
1.8083
1.80864
1.80946
1.81068
1.8122
1.81392
1.81575
1.81757
1.81931
1.82088
1.82221
1.82322
1.82387
1.82412
1.82394
1.82337
1.82246
1.8213
1.82004
1.81885
1.81791
1.81738
1.81734
1.81781
1.8187
1.81989
1.82118
1.8224
1.82339
1.82404
1.82428
1.82407
1.82342
1.82235
1.82093
1.81924
1.81737
1.81545
1.8136
1.81194
1.81057
1.80954
1.80886
1.80844
1.80819
1.80793
