1.38684
1.38684
1.38685
1.38685
1.38685
1.38686
1.38686
1.38686
1.38687
1.38687
1.38688
1.38688
1.38688
1.38689
1.38689
1.38689
1.38689
1.38689
1.3869
1.3869
1.38691
1.3869
1.38691
1.38691
1.38691
1.38691
1.38691
1.38691
1.38691
1.3869
1.3869
1.38691
1.3869
1.3869
1.3869
1.3869
1.38691
1.3869
1.3869
1.3869
1.3869
1.3869
1.38689
1.3869
1.3869
1.3869
1.3869
1.3869
1.38689
1.38689
1.38688
1.38687
1.38687
1.38687
1.38687
1.38686
1.38687
1.38686
1.38686
1.38687
1.38687
1.38688
1.38688
1.38687
1.38687
1.38687
1.38687
1.38686
1.38685
1.38685
1.38684
1.38683
1.38684
1.38684
1.38684
1.38683
1.38683
1.38683
1.38683
1.38683
1.38683
1.38682
1.38682
1.38681
1.38682
1.38681
1.38681
1.3868
1.3868
1.3868
1.3868
1.3868
1.38681
1.38681
1.38681
1.3868
1.38679
1.3868
1.3868
1.3868
