-0.418391
-0.423224
-0.427471
-0.431656
-0.436306
-0.44162
-0.447411
-0.453242
-0.458655
-0.463363
-0.467243
-0.470343
-0.472785
-0.474714
-0.476253
-0.477433
-0.478189
-0.47836
-0.47766
-0.475703
-0.471888
-0.465542
-0.455921
-0.442677
-0.426331
-0.409041
-0.394436
-0.385994
-0.384628
-0.388015
-0.392497
-0.395479
-0.396327
-0.395843
-0.395416
-0.396266
-0.399054
-0.403754
-0.409785
-0.416307
-0.422467
-0.427635
-0.431442
-0.43377
-0.434726
-0.434516
-0.433403
-0.431668
-0.42959
-0.427422
-0.425382
-0.423663
-0.422379
-0.421624
-0.42143
-0.421775
-0.422592
-0.423814
-0.425337
-0.427054
-0.428876
-0.430695
-0.432436
-0.434009
-0.435336
-0.436353
-0.437006
-0.43726
-0.43709
-0.436522
-0.435621
-0.434467
-0.433202
-0.432011
-0.431076
-0.430545
-0.430511
-0.430981
-0.43187
-0.433053
-0.434349
-0.435578
-0.436573
-0.43723
-0.437464
-0.437265
-0.436607
-0.43555
-0.43413
-0.432438
-0.430573
-0.428652
-0.426794
-0.425136
-0.423761
-0.422741
-0.422062
-0.421646
-0.421389
-0.421126
