1.20349
1.20671
1.20955
1.21234
1.21544
1.21899
1.22285
1.22674
1.23035
1.23349
1.23608
1.23815
1.23978
1.24107
1.2421
1.24288
1.24338
1.2435
1.24304
1.24173
1.2392
1.23496
1.22856
1.21972
1.20883
1.1973
1.18756
1.18193
1.18102
1.18328
1.18627
1.18826
1.18882
1.18849
1.18821
1.18878
1.19064
1.19377
1.19779
1.20214
1.20625
1.20969
1.21222
1.21378
1.21442
1.21428
1.21354
1.21238
1.21099
1.20954
1.20818
1.20702
1.20617
1.20566
1.20553
1.20576
1.20631
1.20712
1.20813
1.20928
1.2105
1.21171
1.21287
1.21392
1.21481
1.21548
1.21591
1.21608
1.21596
1.21558
1.21497
1.2142
1.21336
1.21257
1.21194
1.21159
1.21156
1.21187
1.21247
1.21326
1.21412
1.21493
1.21559
1.21603
1.21619
1.21605
1.21561
1.2149
1.21395
1.21282
1.21158
1.2103
1.20907
1.20796
1.20705
1.20636
1.2059
1.20563
1.20546
1.20529
