1.8042
1.80804
1.81137
1.8143
1.8169
1.81925
1.82139
1.82335
1.82516
1.82682
1.82834
1.82973
1.831
1.83216
1.83323
1.83425
1.83526
1.8363
1.83741
1.83863
1.83995
1.84137
1.84282
1.84425
1.84557
1.8467
1.84759
1.84822
1.84863
1.8489
1.84921
1.84974
1.85067
1.8521
1.854
1.85621
1.85848
1.86055
1.8622
1.86335
1.86403
1.8644
1.86467
1.86509
1.86585
1.86706
1.86877
1.87093
1.87344
1.87615
1.87894
1.8817
1.88435
1.88689
1.88933
1.8917
1.89402
1.8963
1.89847
1.90047
1.90217
1.90345
1.90417
1.90421
1.90345
1.90184
1.89939
1.89622
1.89262
1.88905
1.88606
1.88423
1.88396
1.88533
1.8881
1.8918
1.89588
1.8999
1.90355
1.90669
1.90927
1.91134
1.91297
1.91424
1.91521
1.91593
1.91644
1.91674
1.91685
1.91676
1.91645
1.91593
1.9152
1.9143
1.91328
1.91226
1.91136
1.91073
1.91054
1.91091
