-0.134486
-0.138329
-0.14166
-0.144575
-0.147183
-0.149529
-0.151667
-0.153629
-0.155441
-0.1571
-0.158626
-0.16001
-0.161275
-0.162433
-0.163508
-0.164533
-0.165542
-0.166584
-0.167698
-0.168912
-0.170226
-0.171637
-0.173096
-0.174523
-0.175842
-0.176975
-0.17787
-0.178495
-0.17889
-0.179154
-0.179465
-0.180005
-0.180941
-0.182373
-0.184267
-0.186478
-0.188755
-0.190821
-0.19248
-0.193625
-0.194301
-0.194669
-0.19495
-0.195366
-0.196122
-0.197349
-0.199059
-0.2012
-0.203707
-0.206425
-0.209218
-0.211974
-0.214625
-0.217149
-0.219596
-0.221966
-0.224292
-0.226579
-0.22876
-0.230748
-0.232454
-0.233744
-0.23447
-0.234502
-0.233748
-0.232142
-0.229691
-0.226531
-0.222929
-0.219342
-0.216361
-0.214536
-0.214254
-0.215613
-0.218383
-0.22208
-0.226156
-0.230188
-0.233846
-0.236975
-0.239554
-0.241622
-0.243253
-0.244527
-0.245488
-0.246213
-0.246715
-0.247014
-0.247121
-0.247027
-0.246718
-0.246194
-0.24547
-0.244565
-0.243547
-0.242526
-0.24162
-0.240996
-0.240804
-0.241179
