1.66972
1.66971
1.66971
1.66973
1.66972
1.66972
1.66972
1.66972
1.66971
1.66972
1.66971
1.66972
1.66972
1.66972
1.66972
1.66972
1.66972
1.66972
1.66972
1.66972
1.66973
1.66973
1.66972
1.66972
1.66972
1.66973
1.66972
1.66973
1.66974
1.66975
1.66974
1.66974
1.66973
1.66973
1.66973
1.66973
1.66972
1.66973
1.66972
1.66973
1.66973
1.66973
1.66972
1.66972
1.66972
1.66971
1.66971
1.66973
1.66973
1.66973
1.66972
1.66972
1.66973
1.66974
1.66973
1.66973
1.66973
1.66972
1.66971
1.66972
1.66972
1.66971
1.6697
1.66971
1.6697
1.6697
1.6697
1.66969
1.66969
1.6697
1.6697
1.6697
1.66971
1.66972
1.66972
1.66972
1.66973
1.66972
1.66971
1.66971
1.66971
1.66972
1.66972
1.66971
1.66972
1.66972
1.66972
1.66973
1.66973
1.66973
1.66973
1.66974
1.66973
1.66973
1.66974
1.66973
1.66974
1.66973
1.66973
1.66973
