1.2028
1.20536
1.20758
1.20953
1.21127
1.21283
1.21426
1.21557
1.21677
1.21788
1.21889
1.21982
1.22067
1.22144
1.22215
1.22283
1.22351
1.2242
1.22494
1.22575
1.22664
1.22758
1.22855
1.2295
1.23038
1.23113
1.23173
1.23215
1.23242
1.2326
1.23281
1.23316
1.23378
1.23473
1.236
1.23747
1.23899
1.24036
1.24147
1.24223
1.24269
1.24293
1.24312
1.24339
1.2439
1.24471
1.24585
1.24729
1.24896
1.25077
1.25263
1.25446
1.25624
1.25793
1.25955
1.26113
1.26268
1.2642
1.26565
1.26698
1.26811
1.26897
1.26945
1.26947
1.26897
1.26789
1.26626
1.26415
1.26175
1.25936
1.25737
1.25616
1.25597
1.25689
1.25873
1.2612
1.26392
1.2666
1.26904
1.27112
1.27285
1.27423
1.27531
1.27616
1.2768
1.27729
1.27762
1.27783
1.2779
1.27784
1.27763
1.27729
1.2768
1.2762
1.27552
1.27484
1.27424
1.27382
1.27369
1.27394
