1.80092
1.8025
1.80461
1.80713
1.8099
1.81277
1.8156
1.8183
1.82079
1.82307
1.8251
1.82689
1.82846
1.82982
1.83096
1.8319
1.83263
1.83314
1.83343
1.83346
1.83322
1.83266
1.83173
1.8304
1.82859
1.82628
1.82345
1.82014
1.81646
1.8126
1.80879
1.80529
1.80224
1.79968
1.79745
1.79535
1.79321
1.79109
1.78937
1.78869
1.78974
1.79301
1.79855
1.80593
1.81439
1.82305
1.83111
1.83799
1.84332
1.84694
1.84881
1.84907
1.84794
1.84584
1.84326
1.84077
1.83884
1.83771
1.83727
1.83714
1.83678
1.83571
1.83369
1.83075
1.82726
1.82382
1.82111
1.81968
1.81981
1.82138
1.824
1.82718
1.83047
1.83362
1.83653
1.83921
1.84172
1.84406
1.84619
1.84801
1.84938
1.85013
1.8501
1.84915
1.84721
1.84433
1.8407
1.83675
1.83309
1.83036
1.82904
1.82928
1.83079
1.83297
1.83514
1.83675
1.83744
1.83712
1.83589
1.83396
