-0.242135
-0.243706
-0.245822
-0.248347
-0.251122
-0.253981
-0.256806
-0.259497
-0.261993
-0.26426
-0.266285
-0.26808
-0.269659
-0.271016
-0.272158
-0.273102
-0.273835
-0.274342
-0.27463
-0.274674
-0.274428
-0.273864
-0.272936
-0.271612
-0.269811
-0.267494
-0.264659
-0.261348
-0.257677
-0.25382
-0.250019
-0.246508
-0.243468
-0.240908
-0.23869
-0.236582
-0.234438
-0.232318
-0.230602
-0.229926
-0.230982
-0.234252
-0.239787
-0.247168
-0.255633
-0.264296
-0.272355
-0.279229
-0.284561
-0.288183
-0.290061
-0.29031
-0.289191
-0.287078
-0.284504
-0.28202
-0.280091
-0.27896
-0.278521
-0.278391
-0.278034
-0.276976
-0.274946
-0.272013
-0.268535
-0.265098
-0.26238
-0.26097
-0.261097
-0.262671
-0.265307
-0.26847
-0.271764
-0.274917
-0.277826
-0.280513
-0.28302
-0.285356
-0.287496
-0.289322
-0.290685
-0.291432
-0.291407
-0.290464
-0.288523
-0.28564
-0.282018
-0.278067
-0.274401
-0.271663
-0.270348
-0.270587
-0.272098
-0.27428
-0.276453
-0.278051
-0.27876
-0.278443
-0.277213
-0.27529
