1.55879
1.55879
1.55879
1.55878
1.55878
1.55879
1.55879
1.5588
1.5588
1.55881
1.55881
1.55882
1.55881
1.5588
1.5588
1.5588
1.55879
1.5588
1.5588
1.55879
1.55879
1.55879
1.5588
1.55878
1.55878
1.55878
1.55879
1.55879
1.55878
1.55878
1.55877
1.55878
1.55877
1.55877
1.55876
1.55877
1.55877
1.55877
1.55877
1.55877
1.55876
1.55876
1.55876
1.55876
1.55876
1.55875
1.55875
1.55876
1.55876
1.55875
1.55875
1.55875
1.55875
1.55876
1.55876
1.55875
1.55875
1.55875
1.55875
1.55875
1.55874
1.55874
1.55874
1.55874
1.55872
1.55872
1.55873
1.55871
1.55871
1.55871
1.5587
1.55871
1.55871
1.5587
1.5587
1.5587
1.5587
1.55871
1.5587
1.55869
1.55869
1.55869
1.55869
1.55869
1.55869
1.55869
1.55868
1.55869
1.55869
1.55869
1.55869
1.5587
1.55869
1.55869
1.55869
1.5587
1.55868
1.55868
1.55868
1.55867
