1.20061
1.20166
1.20307
1.20475
1.2066
1.20851
1.2104
1.2122
1.21386
1.21538
1.21673
1.21793
1.21898
1.21988
1.22064
1.22127
1.22175
1.2221
1.22229
1.22231
1.22215
1.22177
1.22116
1.22026
1.21906
1.21752
1.21563
1.21343
1.21097
1.2084
1.20586
1.20352
1.20149
1.19978
1.1983
1.1969
1.19547
1.19406
1.19291
1.19246
1.19316
1.19534
1.19903
1.20395
1.20959
1.21536
1.22074
1.22533
1.22888
1.23129
1.23254
1.23271
1.23196
1.23056
1.22884
1.22718
1.2259
1.22514
1.22485
1.22476
1.22452
1.22381
1.22246
1.2205
1.21817
1.21588
1.21407
1.21312
1.21321
1.21425
1.216
1.21812
1.22031
1.22241
1.22435
1.22614
1.22781
1.22937
1.23079
1.23201
1.23292
1.23342
1.2334
1.23277
1.23148
1.22955
1.22713
1.2245
1.22206
1.22024
1.21936
1.21952
1.22053
1.22198
1.22343
1.2245
1.22496
1.22475
1.22393
1.22264
