1.79779
1.79543
1.79333
1.79173
1.79082
1.79067
1.79127
1.79254
1.79434
1.79649
1.79879
1.80103
1.80303
1.8046
1.80566
1.80615
1.80613
1.80576
1.80527
1.80498
1.80522
1.80625
1.80825
1.8112
1.81497
1.81929
1.82383
1.82827
1.8323
1.83564
1.83808
1.83942
1.83947
1.83809
1.83515
1.83062
1.82458
1.8173
1.80922
1.801
1.79331
1.78678
1.7818
1.77854
1.77696
1.77691
1.77807
1.78006
1.7824
1.78477
1.78708
1.78956
1.79271
1.79695
1.80235
1.80851
1.8147
1.82008
1.82398
1.82599
1.82598
1.82408
1.82065
1.81622
1.81138
1.80668
1.8025
1.79907
1.79663
1.79555
1.79631
1.79928
1.8044
1.81106
1.81828
1.82506
1.83062
1.83449
1.83648
1.83661
1.83498
1.83183
1.82751
1.82254
1.81759
1.81342
1.81067
1.80968
1.81038
1.81232
1.81484
1.81732
1.81928
1.82047
1.82082
1.82038
1.8193
1.81778
1.81602
1.8142
