-0.272976
-0.270619
-0.268519
-0.266924
-0.266012
-0.265867
-0.266464
-0.267732
-0.269528
-0.271689
-0.273983
-0.276233
-0.278218
-0.279794
-0.280841
-0.281324
-0.281311
-0.280923
-0.280429
-0.280154
-0.280403
-0.281437
-0.283431
-0.28638
-0.290149
-0.294468
-0.299012
-0.303444
-0.307469
-0.310815
-0.313251
-0.314582
-0.314642
-0.313263
-0.31033
-0.305805
-0.299766
-0.292474
-0.284408
-0.276196
-0.268513
-0.261989
-0.257008
-0.253741
-0.252167
-0.252106
-0.253281
-0.255271
-0.257615
-0.259986
-0.262284
-0.264764
-0.267914
-0.272144
-0.27754
-0.283713
-0.289902
-0.295285
-0.299186
-0.301187
-0.301169
-0.299265
-0.295838
-0.291411
-0.286578
-0.28187
-0.277684
-0.274265
-0.271821
-0.270736
-0.271492
-0.274465
-0.279584
-0.286247
-0.293466
-0.300242
-0.305797
-0.309664
-0.311661
-0.311783
-0.310161
-0.307011
-0.302693
-0.297715
-0.292769
-0.288588
-0.285839
-0.284856
-0.285551
-0.287478
-0.289999
-0.292485
-0.294449
-0.295643
-0.295975
-0.295536
-0.294448
-0.292927
-0.291155
-0.289337
