1.52482
1.52481
1.52481
1.52481
1.52481
1.5248
1.5248
1.52481
1.52481
1.5248
1.52481
1.5248
1.52481
1.52481
1.52482
1.52483
1.52482
1.52483
1.52484
1.52483
1.52481
1.52482
1.52482
1.52482
1.52482
1.52482
1.52482
1.52483
1.52483
1.52483
1.52483
1.52484
1.52483
1.52482
1.52482
1.52482
1.52482
1.52482
1.52482
1.5248
1.5248
1.52479
1.52479
1.5248
1.5248
1.5248
1.52479
1.52478
1.52479
1.52479
1.52479
1.5248
1.5248
1.52481
1.52481
1.5248
1.5248
1.5248
1.5248
1.5248
1.52481
1.52481
1.52481
1.52481
1.5248
1.52481
1.52482
1.52481
1.52481
1.52481
1.52482
1.52481
1.52482
1.52481
1.52482
1.52482
1.52482
1.52482
1.52482
1.52482
1.52482
1.52482
1.52482
1.52483
1.52483
1.52483
1.52483
1.52482
1.52483
1.52484
1.52484
1.52483
1.52483
1.52483
1.52484
1.52484
1.52486
1.52486
1.52486
1.52486
