1.19853
1.19696
1.19555
1.19449
1.19388
1.19378
1.19418
1.19503
1.19623
1.19766
1.19919
1.20069
1.20202
1.20307
1.20377
1.2041
1.20409
1.20384
1.20351
1.20332
1.20348
1.20417
1.2055
1.20747
1.20998
1.21286
1.21589
1.21885
1.22153
1.22376
1.22539
1.22628
1.22631
1.22539
1.22343
1.22041
1.21639
1.21153
1.20615
1.20067
1.19554
1.19119
1.18787
1.18569
1.18464
1.18461
1.18538
1.1867
1.18827
1.18985
1.19138
1.19304
1.19514
1.19797
1.20157
1.20567
1.2098
1.21339
1.21599
1.21733
1.21732
1.21605
1.21377
1.21081
1.20759
1.20445
1.20167
1.19938
1.19776
1.19703
1.19754
1.19952
1.20293
1.20737
1.21219
1.21671
1.22041
1.22299
1.22432
1.2244
1.22332
1.22122
1.21834
1.21503
1.21173
1.20895
1.20711
1.20645
1.20692
1.20821
1.20989
1.21155
1.21286
1.21365
1.21388
1.21359
1.21287
1.21186
1.21068
1.20947
