1.79838
1.79694
1.79587
1.79526
1.79515
1.7955
1.79624
1.79721
1.79822
1.79905
1.79951
1.79947
1.79891
1.79797
1.79694
1.79625
1.79634
1.79751
1.79987
1.8032
1.80708
1.81102
1.81454
1.81728
1.81901
1.81963
1.81916
1.81772
1.81553
1.81291
1.81024
1.80784
1.8059
1.8044
1.80311
1.80169
1.79989
1.79775
1.79569
1.79442
1.79469
1.79694
1.80105
1.80645
1.81235
1.81809
1.82323
1.82761
1.83127
1.83432
1.83691
1.83916
1.84118
1.84304
1.8448
1.84651
1.84821
1.84996
1.85179
1.85375
1.85586
1.8581
1.86045
1.86285
1.86523
1.8675
1.86956
1.87133
1.87273
1.87371
1.87427
1.87444
1.87428
1.87391
1.87342
1.87292
1.87249
1.87214
1.87186
1.87158
1.87125
1.87081
1.87025
1.86957
1.86872
1.86763
1.86614
1.86403
1.86103
1.85689
1.85147
1.84477
1.83701
1.82866
1.82041
1.81316
1.80795
1.80573
1.80715
1.81227
