-0.287632
-0.286196
-0.285133
-0.284513
-0.284403
-0.284749
-0.28548
-0.286457
-0.28747
-0.288295
-0.288773
-0.288736
-0.288171
-0.287239
-0.286205
-0.285521
-0.285602
-0.286772
-0.289116
-0.292456
-0.296342
-0.300283
-0.303801
-0.306534
-0.308265
-0.308885
-0.308413
-0.306975
-0.30479
-0.302177
-0.299503
-0.297098
-0.295156
-0.29366
-0.292368
-0.290951
-0.289141
-0.287002
-0.284949
-0.283677
-0.283953
-0.286199
-0.290316
-0.295722
-0.301629
-0.307372
-0.312512
-0.316893
-0.320554
-0.323612
-0.326204
-0.328466
-0.330511
-0.332372
-0.334136
-0.335839
-0.337537
-0.339286
-0.341126
-0.343078
-0.345175
-0.347426
-0.349778
-0.352172
-0.354558
-0.356835
-0.358898
-0.360664
-0.362072
-0.363049
-0.363615
-0.363787
-0.363636
-0.363248
-0.36276
-0.362276
-0.361839
-0.361491
-0.361203
-0.360925
-0.360596
-0.360159
-0.359602
-0.358908
-0.358065
-0.356969
-0.355481
-0.353375
-0.350378
-0.34624
-0.340816
-0.33411
-0.326345
-0.317985
-0.309731
-0.302487
-0.297275
-0.295061
-0.296482
-0.301614
