1.51075
1.51074
1.51074
1.51075
1.51074
1.51075
1.51076
1.51075
1.51075
1.51076
1.51074
1.51074
1.51074
1.51073
1.51074
1.51073
1.51073
1.51074
1.51075
1.51074
1.51074
1.51074
1.51074
1.51075
1.51074
1.51074
1.51075
1.51074
1.51074
1.51074
1.51074
1.51074
1.51074
1.51074
1.51075
1.51074
1.51075
1.51075
1.51074
1.51074
1.51074
1.51074
1.51073
1.51072
1.51072
1.51072
1.51072
1.51072
1.51071
1.51071
1.5107
1.5107
1.51067
1.51067
1.51067
1.51067
1.51067
1.51067
1.51067
1.51067
1.51068
1.51067
1.51067
1.51068
1.51067
1.51067
1.51067
1.51066
1.51066
1.51066
1.51066
1.51065
1.51065
1.51066
1.51066
1.51064
1.51065
1.51065
1.51066
1.51066
1.51065
1.51065
1.51065
1.51066
1.51065
1.51066
1.51066
1.51066
1.51065
1.51065
1.51066
1.51066
1.51067
1.51067
1.51067
1.51068
1.51068
1.51067
1.51067
1.51066
