1.19892
1.19796
1.19725
1.19684
1.19676
1.197
1.19749
1.19814
1.19881
1.19937
1.19968
1.19965
1.19927
1.19865
1.19796
1.1975
1.19756
1.19834
1.19991
1.20213
1.20472
1.20735
1.2097
1.21152
1.21267
1.21309
1.21277
1.21181
1.21035
1.20861
1.20683
1.20522
1.20393
1.20294
1.20208
1.20113
1.19993
1.1985
1.19712
1.19628
1.19646
1.19796
1.2007
1.2043
1.20824
1.21206
1.21549
1.21841
1.22085
1.22288
1.2246
1.22611
1.22746
1.2287
1.22987
1.23101
1.23214
1.23331
1.23453
1.23584
1.23724
1.23873
1.2403
1.2419
1.24349
1.245
1.24638
1.24755
1.24848
1.24914
1.24951
1.24963
1.24952
1.24927
1.24894
1.24861
1.24832
1.24809
1.24791
1.24772
1.2475
1.24721
1.24684
1.24638
1.24581
1.24509
1.2441
1.24269
1.24069
1.23793
1.23431
1.22985
1.22467
1.2191
1.2136
1.20878
1.2053
1.20382
1.20477
1.20818
