1.80776
1.8179
1.82892
1.83986
1.85021
1.85978
1.8686
1.87677
1.8843
1.89113
1.89714
1.90221
1.90625
1.90923
1.91116
1.91212
1.9122
1.91152
1.91017
1.90826
1.90588
1.9031
1.90001
1.8967
1.8933
1.88995
1.88687
1.88427
1.88236
1.8813
1.88117
1.88189
1.8833
1.88514
1.88714
1.88901
1.89052
1.89146
1.89167
1.89103
1.88943
1.88679
1.88303
1.87811
1.87206
1.86494
1.85695
1.8484
1.83972
1.83152
1.82445
1.81924
1.8165
1.81665
1.81981
1.82571
1.83375
1.84307
1.85281
1.86216
1.87056
1.87765
1.88331
1.88758
1.89063
1.8927
1.89408
1.89502
1.89577
1.89647
1.89721
1.89799
1.89873
1.89934
1.89972
1.89976
1.89941
1.89862
1.89739
1.89567
1.89345
1.89065
1.88717
1.88291
1.8778
1.87188
1.86535
1.85866
1.8525
1.84764
1.84481
1.84447
1.84663
1.85091
1.85661
1.86293
1.86913
1.87459
1.87891
1.8819
