-0.309719
-0.319873
-0.330889
-0.341839
-0.352171
-0.361733
-0.370568
-0.378738
-0.38626
-0.393083
-0.399094
-0.404165
-0.408217
-0.411189
-0.413119
-0.414078
-0.414166
-0.413471
-0.412126
-0.410219
-0.407836
-0.405061
-0.40196
-0.398647
-0.39524
-0.391894
-0.388804
-0.386198
-0.384287
-0.38322
-0.383078
-0.383797
-0.385204
-0.387045
-0.38905
-0.390928
-0.392439
-0.393378
-0.393595
-0.392954
-0.391359
-0.388713
-0.384945
-0.380036
-0.37398
-0.366863
-0.358866
-0.350307
-0.341631
-0.333417
-0.326361
-0.32115
-0.318407
-0.318558
-0.321712
-0.327609
-0.335636
-0.344966
-0.354704
-0.364062
-0.372468
-0.379561
-0.38522
-0.389481
-0.392532
-0.394606
-0.395984
-0.396928
-0.397663
-0.398363
-0.399103
-0.399876
-0.400625
-0.401234
-0.401611
-0.401655
-0.401296
-0.400515
-0.399279
-0.397562
-0.395328
-0.392528
-0.389049
-0.384793
-0.379691
-0.373759
-0.367242
-0.360554
-0.354401
-0.349542
-0.346727
-0.346378
-0.348541
-0.35282
-0.358518
-0.36484
-0.371036
-0.376502
-0.380827
-0.383817
