1.49804
1.49803
1.49803
1.49803
1.49804
1.49804
1.49804
1.49803
1.49804
1.49805
1.49805
1.49805
1.49804
1.49804
1.49804
1.49804
1.49804
1.49805
1.49804
1.49804
1.49804
1.49804
1.49805
1.49806
1.49806
1.49806
1.49807
1.49807
1.49807
1.49808
1.49809
1.49809
1.49809
1.4981
1.49809
1.49808
1.49808
1.49808
1.49808
1.49808
1.49808
1.49808
1.49808
1.49808
1.49808
1.49808
1.49809
1.49809
1.49809
1.4981
1.49809
1.49809
1.49809
1.49809
1.4981
1.49811
1.49811
1.49811
1.4981
1.4981
1.49809
1.49809
1.49809
1.4981
1.4981
1.4981
1.49809
1.49809
1.4981
1.49811
1.49811
1.49811
1.49811
1.49811
1.4981
1.4981
1.49811
1.49811
1.49811
1.49811
1.49812
1.49812
1.49812
1.49812
1.49811
1.49812
1.4981
1.49811
1.4981
1.4981
1.49808
1.49809
1.49809
1.49809
1.49809
1.49809
1.49809
1.49808
1.49808
1.49809
