1.20517
1.21193
1.21928
1.22658
1.23347
1.23985
1.24574
1.25118
1.2562
1.26075
1.26476
1.26814
1.27084
1.27282
1.27411
1.27475
1.2748
1.27434
1.27345
1.27217
1.27058
1.26873
1.26667
1.26447
1.2622
1.25997
1.25791
1.25618
1.25491
1.2542
1.25411
1.25459
1.25553
1.25676
1.25809
1.25934
1.26034
1.26097
1.26111
1.26069
1.25962
1.25786
1.25535
1.25208
1.24804
1.2433
1.23797
1.23226
1.22648
1.22101
1.2163
1.21283
1.211
1.2111
1.21321
1.21714
1.2225
1.22872
1.2352
1.24144
1.24704
1.25177
1.25554
1.25839
1.26042
1.2618
1.26272
1.26335
1.26384
1.26431
1.26481
1.26533
1.26582
1.26623
1.26648
1.26651
1.26627
1.26575
1.26492
1.26378
1.2623
1.26043
1.25811
1.25527
1.25187
1.24792
1.24356
1.23911
1.235
1.23176
1.22987
1.22964
1.23109
1.23394
1.23774
1.24196
1.24608
1.24972
1.25261
1.2546
