1.80162
1.80254
1.80327
1.80461
1.80729
1.81165
1.81754
1.82434
1.83125
1.83757
1.84284
1.84685
1.84963
1.8513
1.85207
1.8521
1.85155
1.85049
1.84895
1.8469
1.84429
1.84116
1.83764
1.83408
1.83097
1.82886
1.82819
1.82911
1.83139
1.8345
1.8378
1.84069
1.84275
1.84369
1.84341
1.84193
1.83938
1.83595
1.83191
1.82757
1.82321
1.8191
1.81544
1.81244
1.8103
1.80919
1.80929
1.81071
1.81348
1.81748
1.8225
1.82823
1.83431
1.84038
1.8461
1.85123
1.85555
1.85893
1.86125
1.86237
1.86212
1.8603
1.85675
1.85148
1.84487
1.83786
1.83188
1.82839
1.82826
1.83124
1.83613
1.8414
1.84587
1.84894
1.85052
1.85085
1.85031
1.84929
1.84813
1.84707
1.84624
1.84564
1.84522
1.84487
1.84446
1.84387
1.84302
1.84189
1.84048
1.83882
1.83697
1.83497
1.8329
1.8308
1.82876
1.82685
1.82522
1.824
1.82338
1.82351
