-0.385545
-0.386465
-0.387211
-0.388558
-0.39124
-0.395595
-0.401482
-0.408282
-0.415203
-0.421518
-0.426788
-0.430797
-0.433576
-0.435252
-0.436012
-0.436033
-0.435471
-0.434414
-0.432873
-0.430813
-0.428209
-0.425087
-0.42157
-0.417998
-0.414885
-0.412775
-0.412117
-0.413046
-0.415315
-0.418417
-0.421724
-0.424629
-0.426675
-0.427616
-0.42735
-0.425874
-0.423313
-0.419877
-0.415841
-0.411496
-0.407132
-0.403004
-0.39935
-0.396356
-0.394214
-0.393115
-0.393211
-0.394631
-0.397386
-0.401386
-0.4064
-0.412133
-0.418215
-0.424294
-0.430021
-0.435137
-0.439465
-0.442841
-0.445163
-0.446273
-0.446026
-0.444206
-0.440656
-0.435386
-0.428779
-0.421775
-0.415785
-0.412298
-0.412171
-0.415157
-0.42004
-0.425307
-0.42978
-0.432838
-0.434417
-0.434754
-0.434209
-0.433189
-0.432036
-0.430975
-0.430148
-0.429551
-0.429128
-0.428775
-0.428359
-0.427769
-0.426924
-0.425779
-0.424362
-0.422704
-0.420852
-0.418854
-0.416787
-0.414688
-0.412638
-0.410727
-0.409087
-0.407865
-0.407247
-0.407375
