1.41607
1.41607
1.41606
1.41606
1.41605
1.41605
1.41605
1.41605
1.41605
1.41606
1.41605
1.41606
1.41605
1.41605
1.41606
1.41607
1.41608
1.41608
1.41608
1.41608
1.41608
1.41607
1.41607
1.41608
1.41608
1.41608
1.41608
1.41607
1.41607
1.41608
1.41607
1.41606
1.41607
1.41607
1.41606
1.41606
1.41606
1.41607
1.41607
1.41608
1.41608
1.41609
1.41609
1.41609
1.41608
1.41608
1.41608
1.41608
1.41609
1.41609
1.4161
1.4161
1.4161
1.41608
1.41608
1.41609
1.41609
1.41609
1.41609
1.4161
1.41609
1.41609
1.41609
1.41609
1.41609
1.41609
1.41609
1.41609
1.41609
1.41609
1.41609
1.41609
1.41609
1.41611
1.41611
1.4161
1.4161
1.4161
1.4161
1.4161
1.41609
1.41609
1.4161
1.4161
1.4161
1.4161
1.4161
1.41611
1.41612
1.41612
1.41611
1.41612
1.41611
1.41612
1.41612
1.41613
1.41613
1.41614
1.41613
1.41614
