1.20108
1.20169
1.20218
1.20308
1.20486
1.20777
1.21169
1.21622
1.22083
1.22505
1.22856
1.23123
1.23309
1.2342
1.23471
1.23473
1.23437
1.23366
1.23263
1.23126
1.22953
1.22744
1.2251
1.22272
1.22065
1.21924
1.21879
1.21941
1.22093
1.223
1.2252
1.22713
1.2285
1.22913
1.22894
1.22796
1.22625
1.22396
1.22128
1.21838
1.21548
1.21273
1.21029
1.2083
1.20686
1.20613
1.20619
1.20714
1.20898
1.21165
1.215
1.21882
1.22288
1.22692
1.23074
1.23415
1.23703
1.23929
1.24083
1.24158
1.24141
1.2402
1.23783
1.23432
1.22991
1.22524
1.22125
1.21893
1.21884
1.22083
1.22408
1.2276
1.23058
1.23263
1.23368
1.2339
1.23354
1.23286
1.23209
1.23138
1.23082
1.23043
1.23015
1.22992
1.22964
1.22924
1.22868
1.22793
1.22698
1.22588
1.22464
1.22331
1.22193
1.22054
1.21917
1.2179
1.21681
1.216
1.21559
1.21567
