1.80093
1.80275
1.80531
1.80845
1.81194
1.81556
1.81912
1.82247
1.82551
1.82817
1.83041
1.83219
1.83351
1.83441
1.83496
1.83524
1.83538
1.83552
1.83577
1.83623
1.83694
1.83785
1.83891
1.83999
1.84099
1.8418
1.84232
1.84253
1.8424
1.84193
1.84116
1.8401
1.83878
1.8372
1.83534
1.8332
1.83072
1.82787
1.82466
1.82109
1.81722
1.81315
1.809
1.80493
1.80108
1.79761
1.79467
1.79237
1.79082
1.7901
1.79024
1.79126
1.79312
1.79573
1.79893
1.80252
1.80622
1.80978
1.81296
1.81561
1.81762
1.81899
1.81979
1.82014
1.82019
1.82012
1.82006
1.82014
1.82045
1.821
1.8218
1.82279
1.8239
1.82505
1.82617
1.82717
1.828
1.82863
1.82902
1.82915
1.82902
1.82862
1.82795
1.82701
1.8258
1.82434
1.82264
1.82074
1.8187
1.81662
1.81457
1.81267
1.81096
1.80945
1.80811
1.80684
1.80562
1.80443
1.80335
1.80248
