-0.408334
-0.410155
-0.412723
-0.415859
-0.41934
-0.422965
-0.426522
-0.429878
-0.432927
-0.435581
-0.437824
-0.43961
-0.440933
-0.441839
-0.442386
-0.442665
-0.442811
-0.442951
-0.443209
-0.443675
-0.444374
-0.445286
-0.446335
-0.447424
-0.448429
-0.449218
-0.44974
-0.449948
-0.44981
-0.449347
-0.448581
-0.447521
-0.446187
-0.444608
-0.442755
-0.4406
-0.438115
-0.435268
-0.432053
-0.42849
-0.42463
-0.420576
-0.416432
-0.412351
-0.408497
-0.405024
-0.402082
-0.39979
-0.398244
-0.397516
-0.39766
-0.398675
-0.400535
-0.40315
-0.406357
-0.409936
-0.413644
-0.417203
-0.420388
-0.423032
-0.425042
-0.426408
-0.427204
-0.427552
-0.427605
-0.427532
-0.427473
-0.427555
-0.427855
-0.428415
-0.429215
-0.430214
-0.431327
-0.432481
-0.433601
-0.434603
-0.435439
-0.43607
-0.436454
-0.436589
-0.43646
-0.43606
-0.435391
-0.434443
-0.433241
-0.431783
-0.430076
-0.428173
-0.42614
-0.424059
-0.422017
-0.42011
-0.418401
-0.416883
-0.415532
-0.414269
-0.413054
-0.411866
-0.410782
-0.409909
