1.3926
1.39259
1.39259
1.39259
1.3926
1.39259
1.39259
1.39259
1.39259
1.39259
1.39258
1.39257
1.39258
1.39258
1.39257
1.39257
1.39257
1.39257
1.39256
1.39256
1.39256
1.39257
1.39257
1.39257
1.39256
1.39258
1.39258
1.39258
1.39259
1.39258
1.39258
1.39258
1.39259
1.39259
1.39259
1.3926
1.3926
1.39261
1.39261
1.3926
1.39259
1.39258
1.39257
1.39258
1.39258
1.39259
1.39258
1.39258
1.39258
1.39258
1.39258
1.39258
1.39258
1.39258
1.39258
1.39258
1.39258
1.39258
1.39258
1.39257
1.39257
1.39258
1.39259
1.39259
1.39259
1.39258
1.39258
1.39259
1.39259
1.39259
1.39259
1.39258
1.39258
1.39257
1.39257
1.39257
1.39257
1.39256
1.39257
1.39256
1.39256
1.39256
1.39256
1.39256
1.39256
1.39255
1.39256
1.39257
1.39256
1.39256
1.39256
1.39256
1.39256
1.39257
1.39257
1.39258
1.39256
1.39256
1.39257
1.39257
