1.20062
1.20183
1.20354
1.20563
1.20796
1.21037
1.21274
1.21498
1.21701
1.21878
1.22027
1.22146
1.22234
1.22294
1.2233
1.22349
1.22359
1.22368
1.22385
1.22416
1.22462
1.22523
1.22594
1.22666
1.22733
1.22786
1.22822
1.22835
1.22826
1.22795
1.22744
1.22673
1.22585
1.2248
1.22356
1.22213
1.22048
1.21858
1.21644
1.21406
1.21148
1.20877
1.206
1.20329
1.20072
1.19841
1.19644
1.19491
1.19388
1.1934
1.19349
1.19417
1.19541
1.19715
1.19929
1.20168
1.20415
1.20652
1.20864
1.2104
1.21174
1.21266
1.21319
1.21343
1.21346
1.21341
1.21337
1.21343
1.21363
1.214
1.21453
1.21519
1.21594
1.2167
1.21744
1.21811
1.21867
1.21909
1.21935
1.21944
1.21935
1.21908
1.21863
1.218
1.2172
1.21622
1.21509
1.21383
1.21247
1.21108
1.20972
1.20845
1.20731
1.2063
1.2054
1.20456
1.20375
1.20295
1.20223
1.20165
