1.79944
1.79907
1.79874
1.7982
1.79726
1.79594
1.79456
1.79375
1.79416
1.79625
1.80001
1.80498
1.81046
1.81578
1.8205
1.82441
1.82754
1.83003
1.83206
1.83381
1.83543
1.837
1.83856
1.84011
1.84159
1.84294
1.84407
1.84489
1.84528
1.84512
1.84425
1.84245
1.83943
1.83486
1.8285
1.82037
1.81107
1.80207
1.79545
1.79303
1.79527
1.80082
1.80731
1.81253
1.81517
1.81487
1.81197
1.80715
1.80118
1.79462
1.78781
1.78094
1.77441
1.76909
1.7662
1.76668
1.77036
1.7759
1.78151
1.78611
1.78991
1.79422
1.80044
1.80898
1.81886
1.8283
1.83555
1.8395
1.8397
1.8363
1.82994
1.82167
1.81281
1.80472
1.79851
1.79499
1.79455
1.79718
1.80238
1.80927
1.81688
1.82442
1.83143
1.83768
1.84311
1.84768
1.8514
1.85425
1.85628
1.85753
1.85805
1.85792
1.8572
1.85593
1.85415
1.85189
1.84915
1.84597
1.8424
1.83851
