-0.409311
-0.40894
-0.408613
-0.408071
-0.407123
-0.405802
-0.404424
-0.403609
-0.404022
-0.406111
-0.409867
-0.414834
-0.420313
-0.42564
-0.430361
-0.434274
-0.437398
-0.439887
-0.441919
-0.443665
-0.445281
-0.446857
-0.448419
-0.449964
-0.451453
-0.452808
-0.453939
-0.454757
-0.455147
-0.454994
-0.454127
-0.45232
-0.449312
-0.444751
-0.438406
-0.430268
-0.420971
-0.41197
-0.405345
-0.402928
-0.405165
-0.410711
-0.417203
-0.422433
-0.425077
-0.424778
-0.421876
-0.417069
-0.411088
-0.404532
-0.397725
-0.39085
-0.384318
-0.37899
-0.3761
-0.376576
-0.380257
-0.385796
-0.391415
-0.396009
-0.399812
-0.404123
-0.410334
-0.418879
-0.428756
-0.438193
-0.445453
-0.449396
-0.449595
-0.446189
-0.439827
-0.431566
-0.422702
-0.414603
-0.408392
-0.404882
-0.404453
-0.407081
-0.412284
-0.419177
-0.42678
-0.434316
-0.441321
-0.447569
-0.452989
-0.457566
-0.461284
-0.464143
-0.466171
-0.467407
-0.467938
-0.467808
-0.467088
-0.465827
-0.464045
-0.461775
-0.459037
-0.455863
-0.45229
-0.448399
