1.39013
1.39013
1.39013
1.39013
1.39014
1.39014
1.39014
1.39014
1.39014
1.39014
1.39014
1.39015
1.39015
1.39014
1.39014
1.39014
1.39015
1.39014
1.39014
1.39015
1.39015
1.39014
1.39014
1.39015
1.39014
1.39014
1.39014
1.39013
1.39014
1.39013
1.39013
1.39013
1.39011
1.39011
1.3901
1.3901
1.3901
1.3901
1.3901
1.3901
1.3901
1.39011
1.39011
1.3901
1.39009
1.39009
1.39009
1.39008
1.39009
1.39009
1.39009
1.39009
1.39009
1.3901
1.3901
1.3901
1.3901
1.3901
1.3901
1.3901
1.3901
1.3901
1.39011
1.3901
1.39011
1.3901
1.3901
1.3901
1.3901
1.39011
1.39011
1.39011
1.39011
1.39011
1.39012
1.3901
1.3901
1.3901
1.3901
1.39009
1.3901
1.3901
1.3901
1.39011
1.39012
1.39012
1.39011
1.39011
1.39011
1.39012
1.39011
1.39012
1.39011
1.39011
1.39011
1.39011
1.39011
1.39011
1.39011
1.39011
