1.19963
1.19938
1.19916
1.1988
1.19818
1.19729
1.19638
1.19583
1.19611
1.1975
1.20001
1.20332
1.20697
1.21052
1.21366
1.21627
1.21836
1.22002
1.22137
1.22254
1.22362
1.22467
1.22571
1.22674
1.22773
1.22863
1.22938
1.22993
1.23019
1.23008
1.2295
1.2283
1.22628
1.22324
1.219
1.21358
1.20738
1.20138
1.19696
1.19535
1.19685
1.20055
1.20487
1.20835
1.21011
1.20991
1.20798
1.20477
1.20079
1.19641
1.19187
1.1873
1.18294
1.17939
1.17747
1.17779
1.18024
1.18393
1.18767
1.19074
1.19327
1.19615
1.20029
1.20599
1.21257
1.21886
1.2237
1.22633
1.22647
1.2242
1.21996
1.21445
1.20854
1.20314
1.19901
1.19666
1.19637
1.19812
1.20159
1.20618
1.21125
1.21628
1.22095
1.22512
1.22874
1.23179
1.23426
1.23617
1.23752
1.23835
1.2387
1.23862
1.23813
1.23729
1.2361
1.23459
1.23277
1.23065
1.22826
1.22567
