0.451998   0.447243   0.183453
-0.26282   0.496593   0.107085
-0.311985   -0.423829   0.306909
-0.288594   0.337004   0.257253
-0.148973   0.186169   -0.0787496
0.152259   0.409233   0.194015
-0.0832088   0.271731   0.234735
-0.129568   0.353781   0.0388387
0.295368   0.219979   0.124458
0.277135   -0.378187   0.0596167
0.26534   0.349661   -0.486899
0.314876   0.38583   0.321656
0.485238   -0.465322   -0.0461372
0.467834   -0.265371   -0.0929122
0.468663   -0.300125   0.316412
-0.484418   -0.351416   0.110418
-0.284702   -0.331258   -0.121539
0.0702592   0.17511   0.0222384
-0.236186   -0.187137   0.403599
-0.122703   0.478473   0.301321
0.0612527   -0.364485   -0.0431428
0.297578   -0.233325   0.225566
-0.0520645   -0.291568   0.280904
0.130364   -0.337982   0.186911
0.470483   -0.156932   0.12137
-0.310248   0.0618124   0.0164347
-0.428828   0.189817   0.1414
-0.365098   -0.151608   0.00540764
0.0572118   -0.139392   0.191066
0.105849   0.144559   0.239616
-0.24758   0.137485   0.193226
0.119052   -0.0205905   0.0290712
0.189091   0.0464989   -0.169121
0.372492   0.00891486   -0.0142953
0.176607   -0.112123   0.351441
0.426518   0.0515687   0.21201
0.474263   0.234794   0.287481
-0.275982   0.4475   -0.366427
-0.495274   0.370034   -0.464457
-0.294169   0.274541   -0.18444
-0.324506   0.373535   0.448154
-0.159037   0.272733   0.444575
-0.136176   0.490965   0.488344
0.0781767   0.0671885   0.459956
0.0537043   0.299473   0.394337
-0.490287   0.48375   0.377104
0.0271364   0.4208   -0.422641
0.225068   -0.444323   -0.337546
-0.278651   -0.366079   -0.487906
-0.425935   -0.0913559   0.322159
0.401823   -0.29916   -0.304415
-0.156273   -0.386412   -0.272455
-0.278684   -0.279142   0.191273
-0.0483169   -0.0996327   0.363353
0.0975259   -0.103997   -0.422251
-0.0677837   -0.183913   -0.453896
0.157968   -0.473189   0.463688
-0.450573   -0.252276   -0.490349
0.20189   -0.252854   -0.361725
0.302715   -0.428712   0.282003
0.468915   0.0652941   0.417783
-0.307068   0.184209   -0.475889
0.380435   0.197758   -0.42859
-0.303139   -0.0163968   0.496896
-0.207133   -0.0788931   0.245799
-0.144954   0.0855599   0.350588
-0.110517   0.0348232   -0.44995
0.254399   0.0382456   -0.463296
0.310757   -0.280265   0.475622
0.396788   -0.117675   0.380803
0.271008   0.167494   0.370988
0.400431   -0.0930837   -0.416882
-0.460292   0.374298   -0.261365
-0.104114   0.351646   -0.239297
-0.311989   0.490649   -0.179032
-0.326212   0.325608   0.0243501
-0.241935   0.0714644   -0.267054
-0.076639   0.22078   -0.38008
-0.070288   -0.421191   0.114338
0.240775   -0.339167   -0.152815
0.15754   0.198158   -0.381277
0.369268   0.495851   -0.216208
0.0834048   0.369733   0.0158059
0.347943   0.370665   -0.0103428
-0.454039   -0.427447   -0.353425
-0.234842   -0.21134   -0.368218
-0.420658   -0.233633   -0.276548
-0.111824   -0.466329   -0.0959579
0.0268483   -0.316301   -0.294502
0.133954   -0.1683   -0.202048
-0.113525   -0.183   0.0583443
-0.0814599   -0.230937   -0.151986
0.0957319   -0.292496   0.46537
0.365194   -0.473435   -0.474578
0.335919   -0.126047   -0.176414
0.254196   -0.168117   0.0127438
-0.446187   -0.0816606   -0.159417
-0.483135   0.0646669   -0.325115
-0.480665   0.224854   -0.116979
-0.230756   -0.104963   -0.168118
-0.0686017   -0.0260457   -0.057575
0.0393908   0.0516148   -0.305441
-0.0639352   0.0564863   0.148217
0.053641   0.221745   -0.204811
0.373311   0.110137   -0.198099
0.297811   0.321978   -0.267521
0.0934246   0.440063   -0.172797
0.231117   0.236828   -0.0874707
