           1     1.27207     1.27207           0
           2     1.36274     1.31741   0.0453354
           3     1.43704     1.35729   0.0476992
           4     1.44621     1.37952   0.0403964
           5     1.56006     1.41563   0.0477806
           6     1.30507      1.3972   0.0431455
           7     1.36719     1.39291   0.0367157
           8     1.42987     1.39753   0.0321306
           9     1.39262     1.39699   0.0283418
          10      1.4672     1.40401   0.0263039
          11     1.42997     1.40637   0.0239096
          12     1.43008     1.40834   0.0219156
          13     1.49469     1.41499   0.0212254
          14     1.47475     1.41926   0.0201092
          15     1.58063     1.43001   0.0215917
          16     1.41144     1.42885   0.0202305
          17     1.40312     1.42734   0.0190635
          18     1.28393     1.41937     0.01966
          19     1.35649     1.41606   0.0188887
          20     1.29606     1.41006   0.0188972
          21      1.3421     1.40683   0.0182639
          22     1.46572      1.4095   0.0176185
          23     1.40543     1.40933    0.016836
          24     1.32283     1.40572   0.0165172
          25     1.29505     1.40129   0.0164497
          26     1.50665     1.40535   0.0163155
          27     1.50677      1.4091   0.0161427
          28     1.36227     1.40743   0.0156452
          29     1.42883     1.40817   0.0151141
          30       1.386     1.40743   0.0146203
          31     1.46412     1.40926   0.0142585
          32     1.41269     1.40937   0.0138062
          33     1.34006     1.40726   0.0135451
          34     1.33898     1.40526   0.0132933
          35     1.30048     1.40226   0.0132505
          36     1.31118     1.39973   0.0131234
          37     1.44137     1.40086   0.0128133
          38      1.4008     1.40086   0.0124715
          39     1.47896     1.40286   0.0123115
          40     1.45547     1.40417   0.0120716
          41     1.40482     1.40419   0.0117735
          42     1.22394      1.3999   0.0122651
          43     1.49968     1.40222   0.0121992
          44     1.41302     1.40246   0.0119213
          45     1.42487     1.40296    0.011664
          46     1.38831     1.40264   0.0114121
          47     1.39599      1.4025   0.0111675
          48     1.42324     1.40293   0.0109409
          49     1.34942     1.40184   0.0107708
          50     1.51727     1.40415   0.0108027
          51     1.24065     1.40094   0.0110635
          52     1.34949     1.39996   0.0108937
          53     1.42565     1.40044   0.0106971
          54     1.37244     1.39992     0.01051
          55     1.25977     1.39737   0.0106272
          56     1.49237     1.39907   0.0105727
          57     1.35103     1.39823   0.0104197
          58     1.29617     1.39647   0.0103885
          59     1.52419     1.39863   0.0104379
          60     1.43984     1.39932   0.0102854
          61     1.49222     1.40084   0.0102294
          62     1.34502     1.39994   0.0101032
          63     1.52041     1.40185   0.0101238
          64      1.4949     1.40331   0.0100699
          65     1.50254     1.40483   0.0100306
          66     1.42815     1.40519  0.00988379
          67     1.46398     1.40607  0.00977462
          68     1.57444     1.40854  0.00994303
          69     1.34045     1.40755  0.00984745
          70     1.43186      1.4079  0.00971196
          71     1.33847     1.40692  0.00962401
          72     1.41606     1.40705  0.00949025
          73     1.27638     1.40526  0.00952897
          74     1.54678     1.40717  0.00959189
          75     1.38247     1.40684  0.00946887
          76      1.3839     1.40654  0.00934832
          77     1.47194     1.40739  0.00926512
          78     1.47773     1.40829  0.00918992
          79     1.38734     1.40803  0.00907672
          80     1.33524     1.40712  0.00900862
          81       1.385     1.40684  0.00890089
          82     1.24187     1.40483  0.00901893
          83     1.32098     1.40382   0.0089667
          84     1.26488     1.40217   0.0090124
          85     1.37447     1.40184   0.0089117
          86     1.24304         1.4  0.00899894
          87     1.29956     1.39884  0.00896951
          88     1.62126     1.40137   0.0092202
          89     1.44065     1.40181  0.00912669
          90     1.36739     1.40143  0.00903281
          91     1.28175     1.40011  0.00902928
          92     1.21138     1.39806  0.00916319
          93     1.36058     1.39766  0.00907308
          94     1.27934      1.3964  0.00906386
          95     1.22952     1.39464  0.00913836
          96     1.31031     1.39376  0.00908524
          97     1.40419     1.39387  0.00899174
          98     1.52848     1.39525  0.00900489
          99     1.31572     1.39444  0.00894959
         100     1.33126     1.39381  0.00888214
