           1    -5.48934    -5.48934           0
           2    -5.46591    -5.47763   0.0117118
           3    -5.46452    -5.47326  0.00804953
           4    -5.45709    -5.46922  0.00698184
           5    -5.43847    -5.46307  0.00818828
           6    -5.47958    -5.46582  0.00723003
           7    -5.46638     -5.4659  0.00611101
           8    -5.45701    -5.46479  0.00540766
           9    -5.46181    -5.46446  0.00478058
          10    -5.44885     -5.4629  0.00455192
          11    -5.44857    -5.46159  0.00431839
          12    -5.45562     -5.4611  0.00397347
          13    -5.44173    -5.45961   0.0039469
          14    -5.45303    -5.45914  0.00368417
          15    -5.42845    -5.45709  0.00399373
          16    -5.46429    -5.45754  0.00376283
          17    -5.47184    -5.45838  0.00363332
          18     -5.4895    -5.46011  0.00383716
          19    -5.47672    -5.46099  0.00373337
          20    -5.47914    -5.46189  0.00365623
          21    -5.47664     -5.4626  0.00354793
          22    -5.45115    -5.46208   0.0034226
          23    -5.46893    -5.46237  0.00328397
          24    -5.48378    -5.46327  0.00326822
          25    -5.48823    -5.46426  0.00328997
          26    -5.44165    -5.46339  0.00327836
          27    -5.44958    -5.46288  0.00319583
          28    -5.46288    -5.46288  0.00307958
          29    -5.46932     -5.4631  0.00297976
          30    -5.46246    -5.46308   0.0028788
          31    -5.45728     -5.4629  0.00279067
          32    -5.46797    -5.46305  0.00270671
          33    -5.47665    -5.46347  0.00265556
          34    -5.47557    -5.46382  0.00260076
          35    -5.48689    -5.46448  0.00260996
          36    -5.47587     -5.4648  0.00255609
          37    -5.45343    -5.46449  0.00250495
          38    -5.46457    -5.46449  0.00243814
          39    -5.45363    -5.46421  0.00239108
          40    -5.45738    -5.46404   0.0023368
          41    -5.45627    -5.46385  0.00228697
          42    -5.49337    -5.46456  0.00233985
          43    -5.44657    -5.46414  0.00232275
          44    -5.46353    -5.46412  0.00226939
          45    -5.46204    -5.46408  0.00221887
          46    -5.46564    -5.46411  0.00217037
          47    -5.46537    -5.46414  0.00212386
          48    -5.45978    -5.46405  0.00208112
          49    -5.46764    -5.46412  0.00203952
          50    -5.43716    -5.46358  0.00206976
          51    -5.48459    -5.46399  0.00207017
          52    -5.47546    -5.46421   0.0020419
          53    -5.46196    -5.46417  0.00200346
          54    -5.46462    -5.46418  0.00196602
          55    -5.48259    -5.46451  0.00195878
          56    -5.44355    -5.46414  0.00195959
          57    -5.47847    -5.46439  0.00194125
          58    -5.48097    -5.46468  0.00192878
          59    -5.44057    -5.46427  0.00193936
          60    -5.46713    -5.46432  0.00190736
          61    -5.44129    -5.46394  0.00191344
          62    -5.47026    -5.46404  0.00188508
          63    -5.43328    -5.46355   0.0019181
          64    -5.44789    -5.46331  0.00190368
          65    -5.44521    -5.46303  0.00189473
          66    -5.45943    -5.46298   0.0018666
          67    -5.45094     -5.4628  0.00184729
          68    -5.43662    -5.46241  0.00186019
          69    -5.46544    -5.46245  0.00183356
          70     -5.4463    -5.46222  0.00182185
          71    -5.47164    -5.46236   0.0018009
          72    -5.47024    -5.46247  0.00177908
          73    -5.49353    -5.46289  0.00180541
          74    -5.43508    -5.46252  0.00182006
          75    -5.46999    -5.46262  0.00179839
          76     -5.4734    -5.46276  0.00178023
          77     -5.4434    -5.46251  0.00177485
          78    -5.44351    -5.46226   0.0017688
          79    -5.46457    -5.46229  0.00174651
          80      -5.478    -5.46249  0.00173569
          81      -5.464    -5.46251  0.00171422
          82    -5.49111    -5.46285  0.00172874
          83    -5.47534    -5.46301  0.00171439
          84    -5.48516    -5.46327  0.00171427
          85    -5.46428    -5.46328  0.00169403
          86    -5.48547    -5.46354  0.00169399
          87    -5.47778     -5.4637  0.00168239
          88    -5.42232    -5.46323  0.00172837
          89    -5.45834    -5.46318  0.00170973
          90    -5.46606    -5.46321  0.00169093
          91    -5.47566    -5.46335  0.00167784
          92    -5.50081    -5.46375  0.00170872
          93     -5.4778     -5.4639  0.00169698
          94    -5.48461    -5.46412  0.00169322
          95    -5.49458    -5.46445  0.00170569
          96    -5.48236    -5.46463  0.00169811
          97    -5.46453    -5.46463  0.00168052
          98    -5.43915    -5.46437  0.00168347
          99    -5.47579    -5.46449  0.00167037
         100    -5.47787    -5.46462  0.00165899
