           0           0           0
   0.0256496           0           0
   0.0512993           0           0
   0.0769489           0           0
    0.102599           0           0
    0.128248           0           0
    0.153898           0           0
    0.179547           0           0
    0.205197           0           0
    0.230847           0           0
    0.256496           0           0
    0.282146           0           0
    0.307796           0           0
    0.333445           0           0
    0.359095           0           0
    0.384745           0           0
    0.410394           0           0
    0.436044           0           0
    0.461694           0           0
    0.487343           0           0
    0.512993           0           0
    0.538642           0           0
    0.564292           0           0
    0.589942           0           0
    0.615591           0           0
    0.641241           0           0
    0.666891           0           0
     0.69254           0           0
     0.71819           0           0
     0.74384           0           0
    0.769489           0           0
    0.795139           0           0
    0.820788           0           0
    0.846438           0           0
    0.872088  0.00244547  0.00172045
    0.897737   0.0219417  0.00484003
    0.923387    0.244701   0.0158436
    0.949037    0.731699   0.0268936
    0.974686     1.60438   0.0377894
     1.00034     2.52413   0.0436073
     1.02599     3.10199   0.0509623
     1.05164     3.44021   0.0511324
     1.07728     3.39384    0.049356
     1.10293     3.18653   0.0448647
     1.12858     2.87001   0.0467331
     1.15423     2.62855   0.0435421
     1.17988     2.33969   0.0406921
     1.20553     2.11643   0.0339814
     1.23118     1.86795   0.0300771
     1.25683     1.66197    0.029669
     1.28248     1.44443   0.0276708
     1.30813     1.36748   0.0246728
     1.33378     1.24565    0.026065
     1.35943     1.15376    0.020943
     1.38508     1.08829   0.0213222
     1.41073     1.06502   0.0206824
     1.43638     1.00668   0.0234516
     1.46203    0.943799   0.0212208
     1.48768    0.909257   0.0190556
     1.51333    0.906907   0.0192279
     1.53898    0.895466   0.0190276
     1.56463    0.887362   0.0186507
     1.59028    0.909867   0.0149804
     1.61593    0.888655   0.0175241
     1.64158    0.961019   0.0180072
     1.66723    0.977358    0.016701
     1.69288    0.988337   0.0159559
     1.71853     1.04424   0.0179482
     1.74418     1.08904   0.0175125
     1.76983     1.12904   0.0176346
     1.79547     1.18772   0.0176795
     1.82112      1.2558   0.0208342
     1.84677     1.32025   0.0158254
     1.87242      1.3662    0.017356
     1.89807     1.40713   0.0196526
     1.92372     1.45257   0.0184403
     1.94937     1.49816   0.0181559
     1.97502     1.52808   0.0208817
     2.00067      1.5893   0.0171448
     2.02632     1.61129   0.0182985
     2.05197     1.60385   0.0195333
     2.07762     1.60001   0.0207056
     2.10327     1.62903   0.0172641
     2.12892      1.5986   0.0177853
     2.15457     1.54284   0.0164675
     2.18022     1.57048   0.0163134
     2.20587     1.49819   0.0162911
     2.23152     1.47384   0.0172321
     2.25717      1.4056   0.0166681
     2.28282     1.39635   0.0147168
     2.30847     1.36566   0.0151597
     2.33412      1.3172   0.0173664
     2.35977     1.29755   0.0137707
     2.38542     1.26761   0.0144073
     2.41107      1.2217    0.013722
     2.43672     1.20518   0.0134238
     2.46237     1.22363   0.0125396
     2.48802     1.16712    0.011613
     2.51366     1.19859   0.0119829
     2.53931     1.18227   0.0122682
