72.4
106.6
81.4
87
107.2
90.4
122.4
94
106.4
124
91.6
96.4
102.2
113
106.6
100.4
114.4
96.2
136.8
92.4
97
96.8
84.8
79.4
100.6
101.6
114
98.2
85.4
111.8
101.6
98.4
101.4
108
101.6
72.8
113.2
71.8
90.2
86
97.8
103.2
99.4
97.4
139.2
88.8
95.8
111.2
68.6
103.2
95.2
85.4
96.2
100.2
121.4
102
126.6
136.8
107.6
93.6
115.6
111.6
86.4
93.8
112.6
109.2
84.6
72.2
118.2
99.2
88.6
103.8
112
94.2
94.4
117
99.2
91.8
95.4
129.6
117.2
119.8
92.2
92.4
92.4
144.8
116.8
106.8
86
97
114.6
95
94
106.6
97
98
87.4
116.6
84.4
92.4
